gene_id,count
TCGTATGCCGTCTTCTGCTTGAAAA,4
CGTATGCCGTCTTCTGCTTGAAAAA,4
GTATGCCGTCTTCTGCTTGAAAAAA,4
TATGCCGTCTTCTGCTTGAAAAAAA,4
CACACACACACACACACACACACAC,4
TCTCTCTCTCTCTCTCTCTCTCTCT,4
GCACACGTCTGAACTCCAGTCACGA,3
CACACGTCTGAACTCCAGTCACGAT,3
ATGCCGTCTTCTGCTTGAAAAAAAA,3
CCAGTCACGATCAGATCTCGTATGC,3
ACACGTCTGAACTCCAGTCACGATC,3
CACGTCTGAACTCCAGTCACGATCA,3
AAAAGACTCACATCAACATCGTCGT,3
AAAGACTCACATCAACATCGTCGTA,3
AAGACTCACATCAACATCGTCGTAA,3
AGACTCACATCAACATCGTCGTAAT,3
GACTCACATCAACATCGTCGTAATC,3
ACTCACATCAACATCGTCGTAATCG,3
CTCACATCAACATCGTCGTAATCGG,3
ACGTCTGAACTCCAGTCACGATCAG,3
CGTCTGAACTCCAGTCACGATCAGA,3
CAGTCACGATCAGATCTCGTATGCC,3
AGTCACGATCAGATCTCGTATGCCG,3
GTCACGATCAGATCTCGTATGCCGT,3
TCACGATCAGATCTCGTATGCCGTC,3
CACGATCAGATCTCGTATGCCGTCT,3
ACGATCAGATCTCGTATGCCGTCTT,3
CGATCAGATCTCGTATGCCGTCTTC,3
GATCAGATCTCGTATGCCGTCTTCT,3
ATCAGATCTCGTATGCCGTCTTCTG,3
TCAGATCTCGTATGCCGTCTTCTGC,3
CAGATCTCGTATGCCGTCTTCTGCT,3
AGATCTCGTATGCCGTCTTCTGCTT,3
GTCTGAACTCCAGTCACGATCAGAT,3
TCTGAACTCCAGTCACGATCAGATC,3
CTGAACTCCAGTCACGATCAGATCT,3
TGAACTCCAGTCACGATCAGATCTC,3
GAACTCCAGTCACGATCAGATCTCG,3
AACTCCAGTCACGATCAGATCTCGT,3
ACTCCAGTCACGATCAGATCTCGTA,3
CTCCAGTCACGATCAGATCTCGTAT,3
TCCAGTCACGATCAGATCTCGTATG,3
TCACATCAACATCGTCGTAATCGGA,3
CACATCAACATCGTCGTAATCGGAC,3
ACATCAACATCGTCGTAATCGGACA,3
CATCAACATCGTCGTAATCGGACAC,3
ATCAACATCGTCGTAATCGGACACG,3
TCAACATCGTCGTAATCGGACACGT,3
CAACATCGTCGTAATCGGACACGTA,3
AACATCGTCGTAATCGGACACGTAG,3
ACATCGTCGTAATCGGACACGTAGA,3
CATCGTCGTAATCGGACACGTAGAT,3
ATCGTCGTAATCGGACACGTAGATT,3
TCGTCGTAATCGGACACGTAGATTC,3
CGTCGTAATCGGACACGTAGATTCC,3
GTCGTAATCGGACACGTAGATTCCG,3
TCGTAATCGGACACGTAGATTCCGG,3
CGTAATCGGACACGTAGATTCCGGC,3
GTAATCGGACACGTAGATTCCGGCA,3
TAATCGGACACGTAGATTCCGGCAA,3
AATCGGACACGTAGATTCCGGCAAG,3
ATCGGACACGTAGATTCCGGCAAGT,3
TCGGACACGTAGATTCCGGCAAGTC,3
CGGACACGTAGATTCCGGCAAGTCC,3
GAGCACACGTCTGAACTCCAGTCAC,3
ACACACACACACACACACACACACA,3
GGACACGTAGATTCCGGCAAGTCCA,3
GACACGTAGATTCCGGCAAGTCCAC,3
ACACGTAGATTCCGGCAAGTCCACC,3
CACGTAGATTCCGGCAAGTCCACCA,3
ACGTAGATTCCGGCAAGTCCACCAC,3
CGTAGATTCCGGCAAGTCCACCACA,3
GTAGATTCCGGCAAGTCCACCACAA,3
TAGATTCCGGCAAGTCCACCACAAC,3
GTGTGTGTGTGTGTGTGTGTGTGTG,3
TGTGTGTGTGTGTGTGTGTGTGTGT,3
TCCGTACTTATTACAGCCGTACTGC,3
CCGTACTTATTACAGCCGTACTGCT,3
CGTACTTATTACAGCCGTACTGCTC,3
GTACTTATTACAGCCGTACTGCTCC,3
TACTTATTACAGCCGTACTGCTCCT,3
ACTTATTACAGCCGTACTGCTCCTA,3
CTTATTACAGCCGTACTGCTCCTAT,3
TTATTACAGCCGTACTGCTCCTATT,3
TATTACAGCCGTACTGCTCCTATTA,3
ATTACAGCCGTACTGCTCCTATTAT,3
TTACAGCCGTACTGCTCCTATTATC,3
TACAGCCGTACTGCTCCTATTATCA,3
ACAGCCGTACTGCTCCTATTATCAC,3
CAGCCGTACTGCTCCTATTATCACT,3
AGCCGTACTGCTCCTATTATCACTA,3
GCCGTACTGCTCCTATTATCACTAC,3
CCGTACTGCTCCTATTATCACTACC,3
CGTACTGCTCCTATTATCACTACCA,3
GTACTGCTCCTATTATCACTACCAG,3
TACTGCTCCTATTATCACTACCAGT,3
ACTGCTCCTATTATCACTACCAGTG,3
CTGCTCCTATTATCACTACCAGTGC,3
TGCTCCTATTATCACTACCAGTGCT,3
GCTCCTATTATCACTACCAGTGCTA,3
CTCCTATTATCACTACCAGTGCTAG,3
TCCTATTATCACTACCAGTGCTAGC,3
CCTATTATCACTACCAGTGCTAGCC,3
CTATTATCACTACCAGTGCTAGCCG,3
TATTATCACTACCAGTGCTAGCCGC,3
ATTATCACTACCAGTGCTAGCCGCA,3
TTATCACTACCAGTGCTAGCCGCAG,3
TATCACTACCAGTGCTAGCCGCAGG,3
ATCACTACCAGTGCTAGCCGCAGGC,3
TCACTACCAGTGCTAGCCGCAGGCA,3
CACTACCAGTGCTAGCCGCAGGCAT,3
AGCACACGTCTGAACTCCAGTCACG,3
CTCTCTCTCTCTCTCTCTCTCTCTC,3
TCAAGCGTGCCTGTGTACATGATAT,2
CAAGCGTGCCTGTGTACATGATATC,2
AAGCGTGCCTGTGTACATGATATCA,2
AGCGTGCCTGTGTACATGATATCAG,2
GCGTGCCTGTGTACATGATATCAGT,2
CGTGCCTGTGTACATGATATCAGTT,2
GTGCCTGTGTACATGATATCAGTTC,2
TGCCTGTGTACATGATATCAGTTCC,2
GCCTGTGTACATGATATCAGTTCCT,2
CCTGTGTACATGATATCAGTTCCTT,2
CTGTGTACATGATATCAGTTCCTTT,2
TGTGTACATGATATCAGTTCCTTTG,2
GTGTACATGATATCAGTTCCTTTGC,2
TGTACATGATATCAGTTCCTTTGCG,2
GTACATGATATCAGTTCCTTTGCGT,2
TACATGATATCAGTTCCTTTGCGTC,2
ACATGATATCAGTTCCTTTGCGTCC,2
CATGATATCAGTTCCTTTGCGTCCA,2
ATGATATCAGTTCCTTTGCGTCCAG,2
TGATATCAGTTCCTTTGCGTCCAGA,2
GATATCAGTTCCTTTGCGTCCAGAC,2
ATATCAGTTCCTTTGCGTCCAGACT,2
TATCAGTTCCTTTGCGTCCAGACTG,2
ATCAGTTCCTTTGCGTCCAGACTGC,2
TCAGTTCCTTTGCGTCCAGACTGCA,2
CAGTTCCTTTGCGTCCAGACTGCAT,2
AGTTCCTTTGCGTCCAGACTGCATC,2
GTTCCTTTGCGTCCAGACTGCATCA,2
TTCCTTTGCGTCCAGACTGCATCAT,2
TCCTTTGCGTCCAGACTGCATCATC,2
CCTTTGCGTCCAGACTGCATCATCA,2
CTTTGCGTCCAGACTGCATCATCAT,2
TTTGCGTCCAGACTGCATCATCATA,2
TTGCGTCCAGACTGCATCATCATAC,2
TGCGTCCAGACTGCATCATCATACG,2
GCGTCCAGACTGCATCATCATACGA,2
CGTCCAGACTGCATCATCATACGAC,2
GTCCAGACTGCATCATCATACGACG,2
TCCAGACTGCATCATCATACGACGG,2
CCAGACTGCATCATCATACGACGGC,2
CAGACTGCATCATCATACGACGGCG,2
AGACTGCATCATCATACGACGGCGA,2
CCCTCTGCCCGAGTTTGTGCCAGCT,2
CCTCTGCCCGAGTTTGTGCCAGCTC,2
CTCTGCCCGAGTTTGTGCCAGCTCT,2
TCTGCCCGAGTTTGTGCCAGCTCTG,2
CTGCCCGAGTTTGTGCCAGCTCTGA,2
TGCCCGAGTTTGTGCCAGCTCTGAC,2
GCCCGAGTTTGTGCCAGCTCTGACT,2
CCCGAGTTTGTGCCAGCTCTGACTC,2
CCGAGTTTGTGCCAGCTCTGACTCC,2
CGAGTTTGTGCCAGCTCTGACTCCA,2
GAGTTTGTGCCAGCTCTGACTCCAG,2
AGTTTGTGCCAGCTCTGACTCCAGA,2
GTTTGTGCCAGCTCTGACTCCAGAT,2
TTTGTGCCAGCTCTGACTCCAGATG,2
TTGTGCCAGCTCTGACTCCAGATGC,2
TGTGCCAGCTCTGACTCCAGATGCA,2
GTGCCAGCTCTGACTCCAGATGCAG,2
TGCCAGCTCTGACTCCAGATGCAGA,2
GCCAGCTCTGACTCCAGATGCAGAA,2
CCAGCTCTGACTCCAGATGCAGAAG,2
CAGCTCTGACTCCAGATGCAGAAGG,2
AGCTCTGACTCCAGATGCAGAAGGA,2
GCTCTGACTCCAGATGCAGAAGGAC,2
CTCTGACTCCAGATGCAGAAGGACC,2
TCTGACTCCAGATGCAGAAGGACCC,2
CCGTGTCAAAAGGATAGGAAGTCAG,2
CGTGTCAAAAGGATAGGAAGTCAGG,2
GTGTCAAAAGGATAGGAAGTCAGGC,2
CTGACTCCAGATGCAGAAGGACCCC,2
TGACTCCAGATGCAGAAGGACCCCA,2
GACTCCAGATGCAGAAGGACCCCAT,2
ACTGCTGTGGCATAGCTGGTCCTTT,2
CTGCTGTGGCATAGCTGGTCCTTTG,2
TGCTGTGGCATAGCTGGTCCTTTGG,2
GCTGTGGCATAGCTGGTCCTTTGGA,2
CTGTGGCATAGCTGGTCCTTTGGAG,2
TGTGGCATAGCTGGTCCTTTGGAGC,2
GTGGCATAGCTGGTCCTTTGGAGCA,2
TGGCATAGCTGGTCCTTTGGAGCAG,2
GGCATAGCTGGTCCTTTGGAGCAGT,2
GCATAGCTGGTCCTTTGGAGCAGTT,2
CATAGCTGGTCCTTTGGAGCAGTTT,2
ATAGCTGGTCCTTTGGAGCAGTTTA,2
TAGCTGGTCCTTTGGAGCAGTTTAT,2
AGCTGGTCCTTTGGAGCAGTTTATC,2
GCTGGTCCTTTGGAGCAGTTTATCT,2
CTGGTCCTTTGGAGCAGTTTATCTC,2
TGGTCCTTTGGAGCAGTTTATCTCG,2
CTTGATCTTGATTTTCAGTACGAAT,2
TTGATCTTGATTTTCAGTACGAATA,2
TGATCTTGATTTTCAGTACGAATAC,2
ATACACTCCAAGCGGAGACAGATCA,2
TACACTCCAAGCGGAGACAGATCAA,2
ACACTCCAAGCGGAGACAGATCAAC,2
CACTCCAAGCGGAGACAGATCAACT,2
ACTCCAAGCGGAGACAGATCAACTT,2
CTCCAAGCGGAGACAGATCAACTTG,2
TCCAAGCGGAGACAGATCAACTTGA,2
CCAAGCGGAGACAGATCAACTTGAA,2
CAAGCGGAGACAGATCAACTTGAAG,2
AAGCGGAGACAGATCAACTTGAAGA,2
AGCGGAGACAGATCAACTTGAAGAT,2
GCGGAGACAGATCAACTTGAAGATG,2
CGGAGACAGATCAACTTGAAGATGA,2
GGAGACAGATCAACTTGAAGATGAG,2
GAGACAGATCAACTTGAAGATGAGA,2
AGACAGATCAACTTGAAGATGAGAA,2
GACAGATCAACTTGAAGATGAGAAG,2
ACAGATCAACTTGAAGATGAGAAGT,2
CAGATCAACTTGAAGATGAGAAGTC,2
AGATCAACTTGAAGATGAGAAGTCT,2
GATCAACTTGAAGATGAGAAGTCTG,2
ATCAACTTGAAGATGAGAAGTCTGC,2
TCAACTTGAAGATGAGAAGTCTGCG,2
CAACTTGAAGATGAGAAGTCTGCGT,2
AACTTGAAGATGAGAAGTCTGCGTT,2
ACTTGAAGATGAGAAGTCTGCGTTG,2
CTTGAAGATGAGAAGTCTGCGTTGC,2
TTGAAGATGAGAAGTCTGCGTTGCA,2
TGAAGATGAGAAGTCTGCGTTGCAG,2
GAAGATGAGAAGTCTGCGTTGCAGA,2
AAGATGAGAAGTCTGCGTTGCAGAC,2
AGATGAGAAGTCTGCGTTGCAGACT,2
GATGAGAAGTCTGCGTTGCAGACTG,2
ATGAGAAGTCTGCGTTGCAGACTGA,2
TGAGAAGTCTGCGTTGCAGACTGAG,2
GAGAAGTCTGCGTTGCAGACTGAGA,2
AGAAGTCTGCGTTGCAGACTGAGAT,2
GAAGTCTGCGTTGCAGACTGAGATT,2
AAGTCTGCGTTGCAGACTGAGATTG,2
AGTCTGCGTTGCAGACTGAGATTGC,2
GTCTGCGTTGCAGACTGAGATTGCC,2
TCTGCGTTGCAGACTGAGATTGCCA,2
CTGCGTTGCAGACTGAGATTGCCAA,2
TGCGTTGCAGACTGAGATTGCCAAT,2
GCGTTGCAGACTGAGATTGCCAATC,2
CGTTGCAGACTGAGATTGCCAATCT,2
GTTGCAGACTGAGATTGCCAATCTG,2
TTGCAGACTGAGATTGCCAATCTGC,2
TGCAGACTGAGATTGCCAATCTGCT,2
GCAGACTGAGATTGCCAATCTGCTG,2
CAGACTGAGATTGCCAATCTGCTGA,2
AGACTGAGATTGCCAATCTGCTGAA,2
GACTGAGATTGCCAATCTGCTGAAA,2
ACTGAGATTGCCAATCTGCTGAAAG,2
CTGAGATTGCCAATCTGCTGAAAGA,2
TGAGATTGCCAATCTGCTGAAAGAG,2
GAGATTGCCAATCTGCTGAAAGAGA,2
AGATTGCCAATCTGCTGAAAGAGAA,2
GATTGCCAATCTGCTGAAAGAGAAG,2
ATTGCCAATCTGCTGAAAGAGAAGG,2
TTGCCAATCTGCTGAAAGAGAAGGA,2
TGCCAATCTGCTGAAAGAGAAGGAA,2
GCCAATCTGCTGAAAGAGAAGGAAA,2
CCAATCTGCTGAAAGAGAAGGAAAA,2
CAATCTGCTGAAAGAGAAGGAAAAA,2
AATCTGCTGAAAGAGAAGGAAAAAC,2
ATCTGCTGAAAGAGAAGGAAAAACT,2
TCTGCTGAAAGAGAAGGAAAAACTG,2
CTGCTGAAAGAGAAGGAAAAACTGG,2
TGCTGAAAGAGAAGGAAAAACTGGA,2
GCTGAAAGAGAAGGAAAAACTGGAG,2
CTGAAAGAGAAGGAAAAACTGGAGT,2
TGAAAGAGAAGGAAAAACTGGAGTT,2
GAAAGAGAAGGAAAAACTGGAGTTT,2
AAAGAGAAGGAAAAACTGGAGTTTA,2
AAGAGAAGGAAAAACTGGAGTTTAT,2
GATCTTGATTTTCAGTACGAATACA,2
ATCTTGATTTTCAGTACGAATACAG,2
TCTTGATTTTCAGTACGAATACAGA,2
CTTGATTTTCAGTACGAATACAGAC,2
TTGATTTTCAGTACGAATACAGACC,2
TGATTTTCAGTACGAATACAGACCG,2
GTCAGAGTAGGTGGTGAAAGTCTGT,2
TCAGAGTAGGTGGTGAAAGTCTGTG,2
CAGAGTAGGTGGTGAAAGTCTGTGT,2
AGAGTAGGTGGTGAAAGTCTGTGTC,2
GAGTAGGTGGTGAAAGTCTGTGTCT,2
AGTAGGTGGTGAAAGTCTGTGTCTG,2
GTAGGTGGTGAAAGTCTGTGTCTGC,2
TAGGTGGTGAAAGTCTGTGTCTGCT,2
AGGTGGTGAAAGTCTGTGTCTGCTT,2
GGTGGTGAAAGTCTGTGTCTGCTTG,2
GTGGTGAAAGTCTGTGTCTGCTTGG,2
TGGTGAAAGTCTGTGTCTGCTTGGT,2
GGTGAAAGTCTGTGTCTGCTTGGTG,2
GTGAAAGTCTGTGTCTGCTTGGTGG,2
TGAAAGTCTGTGTCTGCTTGGTGGG,2
GAAAGTCTGTGTCTGCTTGGTGGGG,2
AAAGTCTGTGTCTGCTTGGTGGGGA,2
AAGTCTGTGTCTGCTTGGTGGGGAT,2
AGTCTGTGTCTGCTTGGTGGGGATG,2
GTCTGTGTCTGCTTGGTGGGGATGG,2
TCTGTGTCTGCTTGGTGGGGATGGT,2
CTGTGTCTGCTTGGTGGGGATGGTG,2
GATTTTCAGTACGAATACAGACCGT,2
ATTTTCAGTACGAATACAGACCGTG,2
TTTTCAGTACGAATACAGACCGTGA,2
TTTCAGTACGAATACAGACCGTGAA,2
TTCAGTACGAATACAGACCGTGAAA,2
TCAGTACGAATACAGACCGTGAAAG,2
CAGTACGAATACAGACCGTGAAAGC,2
AGTACGAATACAGACCGTGAAAGCG,2
GTACGAATACAGACCGTGAAAGCGG,2
TACGAATACAGACCGTGAAAGCGGG,2
ACGAATACAGACCGTGAAAGCGGGG,2
CGAATACAGACCGTGAAAGCGGGGC,2
GAATACAGACCGTGAAAGCGGGGCC,2
AATACAGACCGTGAAAGCGGGGCCT,2
GGTCCTTTGGAGCAGTTTATCTCGG,2
GTCCTTTGGAGCAGTTTATCTCGGA,2
TCCTTTGGAGCAGTTTATCTCGGAC,2
CCTTTGGAGCAGTTTATCTCGGACA,2
CTTTGGAGCAGTTTATCTCGGACAC,2
TTTGGAGCAGTTTATCTCGGACACC,2
TTGGAGCAGTTTATCTCGGACACCT,2
TGGAGCAGTTTATCTCGGACACCTG,2
GGAGCAGTTTATCTCGGACACCTGC,2
GAGCAGTTTATCTCGGACACCTGCC,2
AGCAGTTTATCTCGGACACCTGCCC,2
GCAGTTTATCTCGGACACCTGCCCC,2
CAGTTTATCTCGGACACCTGCCCCA,2
AGTTTATCTCGGACACCTGCCCCAA,2
GTCCTTTTGGTGTGTGGATTAGCAT,2
TCCTTTTGGTGTGTGGATTAGCATT,2
CCTTTTGGTGTGTGGATTAGCATTA,2
CTTTTGGTGTGTGGATTAGCATTAT,2
TTTTGGTGTGTGGATTAGCATTATT,2
TTTGGTGTGTGGATTAGCATTATTT,2
TTGGTGTGTGGATTAGCATTATTTG,2
TGGTGTGTGGATTAGCATTATTTGT,2
GGTGTGTGGATTAGCATTATTTGTT,2
TGAAAACCACCGCTAATTCAAAGCA,2
GAAAACCACCGCTAATTCAAAGCAA,2
AAAACCACCGCTAATTCAAAGCAAA,2
AAACCACCGCTAATTCAAAGCAAAA,2
AACCACCGCTAATTCAAAGCAAAAA,2
ACCACCGCTAATTCAAAGCAAAAAT,2
CCACCGCTAATTCAAAGCAAAAATG,2
CACCGCTAATTCAAAGCAAAAATGG,2
ACCGCTAATTCAAAGCAAAAATGGG,2
CCGCTAATTCAAAGCAAAAATGGGA,2
CGCTAATTCAAAGCAAAAATGGGAA,2
GCTAATTCAAAGCAAAAATGGGAAA,2
CTAATTCAAAGCAAAAATGGGAAAG,2
TAATTCAAAGCAAAAATGGGAAAGG,2
AATTCAAAGCAAAAATGGGAAAGGA,2
ATTCAAAGCAAAAATGGGAAAGGAA,2
TTCAAAGCAAAAATGGGAAAGGAAA,2
TCAAAGCAAAAATGGGAAAGGAAAA,2
CAAAGCAAAAATGGGAAAGGAAAAG,2
AAAGCAAAAATGGGAAAGGAAAAGA,2
AAGCAAAAATGGGAAAGGAAAAGAC,2
AGCAAAAATGGGAAAGGAAAAGACT,2
CAGAACCAAAGCTGGCCTTTGTCAT,2
AGAACCAAAGCTGGCCTTTGTCATC,2
GAACCAAAGCTGGCCTTTGTCATCA,2
AACCAAAGCTGGCCTTTGTCATCAG,2
ACCAAAGCTGGCCTTTGTCATCAGA,2
CCAAAGCTGGCCTTTGTCATCAGAA,2
CAAAGCTGGCCTTTGTCATCAGAAT,2
AAAGCTGGCCTTTGTCATCAGAATT,2
AAGCTGGCCTTTGTCATCAGAATTC,2
AGCTGGCCTTTGTCATCAGAATTCG,2
GCTGGCCTTTGTCATCAGAATTCGA,2
CTGGCCTTTGTCATCAGAATTCGAG,2
TGGCCTTTGTCATCAGAATTCGAGG,2
GGCCTTTGTCATCAGAATTCGAGGT,2
GCCTTTGTCATCAGAATTCGAGGTA,2
CCTTTGTCATCAGAATTCGAGGTAT,2
CTTTGTCATCAGAATTCGAGGTATC,2
TTTGTCATCAGAATTCGAGGTATCA,2
TTGTCATCAGAATTCGAGGTATCAA,2
TGTCATCAGAATTCGAGGTATCAAT,2
GTCATCAGAATTCGAGGTATCAATG,2
TCATCAGAATTCGAGGTATCAATGG,2
CATCAGAATTCGAGGTATCAATGGA,2
ATCAGAATTCGAGGTATCAATGGAG,2
TCAGAATTCGAGGTATCAATGGAGT,2
CAGAATTCGAGGTATCAATGGAGTA,2
AGAATTCGAGGTATCAATGGAGTAA,2
GAATTCGAGGTATCAATGGAGTAAG,2
AATTCGAGGTATCAATGGAGTAAGC,2
ATTCGAGGTATCAATGGAGTAAGCC,2
TTCGAGGTATCAATGGAGTAAGCCC,2
TCGAGGTATCAATGGAGTAAGCCCA,2
CGAGGTATCAATGGAGTAAGCCCAA,2
GAGGTATCAATGGAGTAAGCCCAAA,2
AGGTATCAATGGAGTAAGCCCAAAG,2
GGTATCAATGGAGTAAGCCCAAAGG,2
GTATCAATGGAGTAAGCCCAAAGGT,2
TATCAATGGAGTAAGCCCAAAGGTT,2
ATCAATGGAGTAAGCCCAAAGGTTC,2
TCAATGGAGTAAGCCCAAAGGTTCG,2
CAATGGAGTAAGCCCAAAGGTTCGT,2
AATGGAGTAAGCCCAAAGGTTCGTA,2
ATGGAGTAAGCCCAAAGGTTCGTAA,2
TGGAGTAAGCCCAAAGGTTCGTAAG,2
GGAGTAAGCCCAAAGGTTCGTAAGG,2
GAGTAAGCCCAAAGGTTCGTAAGGT,2
AGTAAGCCCAAAGGTTCGTAAGGTT,2
GTAAGCCCAAAGGTTCGTAAGGTTC,2
TAAGCCCAAAGGTTCGTAAGGTTCT,2
AAGCCCAAAGGTTCGTAAGGTTCTG,2
AGCCCAAAGGTTCGTAAGGTTCTGC,2
GCCCAAAGGTTCGTAAGGTTCTGCA,2
CCCAAAGGTTCGTAAGGTTCTGCAG,2
CCAAAGGTTCGTAAGGTTCTGCAGC,2
CAAAGGTTCGTAAGGTTCTGCAGCT,2
AAAGGTTCGTAAGGTTCTGCAGCTC,2
AAGGTTCGTAAGGTTCTGCAGCTCC,2
AGGTTCGTAAGGTTCTGCAGCTCCT,2
GGTTCGTAAGGTTCTGCAGCTCCTT,2
GTTCGTAAGGTTCTGCAGCTCCTTC,2
TTCGTAAGGTTCTGCAGCTCCTTCG,2
TCGTAAGGTTCTGCAGCTCCTTCGT,2
CGTAAGGTTCTGCAGCTCCTTCGTC,2
GTAAGGTTCTGCAGCTCCTTCGTCT,2
TAAGGTTCTGCAGCTCCTTCGTCTT,2
GCAAAAATGGGAAAGGAAAAGACTC,2
CAAAAATGGGAAAGGAAAAGACTCA,2
AAAAATGGGAAAGGAAAAGACTCAC,2
AAAATGGGAAAGGAAAAGACTCACA,2
AAATGGGAAAGGAAAAGACTCACAT,2
AATGGGAAAGGAAAAGACTCACATC,2
ATGGGAAAGGAAAAGACTCACATCA,2
TGGGAAAGGAAAAGACTCACATCAA,2
GGGAAAGGAAAAGACTCACATCAAC,2
GGAAAGGAAAAGACTCACATCAACA,2
GAAAGGAAAAGACTCACATCAACAT,2
AAAGGAAAAGACTCACATCAACATC,2
AAGGAAAAGACTCACATCAACATCG,2
AGGAAAAGACTCACATCAACATCGT,2
GGAAAAGACTCACATCAACATCGTC,2
GAAAAGACTCACATCAACATCGTCG,2
CCCGAAGTCTCAACACCAGATGAAG,2
CCGAAGTCTCAACACCAGATGAAGG,2
CGAAGTCTCAACACCAGATGAAGGG,2
GAAGTCTCAACACCAGATGAAGGGT,2
AAGTCTCAACACCAGATGAAGGGTG,2
AGTCTCAACACCAGATGAAGGGTGG,2
GTCTCAACACCAGATGAAGGGTGGA,2
TCTCAACACCAGATGAAGGGTGGAC,2
CTCAACACCAGATGAAGGGTGGACT,2
TCAACACCAGATGAAGGGTGGACTC,2
CAACACCAGATGAAGGGTGGACTCC,2
AACACCAGATGAAGGGTGGACTCCT,2
ACACCAGATGAAGGGTGGACTCCTT,2
CACCAGATGAAGGGTGGACTCCTTT,2
ACCAGATGAAGGGTGGACTCCTTTT,2
CCAGATGAAGGGTGGACTCCTTTTG,2
CAGATGAAGGGTGGACTCCTTTTGA,2
AGATGAAGGGTGGACTCCTTTTGAA,2
GATGAAGGGTGGACTCCTTTTGAAT,2
ATGAAGGGTGGACTCCTTTTGAATG,2
TGAAGGGTGGACTCCTTTTGAATGT,2
GAAGGGTGGACTCCTTTTGAATGTT,2
AAGGGTGGACTCCTTTTGAATGTTG,2
AGATTCCGGCAAGTCCACCACAACC,2
GTGTGTGGATTAGCATTATTTGTTT,2
TGTGTGGATTAGCATTATTTGTTTG,2
GTGTGGATTAGCATTATTTGTTTGA,2
TGTGGATTAGCATTATTTGTTTGAT,2
GTGGATTAGCATTATTTGTTTGATA,2
TGGATTAGCATTATTTGTTTGATAA,2
GGATTAGCATTATTTGTTTGATAAT,2
GATTAGCATTATTTGTTTGATAATA,2
ATTAGCATTATTTGTTTGATAATAA,2
TTAGCATTATTTGTTTGATAATAAG,2
TAGCATTATTTGTTTGATAATAAGT,2
AGCATTATTTGTTTGATAATAAGTT,2
GCATTATTTGTTTGATAATAAGTTT,2
CATTATTTGTTTGATAATAAGTTTA,2
ATTATTTGTTTGATAATAAGTTTAA,2
TTATTTGTTTGATAATAAGTTTAAC,2
TATTTGTTTGATAATAAGTTTAACT,2
ATTTGTTTGATAATAAGTTTAACTA,2
TTTGTTTGATAATAAGTTTAACTAG,2
TTGTTTGATAATAAGTTTAACTAGT,2
TGTTTGATAATAAGTTTAACTAGTC,2
GTTTGATAATAAGTTTAACTAGTCA,2
TTTGATAATAAGTTTAACTAGTCAG,2
TTGATAATAAGTTTAACTAGTCAGT,2
TGATAATAAGTTTAACTAGTCAGTG,2
AGATCGGAAGAGCACACGTCTGAAC,2
GATCGGAAGAGCACACGTCTGAACT,2
ATCGGAAGAGCACACGTCTGAACTC,2
TCGGAAGAGCACACGTCTGAACTCC,2
CGGAAGAGCACACGTCTGAACTCCA,2
GGAAGAGCACACGTCTGAACTCCAG,2
GAAGAGCACACGTCTGAACTCCAGT,2
AAGAGCACACGTCTGAACTCCAGTC,2
AGAGCACACGTCTGAACTCCAGTCA,2
TGCCGTCTTCTGCTTGAAAAAAAAA,2
CATTTACAGTGGCATTCCTTGTTCG,2
ATTTACAGTGGCATTCCTTGTTCGG,2
TTTACAGTGGCATTCCTTGTTCGGC,2
TTACAGTGGCATTCCTTGTTCGGCT,2
TACAGTGGCATTCCTTGTTCGGCTA,2
ACAGTGGCATTCCTTGTTCGGCTAT,2
CAGTGGCATTCCTTGTTCGGCTATG,2
AGTGGCATTCCTTGTTCGGCTATGT,2
GTGGCATTCCTTGTTCGGCTATGTG,2
TGGCATTCCTTGTTCGGCTATGTGT,2
GGCATTCCTTGTTCGGCTATGTGTC,2
GCATTCCTTGTTCGGCTATGTGTCT,2
CATTCCTTGTTCGGCTATGTGTCTG,2
ATTCCTTGTTCGGCTATGTGTCTGG,2
TTCCTTGTTCGGCTATGTGTCTGGG,2
TCCTTGTTCGGCTATGTGTCTGGGG,2
CCTTGTTCGGCTATGTGTCTGGGGC,2
CTTGTTCGGCTATGTGTCTGGGGCA,2
TTGTTCGGCTATGTGTCTGGGGCAG,2
TGTTCGGCTATGTGTCTGGGGCAGA,2
GTTCGGCTATGTGTCTGGGGCAGAA,2
TTCGGCTATGTGTCTGGGGCAGAAC,2
TCGGCTATGTGTCTGGGGCAGAACA,2
CGGCTATGTGTCTGGGGCAGAACAA,2
GGCTATGTGTCTGGGGCAGAACAAA,2
GCTATGTGTCTGGGGCAGAACAAAA,2
CTATGTGTCTGGGGCAGAACAAAAA,2
TATGTGTCTGGGGCAGAACAAAAAA,2
ATGTGTCTGGGGCAGAACAAAAAAA,2
TGTGTCTGGGGCAGAACAAAAAAAA,2
GTGTCTGGGGCAGAACAAAAAAAAG,2
TGTCTGGGGCAGAACAAAAAAAAGG,2
GTCTGGGGCAGAACAAAAAAAAGGG,2
TCTGGGGCAGAACAAAAAAAAGGGA,2
GATCTCGTATGCCGTCTTCTGCTTG,2
ATCTCGTATGCCGTCTTCTGCTTGA,2
TCTCGTATGCCGTCTTCTGCTTGAA,2
CTCGTATGCCGTCTTCTGCTTGAAA,2
GATAATAAGTTTAACTAGTCAGTGT,2
ATAATAAGTTTAACTAGTCAGTGTT,2
TAATAAGTTTAACTAGTCAGTGTTG,2
AATAAGTTTAACTAGTCAGTGTTGG,2
ATAAGTTTAACTAGTCAGTGTTGGA,2
TAAGTTTAACTAGTCAGTGTTGGAA,2
AAGTTTAACTAGTCAGTGTTGGAAA,2
AGTTTAACTAGTCAGTGTTGGAAAG,2
GTTTAACTAGTCAGTGTTGGAAAGA,2
TTTAACTAGTCAGTGTTGGAAAGAA,2
TTAACTAGTCAGTGTTGGAAAGAAT,2
TAACTAGTCAGTGTTGGAAAGAATG,2
AACTAGTCAGTGTTGGAAAGAATGG,2
ACTAGTCAGTGTTGGAAAGAATGGA,2
CTAGTCAGTGTTGGAAAGAATGGAG,2
TAGTCAGTGTTGGAAAGAATGGAGA,2
AGTCAGTGTTGGAAAGAATGGAGAC,2
GTCAGTGTTGGAAAGAATGGAGACG,2
TCAGTGTTGGAAAGAATGGAGACGG,2
CAGTGTTGGAAAGAATGGAGACGGT,2
AGTGTTGGAAAGAATGGAGACGGTT,2
GTGTTGGAAAGAATGGAGACGGTTG,2
TGTTGGAAAGAATGGAGACGGTTGT,2
GTTGGAAAGAATGGAGACGGTTGTT,2
CTGACGTGCAAATCGGTCGTCCGAC,2
TGACGTGCAAATCGGTCGTCCGACC,2
GACGTGCAAATCGGTCGTCCGACCT,2
ACGTGCAAATCGGTCGTCCGACCTG,2
CGTGCAAATCGGTCGTCCGACCTGG,2
GTGCAAATCGGTCGTCCGACCTGGG,2
TGCAAATCGGTCGTCCGACCTGGGT,2
GCAAATCGGTCGTCCGACCTGGGTA,2
CAAATCGGTCGTCCGACCTGGGTAT,2
AAATCGGTCGTCCGACCTGGGTATA,2
AATCGGTCGTCCGACCTGGGTATAG,2
ATCGGTCGTCCGACCTGGGTATAGG,2
TCGGTCGTCCGACCTGGGTATAGGG,2
CGGTCGTCCGACCTGGGTATAGGGG,2
GGTCGTCCGACCTGGGTATAGGGGC,2
GTCGTCCGACCTGGGTATAGGGGCG,2
TCGTCCGACCTGGGTATAGGGGCGA,2
CGTCCGACCTGGGTATAGGGGCGAA,2
GTCCGACCTGGGTATAGGGGCGAAA,2
TCCGACCTGGGTATAGGGGCGAAAG,2
CCGACCTGGGTATAGGGGCGAAAGA,2
CGACCTGGGTATAGGGGCGAAAGAC,2
GACCTGGGTATAGGGGCGAAAGACT,2
ACCTGGGTATAGGGGCGAAAGACTA,2
CCTGGGTATAGGGGCGAAAGACTAA,2
CTGGGTATAGGGGCGAAAGACTAAT,2
TGGGTATAGGGGCGAAAGACTAATC,2
GGGTATAGGGGCGAAAGACTAATCG,2
GGTATAGGGGCGAAAGACTAATCGA,2
GTATAGGGGCGAAAGACTAATCGAA,2
TATAGGGGCGAAAGACTAATCGAAC,2
ATAGGGGCGAAAGACTAATCGAACC,2
TAGGGGCGAAAGACTAATCGAACCA,2
AGGGGCGAAAGACTAATCGAACCAT,2
GGGGCGAAAGACTAATCGAACCATC,2
GGGCGAAAGACTAATCGAACCATCT,2
GGCGAAAGACTAATCGAACCATCTA,2
GCGAAAGACTAATCGAACCATCTAG,2
CGAAAGACTAATCGAACCATCTAGT,2
GAAAGACTAATCGAACCATCTAGTA,2
AAAGACTAATCGAACCATCTAGTAG,2
AAGACTAATCGAACCATCTAGTAGC,2
AGACTAATCGAACCATCTAGTAGCT,2
GACTAATCGAACCATCTAGTAGCTG,2
ACTAATCGAACCATCTAGTAGCTGG,2
CTAATCGAACCATCTAGTAGCTGGT,2
TAATCGAACCATCTAGTAGCTGGTT,2
AATCGAACCATCTAGTAGCTGGTTC,2
TTGGAAAGAATGGAGACGGTTGTTG,2
TGGAAAGAATGGAGACGGTTGTTGA,2
ATCAAAGACTACATGAAATCACTCA,2
TCAAAGACTACATGAAATCACTCAA,2
GGAAAGAATGGAGACGGTTGTTGAT,2
GAAAGAATGGAGACGGTTGTTGATT,2
AAAGAATGGAGACGGTTGTTGATTA,2
AAGAATGGAGACGGTTGTTGATTAG,2
AGAATGGAGACGGTTGTTGATTAGG,2
GAATGGAGACGGTTGTTGATTAGGC,2
AATGGAGACGGTTGTTGATTAGGCG,2
ATGGAGACGGTTGTTGATTAGGCGT,2
GTTTATCTCGGACACCTGCCCCAAG,2
TTTATCTCGGACACCTGCCCCAAGA,2
TTATCTCGGACACCTGCCCCAAGAA,2
TATCTCGGACACCTGCCCCAAGAAA,2
ATCTCGGACACCTGCCCCAAGAAAC,2
TCTCGGACACCTGCCCCAAGAAACA,2
CTCGGACACCTGCCCCAAGAAACAG,2
TCGGACACCTGCCCCAAGAAACAGC,2
CGGACACCTGCCCCAAGAAACAGCT,2
GGACACCTGCCCCAAGAAACAGCTT,2
GACACCTGCCCCAAGAAACAGCTTT,2
ACACCTGCCCCAAGAAACAGCTTTT,2
CACCTGCCCCAAGAAACAGCTTTTG,2
ACCTGCCCCAAGAAACAGCTTTTGG,2
CTCAAAGCCATCCATATGGCGTTGG,2
TCAAAGCCATCCATATGGCGTTGGA,2
CAAAGCCATCCATATGGCGTTGGAC,2
AGGGTACCGAATAGTACGAGCATCA,2
GGGTACCGAATAGTACGAGCATCAT,2
GGTACCGAATAGTACGAGCATCATG,2
GTACCGAATAGTACGAGCATCATGG,2
TACCGAATAGTACGAGCATCATGGG,2
ACCGAATAGTACGAGCATCATGGGT,2
CCGAATAGTACGAGCATCATGGGTC,2
CGAATAGTACGAGCATCATGGGTCA,2
GAATAGTACGAGCATCATGGGTCAC,2
AATAGTACGAGCATCATGGGTCACC,2
ATAGTACGAGCATCATGGGTCACCA,2
TAGTACGAGCATCATGGGTCACCAG,2
AGTACGAGCATCATGGGTCACCAGG,2
GTACGAGCATCATGGGTCACCAGGT,2
TACGAGCATCATGGGTCACCAGGTG,2
ACGAGCATCATGGGTCACCAGGTGC,2
CGAGCATCATGGGTCACCAGGTGCG,2
GAGCATCATGGGTCACCAGGTGCGG,2
AGCATCATGGGTCACCAGGTGCGGG,2
GCATCATGGGTCACCAGGTGCGGGA,2
CATCATGGGTCACCAGGTGCGGGAT,2
ATCATGGGTCACCAGGTGCGGGATT,2
TCATGGGTCACCAGGTGCGGGATTC,2
CATGGGTCACCAGGTGCGGGATTCC,2
ATGGGTCACCAGGTGCGGGATTCCT,2
TGGGTCACCAGGTGCGGGATTCCTT,2
GGGTCACCAGGTGCGGGATTCCTTT,2
GGTCACCAGGTGCGGGATTCCTTTT,2
GTCACCAGGTGCGGGATTCCTTTTG,2
TCACCAGGTGCGGGATTCCTTTTGT,2
CACCAGGTGCGGGATTCCTTTTGTG,2
ACCAGGTGCGGGATTCCTTTTGTGC,2
CCAGGTGCGGGATTCCTTTTGTGCC,2
CAGGTGCGGGATTCCTTTTGTGCCT,2
AGGTGCGGGATTCCTTTTGTGCCTA,2
GGTGCGGGATTCCTTTTGTGCCTAC,2
GTGCGGGATTCCTTTTGTGCCTACA,2
TGCGGGATTCCTTTTGTGCCTACAA,2
GCGGGATTCCTTTTGTGCCTACAAA,2
CGGGATTCCTTTTGTGCCTACAAAG,2
GGGATTCCTTTTGTGCCTACAAAGA,2
GGATTCCTTTTGTGCCTACAAAGAT,2
GATTCCTTTTGTGCCTACAAAGATC,2
ATTCCTTTTGTGCCTACAAAGATCT,2
TTCCTTTTGTGCCTACAAAGATCTT,2
TCCTTTTGTGCCTACAAAGATCTTT,2
CCTTTTGTGCCTACAAAGATCTTTC,2
CTTTTGTGCCTACAAAGATCTTTCT,2
TTTTGTGCCTACAAAGATCTTTCTC,2
TTTGTGCCTACAAAGATCTTTCTCA,2
TTGTGCCTACAAAGATCTTTCTCAC,2
TGTGCCTACAAAGATCTTTCTCACT,2
GTGCCTACAAAGATCTTTCTCACTT,2
TGCCTACAAAGATCTTTCTCACTTT,2
GCCTACAAAGATCTTTCTCACTTTG,2
CCTACAAAGATCTTTCTCACTTTGC,2
CTACAAAGATCTTTCTCACTTTGCA,2
TACAAAGATCTTTCTCACTTTGCAC,2
ACAAAGATCTTTCTCACTTTGCACA,2
CAAAGATCTTTCTCACTTTGCACAA,2
AAAGATCTTTCTCACTTTGCACAAC,2
AAGATCTTTCTCACTTTGCACAACT,2
AGATCTTTCTCACTTTGCACAACTT,2
GATCTTTCTCACTTTGCACAACTTG,2
ATCTTTCTCACTTTGCACAACTTGT,2
TCTTTCTCACTTTGCACAACTTGTA,2
AAAGCCATCCATATGGCGTTGGACT,2
AAGCCATCCATATGGCGTTGGACTG,2
AGCCATCCATATGGCGTTGGACTGC,2
ACATGATCTAGGAGGCTGCTGACCT,2
CATGATCTAGGAGGCTGCTGACCTC,2
TCAAACTCCACTATTTGTCTGATCC,2
CAAACTCCACTATTTGTCTGATCCG,2
AAACTCCACTATTTGTCTGATCCGT,2
AACTCCACTATTTGTCTGATCCGTA,2
ACTCCACTATTTGTCTGATCCGTAC,2
CTCCACTATTTGTCTGATCCGTACT,2
TCCACTATTTGTCTGATCCGTACTT,2
CCACTATTTGTCTGATCCGTACTTA,2
CACTATTTGTCTGATCCGTACTTAT,2
ACTATTTGTCTGATCCGTACTTATT,2
CTATTTGTCTGATCCGTACTTATTA,2
TATTTGTCTGATCCGTACTTATTAC,2
ATTTGTCTGATCCGTACTTATTACA,2
TTTGTCTGATCCGTACTTATTACAG,2
TTGTCTGATCCGTACTTATTACAGC,2
TGTCTGATCCGTACTTATTACAGCC,2
GTCTGATCCGTACTTATTACAGCCG,2
TCTGATCCGTACTTATTACAGCCGT,2
CTGATCCGTACTTATTACAGCCGTA,2
TGATCCGTACTTATTACAGCCGTAC,2
GATCCGTACTTATTACAGCCGTACT,2
ATCCGTACTTATTACAGCCGTACTG,2
CAAAGACTACATGAAATCACTCAAA,2
AAAGACTACATGAAATCACTCAAAG,2
AAGACTACATGAAATCACTCAAAGG,2
ATCCATATGGCGTTGGACTGCTGTG,2
AAGAGATGCACCTGCCAATGGGAAC,2
AGAGATGCACCTGCCAATGGGAACG,2
TCCATATGGCGTTGGACTGCTGTGG,2
CCATATGGCGTTGGACTGCTGTGGC,2
CATATGGCGTTGGACTGCTGTGGCA,2
TGGGCATTTCACGTCCATAAAGTAG,2
GGGCATTTCACGTCCATAAAGTAGG,2
GGCATTTCACGTCCATAAAGTAGGA,2
ATATGGCGTTGGACTGCTGTGGCAT,2
TATGGCGTTGGACTGCTGTGGCATA,2
ATGGCGTTGGACTGCTGTGGCATAG,2
TGGCGTTGGACTGCTGTGGCATAGC,2
GGCGTTGGACTGCTGTGGCATAGCT,2
GCGTTGGACTGCTGTGGCATAGCTG,2
CGTTGGACTGCTGTGGCATAGCTGG,2
GTTGGACTGCTGTGGCATAGCTGGT,2
TTGGACTGCTGTGGCATAGCTGGTC,2
TGGACTGCTGTGGCATAGCTGGTCC,2
GGACTGCTGTGGCATAGCTGGTCCT,2
GGCAAGCAGCTGGAAGATGGCCGCA,2
GCAAGCAGCTGGAAGATGGCCGCAC,2
CAAGCAGCTGGAAGATGGCCGCACC,2
AAGCAGCTGGAAGATGGCCGCACCC,2
AGCAGCTGGAAGATGGCCGCACCCT,2
GACTGCTGTGGCATAGCTGGTCCTT,2
CTGGCGCTGGCCCTCTGCCCGAGTT,2
TGGCGCTGGCCCTCTGCCCGAGTTT,2
GGCGCTGGCCCTCTGCCCGAGTTTG,2
GCGCTGGCCCTCTGCCCGAGTTTGT,2
CGCTGGCCCTCTGCCCGAGTTTGTG,2
GCTGGCCCTCTGCCCGAGTTTGTGC,2
CTGGCCCTCTGCCCGAGTTTGTGCC,2
TGGCCCTCTGCCCGAGTTTGTGCCA,2
GGCCCTCTGCCCGAGTTTGTGCCAG,2
ACTACCAGTGCTAGCCGCAGGCATT,2
CTACCAGTGCTAGCCGCAGGCATTA,2
TACCAGTGCTAGCCGCAGGCATTAC,2
ACCAGTGCTAGCCGCAGGCATTACT,2
CCAGTGCTAGCCGCAGGCATTACTA,2
CAGTGCTAGCCGCAGGCATTACTAT,2
AGTGCTAGCCGCAGGCATTACTATA,2
GTGCTAGCCGCAGGCATTACTATAC,2
TGCTAGCCGCAGGCATTACTATACT,2
GCTAGCCGCAGGCATTACTATACTA,2
CTAGCCGCAGGCATTACTATACTAC,2
TAGCCGCAGGCATTACTATACTACT,2
AGCCGCAGGCATTACTATACTACTA,2
GCCGCAGGCATTACTATACTACTAA,2
CCGCAGGCATTACTATACTACTAAC,2
CGCAGGCATTACTATACTACTAACA,2
GCAGGCATTACTATACTACTAACAG,2
CAGGCATTACTATACTACTAACAGA,2
AGGCATTACTATACTACTAACAGAC,2
ATGATCTAGGAGGCTGCTGACCTCC,2
CCAGCTCTGCTCTGCAGCTCCCACC,2
CAGCTCTGCTCTGCAGCTCCCACCA,2
AGCTCTGCTCTGCAGCTCCCACCAG,2
GCTCTGCTCTGCAGCTCCCACCAGT,2
CTCTGCTCTGCAGCTCCCACCAGTG,2
TCTGCTCTGCAGCTCCCACCAGTGT,2
CTGCTCTGCAGCTCCCACCAGTGTC,2
TGCTCTGCAGCTCCCACCAGTGTCT,2
GCTCTGCAGCTCCCACCAGTGTCTA,2
CTCTGCAGCTCCCACCAGTGTCTAC,2
TCTGCAGCTCCCACCAGTGTCTACC,2
CTGCAGCTCCCACCAGTGTCTACCC,2
TGCAGCTCCCACCAGTGTCTACCCC,2
GCAGCTCCCACCAGTGTCTACCCCT,2
CAGCTCCCACCAGTGTCTACCCCTG,2
AGCTCCCACCAGTGTCTACCCCTGG,2
GCTCCCACCAGTGTCTACCCCTGGA,2
CTCCCACCAGTGTCTACCCCTGGAC,2
TCCCACCAGTGTCTACCCCTGGACC,2
CCCACCAGTGTCTACCCCTGGACCC,2
CCACCAGTGTCTACCCCTGGACCCC,2
CACCAGTGTCTACCCCTGGACCCCT,2
ACCAGTGTCTACCCCTGGACCCCTT,2
CCAGTGTCTACCCCTGGACCCCTTG,2
CAGTGTCTACCCCTGGACCCCTTGC,2
AGTGTCTACCCCTGGACCCCTTGCC,2
GTGTCTACCCCTGGACCCCTTGCCG,2
TGTCTACCCCTGGACCCCTTGCCGG,2
GTCTACCCCTGGACCCCTTGCCGGG,2
TCTACCCCTGGACCCCTTGCCGGGC,2
CTACCCCTGGACCCCTTGCCGGGCT,2
TACCCCTGGACCCCTTGCCGGGCTT,2
ACCCCTGGACCCCTTGCCGGGCTTT,2
CCCCTGGACCCCTTGCCGGGCTTTC,2
CCCTGGACCCCTTGCCGGGCTTTCC,2
CCTGGACCCCTTGCCGGGCTTTCCC,2
CTGGACCCCTTGCCGGGCTTTCCCC,2
TGGACCCCTTGCCGGGCTTTCCCCA,2
GGACCCCTTGCCGGGCTTTCCCCAA,2
TGATCTAGGAGGCTGCTGACCTCCA,2
GATCTAGGAGGCTGCTGACCTCCAA,2
ATCTAGGAGGCTGCTGACCTCCAAC,2
TCTAGGAGGCTGCTGACCTCCAACA,2
CTAGGAGGCTGCTGACCTCCAACAG,2
CTGACCAGCAGAGGCTGATCTTTGC,2
TAGGAGGCTGCTGACCTCCAACAGG,2
AGGAGGCTGCTGACCTCCAACAGGA,2
GGAGGCTGCTGACCTCCAACAGGAA,2
GAGGCTGCTGACCTCCAACAGGAAT,2
AGGCTGCTGACCTCCAACAGGAATT,2
GGCTGCTGACCTCCAACAGGAATTT,2
GCTGCTGACCTCCAACAGGAATTTC,2
GCCATCCATATGGCGTTGGACTGCT,2
CCATCCATATGGCGTTGGACTGCTG,2
CATCCATATGGCGTTGGACTGCTGT,2
CACAAAAGAGGCTTACAAAAAGTAC,2
ACAAAAGAGGCTTACAAAAAGTACA,2
CAAAAGAGGCTTACAAAAAGTACAT,2
AAAAGAGGCTTACAAAAAGTACATC,2
AAAGAGGCTTACAAAAAGTACATCA,2
AAGAGGCTTACAAAAAGTACATCAA,2
AGAGGCTTACAAAAAGTACATCAAA,2
GAGGCTTACAAAAAGTACATCAAAG,2
AGGCTTACAAAAAGTACATCAAAGA,2
GGCTTACAAAAAGTACATCAAAGAC,2
GCTTACAAAAAGTACATCAAAGACT,2
CTTACAAAAAGTACATCAAAGACTA,2
TTACAAAAAGTACATCAAAGACTAC,2
TACAAAAAGTACATCAAAGACTACA,2
ACAAAAAGTACATCAAAGACTACAT,2
CAAAAAGTACATCAAAGACTACATG,2
AAAAAGTACATCAAAGACTACATGA,2
AAAAGTACATCAAAGACTACATGAA,2
AAAGTACATCAAAGACTACATGAAA,2
AAGTACATCAAAGACTACATGAAAT,2
AGTACATCAAAGACTACATGAAATC,2
GTACATCAAAGACTACATGAAATCA,2
TACATCAAAGACTACATGAAATCAC,2
ACATCAAAGACTACATGAAATCACT,2
CATCAAAGACTACATGAAATCACTC,2
GCCCTCTGCCCGAGTTTGTGCCAGC,2
GTCAAGCGTGCCTGTGTACATGATA,2
GAAACTCTGGTGGAGGTCCGTAGCG,2
AAACTCTGGTGGAGGTCCGTAGCGG,2
AACTCTGGTGGAGGTCCGTAGCGGT,2
ACTCTGGTGGAGGTCCGTAGCGGTC,2
CTCTGGTGGAGGTCCGTAGCGGTCC,2
TCTGGTGGAGGTCCGTAGCGGTCCT,2
CTGGTGGAGGTCCGTAGCGGTCCTG,2
TGGTGGAGGTCCGTAGCGGTCCTGA,2
GGTGGAGGTCCGTAGCGGTCCTGAC,2
GTGGAGGTCCGTAGCGGTCCTGACG,2
TGGAGGTCCGTAGCGGTCCTGACGT,2
GGAGGTCCGTAGCGGTCCTGACGTG,2
GAGGTCCGTAGCGGTCCTGACGTGC,2
AGGTCCGTAGCGGTCCTGACGTGCA,2
CTTATCCATGAGCACATGGTGATCA,2
TTATCCATGAGCACATGGTGATCAC,2
TATCCATGAGCACATGGTGATCACC,2
ATCCATGAGCACATGGTGATCACCG,2
TCCATGAGCACATGGTGATCACCGA,2
CCATGAGCACATGGTGATCACCGAC,2
CATGAGCACATGGTGATCACCGACC,2
ATGAGCACATGGTGATCACCGACCG,2
TGAGCACATGGTGATCACCGACCGC,2
GAGCACATGGTGATCACCGACCGCA,2
AGCACATGGTGATCACCGACCGCAT,2
GCACATGGTGATCACCGACCGCATC,2
CACATGGTGATCACCGACCGCATCG,2
ACATGGTGATCACCGACCGCATCGA,2
CATGGTGATCACCGACCGCATCGAG,2
ATGGTGATCACCGACCGCATCGAGA,2
TGGTGATCACCGACCGCATCGAGAA,2
GGTGATCACCGACCGCATCGAGAAC,2
GTGATCACCGACCGCATCGAGAACG,2
TGATCACCGACCGCATCGAGAACGT,2
GATCACCGACCGCATCGAGAACGTG,2
ATCACCGACCGCATCGAGAACGTGG,2
TCACCGACCGCATCGAGAACGTGGA,2
CACCGACCGCATCGAGAACGTGGAC,2
ACCGACCGCATCGAGAACGTGGACA,2
CCGACCGCATCGAGAACGTGGACAA,2
CGACCGCATCGAGAACGTGGACAAC,2
GACCGCATCGAGAACGTGGACAACC,2
ACCGCATCGAGAACGTGGACAACCT,2
CCGCATCGAGAACGTGGACAACCTG,2
CGCATCGAGAACGTGGACAACCTGG,2
GCATCGAGAACGTGGACAACCTGGG,2
CATCGAGAACGTGGACAACCTGGGC,2
ATCGAGAACGTGGACAACCTGGGCT,2
TCGAGAACGTGGACAACCTGGGCTT,2
CGAGAACGTGGACAACCTGGGCTTC,2
GAGAACGTGGACAACCTGGGCTTCT,2
AGAACGTGGACAACCTGGGCTTCTT,2
GAACGTGGACAACCTGGGCTTCTTC,2
AACGTGGACAACCTGGGCTTCTTCA,2
ACGTGGACAACCTGGGCTTCTTCAT,2
CGTGGACAACCTGGGCTTCTTCATC,2
GTGGACAACCTGGGCTTCTTCATCT,2
TGGACAACCTGGGCTTCTTCATCTA,2
GGACAACCTGGGCTTCTTCATCTAC,2
GACAACCTGGGCTTCTTCATCTACC,2
ACAACCTGGGCTTCTTCATCTACCG,2
CAACCTGGGCTTCTTCATCTACCGA,2
AACCTGGGCTTCTTCATCTACCGAC,2
ACCTGGGCTTCTTCATCTACCGACT,2
AGACAATCTGCCGGTTGTCAGAGGA,2
GACAATCTGCCGGTTGTCAGAGGAG,2
ACAATCTGCCGGTTGTCAGAGGAGA,2
CAATCTGCCGGTTGTCAGAGGAGAA,2
AATCTGCCGGTTGTCAGAGGAGAAG,2
ATCTGCCGGTTGTCAGAGGAGAAGG,2
TCTGCCGGTTGTCAGAGGAGAAGGC,2
CTGCCGGTTGTCAGAGGAGAAGGCC,2
TGCCGGTTGTCAGAGGAGAAGGCCA,2
GCCGGTTGTCAGAGGAGAAGGCCAC,2
CCGGTTGTCAGAGGAGAAGGCCACG,2
CGGTTGTCAGAGGAGAAGGCCACGC,2
GGTTGTCAGAGGAGAAGGCCACGCT,2
GTTGTCAGAGGAGAAGGCCACGCTC,2
TTGTCAGAGGAGAAGGCCACGCTCA,2
TGTCAGAGGAGAAGGCCACGCTCAA,2
GTCAGAGGAGAAGGCCACGCTCAAC,2
TCAGAGGAGAAGGCCACGCTCAACA,2
CAGAGGAGAAGGCCACGCTCAACAC,2
AGAGGAGAAGGCCACGCTCAACACA,2
GAGGAGAAGGCCACGCTCAACACAT,2
AGGAGAAGGCCACGCTCAACACATC,2
GGAGAAGGCCACGCTCAACACATCC,2
GAGAAGGCCACGCTCAACACATCCT,2
AGAAGGCCACGCTCAACACATCCTT,2
GAAGGCCACGCTCAACACATCCTTG,2
AAGGCCACGCTCAACACATCCTTGG,2
AGGCCACGCTCAACACATCCTTGGT,2
GGCCACGCTCAACACATCCTTGGTG,2
GCCACGCTCAACACATCCTTGGTGT,2
CCACGCTCAACACATCCTTGGTGTG,2
CACGCTCAACACATCCTTGGTGTGG,2
ACGCTCAACACATCCTTGGTGTGGC,2
CGCTCAACACATCCTTGGTGTGGCC,2
GCTCAACACATCCTTGGTGTGGCCG,2
CTCAACACATCCTTGGTGTGGCCGA,2
TCAACACATCCTTGGTGTGGCCGAC,2
CAACACATCCTTGGTGTGGCCGACA,2
AACACATCCTTGGTGTGGCCGACAA,2
AAAAGAAATTTGTCCTTGAAGCTTG,2
AAAGAAATTTGTCCTTGAAGCTTGT,2
AAGAAATTTGTCCTTGAAGCTTGTA,2
AGAAATTTGTCCTTGAAGCTTGTAT,2
GAAATTTGTCCTTGAAGCTTGTATC,2
AAATTTGTCCTTGAAGCTTGTATCT,2
AATTTGTCCTTGAAGCTTGTATCTG,2
ATTTGTCCTTGAAGCTTGTATCTGA,2
TTTGTCCTTGAAGCTTGTATCTGAT,2
TTGTCCTTGAAGCTTGTATCTGATA,2
TGTCCTTGAAGCTTGTATCTGATAT,2
GTCCTTGAAGCTTGTATCTGATATC,2
TCCTTGAAGCTTGTATCTGATATCA,2
CCTTGAAGCTTGTATCTGATATCAG,2
CTTGAAGCTTGTATCTGATATCAGC,2
TTGAAGCTTGTATCTGATATCAGCA,2
TGAAGCTTGTATCTGATATCAGCAC,2
GAAGCTTGTATCTGATATCAGCACT,2
AAGCTTGTATCTGATATCAGCACTG,2
AGCTTGTATCTGATATCAGCACTGG,2
GCTTGTATCTGATATCAGCACTGGA,2
CTTGTATCTGATATCAGCACTGGAT,2
TTGTATCTGATATCAGCACTGGATC,2
TGTATCTGATATCAGCACTGGATCG,2
GTATCTGATATCAGCACTGGATCGT,2
TATCTGATATCAGCACTGGATCGTA,2
ATCTGATATCAGCACTGGATCGTAG,2
TCTGATATCAGCACTGGATCGTAGA,2
CTGATATCAGCACTGGATCGTAGAA,2
TGATATCAGCACTGGATCGTAGAAC,2
GATATCAGCACTGGATCGTAGAACT,2
ATATCAGCACTGGATCGTAGAACTT,2
TATCAGCACTGGATCGTAGAACTTG,2
ATCAGCACTGGATCGTAGAACTTGT,2
TCAGCACTGGATCGTAGAACTTGTT,2
CAGCACTGGATCGTAGAACTTGTTG,2
AGCACTGGATCGTAGAACTTGTTGC,2
GCACTGGATCGTAGAACTTGTTGCT,2
CACTGGATCGTAGAACTTGTTGCTG,2
ACTGGATCGTAGAACTTGTTGCTGA,2
CTGGATCGTAGAACTTGTTGCTGAT,2
TGGATCGTAGAACTTGTTGCTGATT,2
GGATCGTAGAACTTGTTGCTGATTT,2
GATCGTAGAACTTGTTGCTGATTTT,2
ATCGTAGAACTTGTTGCTGATTTTT,2
TCGTAGAACTTGTTGCTGATTTTTG,2
CGTAGAACTTGTTGCTGATTTTTGA,2
GTAGAACTTGTTGCTGATTTTTGAC,2
TAGAACTTGTTGCTGATTTTTGACC,2
AGAACTTGTTGCTGATTTTTGACCT,2
GAACTTGTTGCTGATTTTTGACCTT,2
AACTTGTTGCTGATTTTTGACCTTG,2
ACTTGTTGCTGATTTTTGACCTTGT,2
CTTGTTGCTGATTTTTGACCTTGTA,2
TTGTTGCTGATTTTTGACCTTGTAT,2
TGTTGCTGATTTTTGACCTTGTATT,2
GTTGCTGATTTTTGACCTTGTATTC,2
TTGCTGATTTTTGACCTTGTATTCA,2
TGCTGATTTTTGACCTTGTATTCAA,2
GCTGATTTTTGACCTTGTATTCAAG,2
CCCAGAGGGATGATGGAGTCTTTGT,2
CCAGAGGGATGATGGAGTCTTTGTT,2
CAGAGGGATGATGGAGTCTTTGTTC,2
AGAGGGATGATGGAGTCTTTGTTCA,2
GAGGGATGATGGAGTCTTTGTTCAG,2
AGGGATGATGGAGTCTTTGTTCAGG,2
GGGATGATGGAGTCTTTGTTCAGGA,2
GGATGATGGAGTCTTTGTTCAGGAG,2
GATGATGGAGTCTTTGTTCAGGAGG,2
ATGATGGAGTCTTTGTTCAGGAGGT,2
TGATGGAGTCTTTGTTCAGGAGGTG,2
GATGGAGTCTTTGTTCAGGAGGTGA,2
ATGGAGTCTTTGTTCAGGAGGTGAT,2
TGGAGTCTTTGTTCAGGAGGTGATG,2
GGAGTCTTTGTTCAGGAGGTGATGC,2
GAGTCTTTGTTCAGGAGGTGATGCA,2
AGTCTTTGTTCAGGAGGTGATGCAG,2
GTCTTTGTTCAGGAGGTGATGCAGA,2
TCTTTGTTCAGGAGGTGATGCAGAA,2
CTTTGTTCAGGAGGTGATGCAGAAC,2
TTTGTTCAGGAGGTGATGCAGAACT,2
TTGTTCAGGAGGTGATGCAGAACTC,2
TGTTCAGGAGGTGATGCAGAACTCC,2
GTTCAGGAGGTGATGCAGAACTCCC,2
TTCAGGAGGTGATGCAGAACTCCCC,2
TCAGGAGGTGATGCAGAACTCCCCT,2
CAGGAGGTGATGCAGAACTCCCCTG,2
AGGAGGTGATGCAGAACTCCCCTGC,2
GGAGGTGATGCAGAACTCCCCTGCG,2
GAGGTGATGCAGAACTCCCCTGCGG,2
AGGTGATGCAGAACTCCCCTGCGGC,2
GGTGATGCAGAACTCCCCTGCGGCC,2
GTGATGCAGAACTCCCCTGCGGCCC,2
TGATGCAGAACTCCCCTGCGGCCCG,2
GATGCAGAACTCCCCTGCGGCCCGC,2
ATGCAGAACTCCCCTGCGGCCCGCA,2
TGCAGAACTCCCCTGCGGCCCGCAC,2
GCAGAACTCCCCTGCGGCCCGCACT,2
CAGAACTCCCCTGCGGCCCGCACTG,2
AGAACTCCCCTGCGGCCCGCACTGG,2
GAACTCCCCTGCGGCCCGCACTGGG,2
AACTCCCCTGCGGCCCGCACTGGGG,2
ACTCCCCTGCGGCCCGCACTGGGGT,2
CTCCCCTGCGGCCCGCACTGGGGTG,2
TCCCCTGCGGCCCGCACTGGGGTGG,2
CCCCTGCGGCCCGCACTGGGGTGGT,2
CCCTGCGGCCCGCACTGGGGTGGTC,2
CCTGCGGCCCGCACTGGGGTGGTCA,2
CTGCGGCCCGCACTGGGGTGGTCAA,2
TGCGGCCCGCACTGGGGTGGTCAAG,2
GCGGCCCGCACTGGGGTGGTCAAGG,2
CGGCCCGCACTGGGGTGGTCAAGGA,2
GGCCCGCACTGGGGTGGTCAAGGAG,2
GCCCGCACTGGGGTGGTCAAGGAGG,2
CCCGCACTGGGGTGGTCAAGGAGGG,2
CCGCACTGGGGTGGTCAAGGAGGGG,2
CGCACTGGGGTGGTCAAGGAGGGGG,2
GCACTGGGGTGGTCAAGGAGGGGGA,2
CACTGGGGTGGTCAAGGAGGGGGAC,2
ACTGGGGTGGTCAAGGAGGGGGACC,2
CTGGGGTGGTCAAGGAGGGGGACCA,2
TGGGGTGGTCAAGGAGGGGGACCAG,2
GGGGTGGTCAAGGAGGGGGACCAGA,2
GCCCGTGGTGTACCCCCTCTCTAGT,2
CCCGTGGTGTACCCCCTCTCTAGTC,2
CCGTGGTGTACCCCCTCTCTAGTCC,2
CTTCCTCATGCAGATCTTCCTTTCC,2
TTCCTCATGCAGATCTTCCTTTCCA,2
ATCCAGACCGAGAAGGAGACNATGC,1
TCCAGACCGAGAAGGAGACNATGCA,1
CCAGACCGAGAAGGAGACNATGCAA,1
CAGACCGAGAAGGAGACNATGCAAG,1
AGACCGAGAAGGAGACNATGCAAGA,1
GACCGAGAAGGAGACNATGCAAGAC,1
ACCGAGAAGGAGACNATGCAAGACC,1
CCGAGAAGGAGACNATGCAAGACCT,1
CGAGAAGGAGACNATGCAAGACCTG,1
GAGAAGGAGACNATGCAAGACCTGA,1
AGAAGGAGACNATGCAAGACCTGAA,1
GAAGGAGACNATGCAAGACCTGAAC,1
AAGGAGACNATGCAAGACCTGAACG,1
AGGAGACNATGCAAGACCTGAACGA,1
GGAGACNATGCAAGACCTGAACGAT,1
GAGACNATGCAAGACCTGAACGATC,1
AGACNATGCAAGACCTGAACGATCG,1
GACNATGCAAGACCTGAACGATCGC,1
ACNATGCAAGACCTGAACGATCGCC,1
CNATGCAAGACCTGAACGATCGCCT,1
NATGCAAGACCTGAACGATCGCCTG,1
ATGCAAGACCTGAACGATCGCCTGG,1
TGCAAGACCTGAACGATCGCCTGGC,1
GCAAGACCTGAACGATCGCCTGGCC,1
CAAGACCTGAACGATCGCCTGGCCA,1
AAGACCTGAACGATCGCCTGGCCAG,1
AGACCTGAACGATCGCCTGGCCAGC,1
GACCTGAACGATCGCCTGGCCAGCT,1
ACCTGAACGATCGCCTGGCCAGCTA,1
CCTGAACGATCGCCTGGCCAGCTAC,1
CTGAACGATCGCCTGGCCAGCTACC,1
TGAACGATCGCCTGGCCAGCTACCT,1
GAACGATCGCCTGGCCAGCTACCTA,1
AACGATCGCCTGGCCAGCTACCTAG,1
ACGATCGCCTGGCCAGCTACCTAGA,1
CGATCGCCTGGCCAGCTACCTAGAC,1
GATCGCCTGGCCAGCTACCTAGACA,1
ATCGCCTGGCCAGCTACCTAGACAA,1
TCGCCTGGCCAGCTACCTAGACAAG,1
CGCCTGGCCAGCTACCTAGACAAGG,1
GCCTGGCCAGCTACCTAGACAAGGT,1
CCTGGCCAGCTACCTAGACAAGGTG,1
CTGGCCAGCTACCTAGACAAGGTGN,1
TGGCCAGCTACCTAGACAAGGTGNN,1
GGCCAGCTACCTAGACAAGGTGNNG,1
GCCAGCTACCTAGACAAGGTGNNGN,1
CCAGCTACCTAGACAAGGTGNNGNN,1
CAGCTACCTAGACAAGGTGNNGNNN,1
AGCTACCTAGACAAGGTGNNGNNNN,1
GCTACCTAGACAAGGTGNNGNNNNT,1
CTACCTAGACAAGGTGNNGNNNNTN,1
TACCTAGACAAGGTGNNGNNNNTNN,1
ACCTAGACAAGGTGNNGNNNNTNNA,1
CCTAGACAAGGTGNNGNNNNTNNAN,1
CTAGACAAGGTGNNGNNNNTNNANN,1
TAGACAAGGTGNNGNNNNTNNANNC,1
AGACAAGGTGNNGNNNNTNNANNCT,1
GACAAGGTGNNGNNNNTNNANNCTG,1
ACAAGGTGNNGNNNNTNNANNCTGA,1
CAAGGTGNNGNNNNTNNANNCTGAG,1
AAGGTGNNGNNNNTNNANNCTGAGA,1
AGGTGNNGNNNNTNNANNCTGAGAA,1
GGTGNNGNNNNTNNANNCTGAGAAC,1
GTGNNGNNNNTNNANNCTGAGAACA,1
TGNNGNNNNTNNANNCTGAGAACAG,1
GNNGNNNNTNNANNCTGAGAACAGG,1
NNGNNNNTNNANNCTGAGAACAGGA,1
NGNNNNTNNANNCTGAGAACAGGAG,1
GNNNNTNNANNCTGAGAACAGGAGA,1
NNNNTNNANNCTGAGAACAGGAGAC,1
NNNTNNANNCTGAGAACAGGAGACT,1
CGGCGGGCGGCTCCGGCGGGGTAGG,1
GGCGGGCGGCTCCGGCGGGGTAGGC,1
GCGGGCGGCTCCGGCGGGGTAGGCG,1
CGGGCGGCTCCGGCGGGGTAGGCGC,1
GGGCGGCTCCGGCGGGGTAGGCGCT,1
GGCGGCTCCGGCGGGGTAGGCGCTG,1
GCGGCTCCGGCGGGGTAGGCGCTGC,1
CGGCTCCGGCGGGGTAGGCGCTGCT,1
GGCTCCGGCGGGGTAGGCGCTGCTG,1
GCTCCGGCGGGGTAGGCGCTGCTGC,1
CTCCGGCGGGGTAGGCGCTGCTGCT,1
TCCGGCGGGGTAGGCGCTGCTGCTT,1
CCGGCGGGGTAGGCGCTGCTGCTTG,1
CGGCGGGGTAGGCGCTGCTGCTTGT,1
GGCGGGGTAGGCGCTGCTGCTTGTG,1
GCGGGGTAGGCGCTGCTGCTTGTGG,1
CGGGGTAGGCGCTGCTGCTTGTGGT,1
GGGGTAGGCGCTGCTGCTTGTGGTC,1
GGGTAGGCGCTGCTGCTTGTGGTCC,1
GGTAGGCGCTGCTGCTTGTGGTCCC,1
GTAGGCGCTGCTGCTTGTGGTCCCC,1
TAGGCGCTGCTGCTTGTGGTCCCCG,1
AGGCGCTGCTGCTTGTGGTCCCCGG,1
GGCGCTGCTGCTTGTGGTCCCCGGA,1
GCGCTGCTGCTTGTGGTCCCCGGAG,1
CGCTGCTGCTTGTGGTCCCCGGAGT,1
GCTGCTGCTTGTGGTCCCCGGAGTC,1
CTGCTGCTTGTGGTCCCCGGAGTCG,1
TGCTGCTTGTGGTCCCCGGAGTCGC,1
GCTGCTTGTGGTCCCCGGAGTCGCC,1
CTGCTTGTGGTCCCCGGAGTCGCCA,1
TGCTTGTGGTCCCCGGAGTCGCCAT,1
GCTTGTGGTCCCCGGAGTCGCCATG,1
CTTGTGGTCCCCGGAGTCGCCATGC,1
TTGTGGTCCCCGGAGTCGCCATGCC,1
TGTGGTCCCCGGAGTCGCCATGCCT,1
GTGGTCCCCGGAGTCGCCATGCCTA,1
TGGTCCCCGGAGTCGCCATGCCTAC,1
GGTCCCCGGAGTCGCCATGCCTACA,1
GTCCCCGGAGTCGCCATGCCTACAA,1
TCCCCGGAGTCGCCATGCCTACAAC,1
CCCCGGAGTCGCCATGCCTACAACA,1
CCCGGAGTCGCCATGCCTACAACAC,1
CCGGAGTCGCCATGCCTACAACACA,1
CGGAGTCGCCATGCCTACAACACAG,1
GGAGTCGCCATGCCTACAACACAGC,1
GAGTCGCCATGCCTACAACACAGCA,1
AGTCGCCATGCCTACAACACAGCAN,1
GTCGCCATGCCTACAACACAGCANN,1
TCGCCATGCCTACAACACAGCANNC,1
CGCCATGCCTACAACACAGCANNCN,1
GCCATGCCTACAACACAGCANNCNN,1
CCATGCCTACAACACAGCANNCNNN,1
CATGCCTACAACACAGCANNCNNNN,1
ATGCCTACAACACAGCANNCNNNNC,1
TGCCTACAACACAGCANNCNNNNCA,1
GCCTACAACACAGCANNCNNNNCAN,1
CCTACAACACAGCANNCNNNNCANG,1
CTACAACACAGCANNCNNNNCANGA,1
TACAACACAGCANNCNNNNCANGAT,1
ACAACACAGCANNCNNNNCANGATG,1
CAACACAGCANNCNNNNCANGATGA,1
AACACAGCANNCNNNNCANGATGAG,1
ACACAGCANNCNNNNCANGATGAGC,1
CACAGCANNCNNNNCANGATGAGCA,1
ACAGCANNCNNNNCANGATGAGCAG,1
CAGCANNCNNNNCANGATGAGCAGG,1
AGCANNCNNNNCANGATGAGCAGGA,1
GCANNCNNNNCANGATGAGCAGGAA,1
CANNCNNNNCANGATGAGCAGGAAA,1
ANNCNNNNCANGATGAGCAGGAAAA,1
NNCNNNNCANGATGAGCAGGAAAAA,1
NCNNNNCANGATGAGCAGGAAAAAC,1
CNNNNCANGATGAGCAGGAAAAACT,1
NNNNCANGATGAGCAGGAAAAACTT,1
NNNCANGATGAGCAGGAAAAACTTT,1
GCTTATTCAAATCATGATTGTGATA,1
CTTATTCAAATCATGATTGTGATAT,1
TTATTCAAATCATGATTGTGATATT,1
TATTCAAATCATGATTGTGATATTT,1
ATTCAAATCATGATTGTGATATTTG,1
TTCAAATCATGATTGTGATATTTGG,1
TCAAATCATGATTGTGATATTTGGA,1
CAAATCATGATTGTGATATTTGGAG,1
AAATCATGATTGTGATATTTGGAGA,1
AATCATGATTGTGATATTTGGAGAG,1
ATCATGATTGTGATATTTGGAGAGG,1
TCATGATTGTGATATTTGGAGAGGA,1
CATGATTGTGATATTTGGAGAGGAG,1
ATGATTGTGATATTTGGAGAGGAGC,1
TGATTGTGATATTTGGAGAGGAGCC,1
GATTGTGATATTTGGAGAGGAGCCT,1
ATTGTGATATTTGGAGAGGAGCCTC,1
TTGTGATATTTGGAGAGGAGCCTCC,1
TGTGATATTTGGAGAGGAGCCTCCA,1
GTGATATTTGGAGAGGAGCCTCCAG,1
TGATATTTGGAGAGGAGCCTCCAGT,1
GATATTTGGAGAGGAGCCTCCAGTG,1
ATATTTGGAGAGGAGCCTCCAGTGT,1
TATTTGGAGAGGAGCCTCCAGTGTT,1
ATTTGGAGAGGAGCCTCCAGTGTTC,1
TTTGGAGAGGAGCCTCCAGTGTTCT,1
TTGGAGAGGAGCCTCCAGTGTTCTC,1
TGGAGAGGAGCCTCCAGTGTTCTCC,1
GGAGAGGAGCCTCCAGTGTTCTCCC,1
GAGAGGAGCCTCCAGTGTTCTCCCG,1
AGAGGAGCCTCCAGTGTTCTCCCGG,1
GAGGAGCCTCCAGTGTTCTCCCGGC,1
AGGAGCCTCCAGTGTTCTCCCGGCC,1
GGAGCCTCCAGTGTTCTCCCGGCCT,1
GAGCCTCCAGTGTTCTCCCGGCCTA,1
AGCCTCCAGTGTTCTCCCGGCCTAC,1
GCCTCCAGTGTTCTCCCGGCCTACT,1
CCTCCAGTGTTCTCCCGGCCTACTG,1
CTCCAGTGTTCTCCCGGCCTACTGT,1
TCCAGTGTTCTCCCGGCCTACTGTT,1
CCAGTGTTCTCCCGGCCTACTGTTT,1
CAGTGTTCTCCCGGCCTACTGTTTC,1
AGTGTTCTCCCGGCCTACTGTTTCT,1
GTGTTCTCCCGGCCTACTGTTTCTG,1
TGTTCTCCCGGCCTACTGTTTCTGC,1
GTTCTCCCGGCCTACTGTTTCTGCA,1
TTCTCCCGGCCTACTGTTTCTGCAT,1
TCTCCCGGCCTACTGTTTCTGCATC,1
CTCCCGGCCTACTGTTTCTGCATCN,1
TCCCGGCCTACTGTTTCTGCATCNT,1
CCCGGCCTACTGTTTCTGCATCNTA,1
CCGGCCTACTGTTTCTGCATCNTAC,1
CGGCCTACTGTTTCTGCATCNTACN,1
GGCCTACTGTTTCTGCATCNTACNC,1
GCCTACTGTTTCTGCATCNTACNCA,1
CCTACTGTTTCTGCATCNTACNCAC,1
CTACTGTTTCTGCATCNTACNCACN,1
TACTGTTTCTGCATCNTACNCACNA,1
ACTGTTTCTGCATCNTACNCACNAT,1
CTGTTTCTGCATCNTACNCACNATA,1
TGTTTCTGCATCNTACNCACNATAC,1
GTTTCTGCATCNTACNCACNATACA,1
TTTCTGCATCNTACNCACNATACAC,1
TTCTGCATCNTACNCACNATACACA,1
TCTGCATCNTACNCACNATACACAG,1
CTGCATCNTACNCACNATACACAGC,1
TGCATCNTACNCACNATACACAGCA,1
GCATCNTACNCACNATACACAGCAA,1
CATCNTACNCACNATACACAGCAAC,1
ATCNTACNCACNATACACAGCAACA,1
TCNTACNCACNATACACAGCAACAG,1
CNTACNCACNATACACAGCAACAGG,1
NTACNCACNATACACAGCAACAGGG,1
TACNCACNATACACAGCAACAGGGC,1
ACNCACNATACACAGCAACAGGGCC,1
CNCACNATACACAGCAACAGGGCCA,1
CGCCGCCTTGCGCACCTCTAGTCGT,1
GCCGCCTTGCGCACCTCTAGTCGTA,1
CCGCCTTGCGCACCTCTAGTCGTAT,1
CGCCTTGCGCACCTCTAGTCGTATG,1
GCCTTGCGCACCTCTAGTCGTATGC,1
CCTTGCGCACCTCTAGTCGTATGCC,1
CTTGCGCACCTCTAGTCGTATGCCG,1
TTGCGCACCTCTAGTCGTATGCCGT,1
TGCGCACCTCTAGTCGTATGCCGTC,1
GCGCACCTCTAGTCGTATGCCGTCT,1
CGCACCTCTAGTCGTATGCCGTCTT,1
GCACCTCTAGTCGTATGCCGTCTTC,1
CACCTCTAGTCGTATGCCGTCTTCT,1
ACCTCTAGTCGTATGCCGTCTTCTG,1
CCTCTAGTCGTATGCCGTCTTCTGC,1
CTCTAGTCGTATGCCGTCTTCTGCT,1
TCTAGTCGTATGCCGTCTTCTGCTT,1
CTAGTCGTATGCCGTCTTCTGCTTG,1
TAGTCGTATGCCGTCTTCTGCTTGA,1
AGTCGTATGCCGTCTTCTGCTTGAA,1
GTCGTATGCCGTCTTCTGCTTGAAA,1
GCCGTCTTCTGCTTGAAAAAAAAAC,1
CCGTCTTCTGCTTGAAAAAAAAACA,1
CGTCTTCTGCTTGAAAAAAAAACAA,1
GTCTTCTGCTTGAAAAAAAAACAAA,1
TCTTCTGCTTGAAAAAAAAACAAAA,1
CTTCTGCTTGAAAAAAAAACAAAAA,1
TTCTGCTTGAAAAAAAAACAAAAAA,1
TCTGCTTGAAAAAAAAACAAAAAAC,1
CTGCTTGAAAAAAAAACAAAAAACC,1
TGCTTGAAAAAAAAACAAAAAACCT,1
GCTTGAAAAAAAAACAAAAAACCTA,1
CTTGAAAAAAAAACAAAAAACCTAA,1
TTGAAAAAAAAACAAAAAACCTAAT,1
TGAAAAAAAAACAAAAAACCTAATC,1
GAAAAAAAAACAAAAAACCTAATCA,1
AAAAAAAAACAAAAAACCTAATCAT,1
AAAAAAAACAAAAAACCTAATCATC,1
AAAAAAACAAAAAACCTAATCATCT,1
AAAAAACAAAAAACCTAATCATCTA,1
AAAAACAAAAAACCTAATCATCTAA,1
AAAACAAAAAACCTAATCATCTAAT,1
AAACAAAAAACCTAATCATCTAATN,1
AACAAAAAACCTAATCATCTAATNA,1
ACAAAAAACCTAATCATCTAATNAA,1
CAAAAAACCTAATCATCTAATNAAG,1
AAAAAACCTAATCATCTAATNAAGN,1
AAAAACCTAATCATCTAATNAAGNC,1
AAAACCTAATCATCTAATNAAGNCT,1
AAACCTAATCATCTAATNAAGNCTA,1
AACCTAATCATCTAATNAAGNCTAN,1
ACCTAATCATCTAATNAAGNCTANA,1
CCTAATCATCTAATNAAGNCTANAA,1
CTAATCATCTAATNAAGNCTANAAA,1
TAATCATCTAATNAAGNCTANAAAC,1
AATCATCTAATNAAGNCTANAAACC,1
ATCATCTAATNAAGNCTANAAACCA,1
TCATCTAATNAAGNCTANAAACCAC,1
CATCTAATNAAGNCTANAAACCACG,1
ATCTAATNAAGNCTANAAACCACGA,1
TCTAATNAAGNCTANAAACCACGAA,1
CTAATNAAGNCTANAAACCACGAAC,1
TAATNAAGNCTANAAACCACGAACC,1
AATNAAGNCTANAAACCACGAACCG,1
ATNAAGNCTANAAACCACGAACCGC,1
TNAAGNCTANAAACCACGAACCGCA,1
NAAGNCTANAAACCACGAACCGCAG,1
AAGNCTANAAACCACGAACCGCAGA,1
AGNCTANAAACCACGAACCGCAGAC,1
GNCTANAAACCACGAACCGCAGACA,1
CTCAGCTCTGGAACAGGGGTCCAGT,1
TCAGCTCTGGAACAGGGGTCCAGTC,1
CAGCTCTGGAACAGGGGTCCAGTCA,1
AGCTCTGGAACAGGGGTCCAGTCAT,1
GCTCTGGAACAGGGGTCCAGTCATC,1
CTCTGGAACAGGGGTCCAGTCATCA,1
TCTGGAACAGGGGTCCAGTCATCAA,1
CTGGAACAGGGGTCCAGTCATCAAT,1
TGGAACAGGGGTCCAGTCATCAATG,1
GGAACAGGGGTCCAGTCATCAATGT,1
GAACAGGGGTCCAGTCATCAATGTT,1
AACAGGGGTCCAGTCATCAATGTTT,1
ACAGGGGTCCAGTCATCAATGTTTG,1
CAGGGGTCCAGTCATCAATGTTTGG,1
AGGGGTCCAGTCATCAATGTTTGGA,1
GGGGTCCAGTCATCAATGTTTGGAT,1
GGGTCCAGTCATCAATGTTTGGATC,1
GGTCCAGTCATCAATGTTTGGATCA,1
GTCCAGTCATCAATGTTTGGATCAT,1
TCCAGTCATCAATGTTTGGATCATA,1
CCAGTCATCAATGTTTGGATCATAC,1
CAGTCATCAATGTTTGGATCATACA,1
AGTCATCAATGTTTGGATCATACAT,1
GTCATCAATGTTTGGATCATACATT,1
TCATCAATGTTTGGATCATACATTT,1
CATCAATGTTTGGATCATACATTTC,1
ATCAATGTTTGGATCATACATTTCT,1
TCAATGTTTGGATCATACATTTCTC,1
CAATGTTTGGATCATACATTTCTCC,1
AATGTTTGGATCATACATTTCTCCA,1
ATGTTTGGATCATACATTTCTCCAC,1
TGTTTGGATCATACATTTCTCCACA,1
GTTTGGATCATACATTTCTCCACAA,1
TTTGGATCATACATTTCTCCACAAC,1
TTGGATCATACATTTCTCCACAACT,1
TGGATCATACATTTCTCCACAACTC,1
GGATCATACATTTCTCCACAACTCA,1
GATCATACATTTCTCCACAACTCAG,1
ATCATACATTTCTCCACAACTCAGG,1
TCATACATTTCTCCACAACTCAGGT,1
CATACATTTCTCCACAACTCAGGTC,1
ATACATTTCTCCACAACTCAGGTCA,1
TACATTTCTCCACAACTCAGGTCAT,1
ACATTTCTCCACAACTCAGGTCATC,1
CATTTCTCCACAACTCAGGTCATCT,1
ATTTCTCCACAACTCAGGTCATCTG,1
TTTCTCCACAACTCAGGTCATCTGA,1
TTCTCCACAACTCAGGTCATCTGAG,1
TCTCCACAACTCAGGTCATCTGAGT,1
CTCCACAACTCAGGTCATCTGAGTG,1
TCCACAACTCAGGTCATCTGAGTGT,1
CCACAACTCAGGTCATCTGAGTGTC,1
CACAACTCAGGTCATCTGAGTGTCC,1
ACAACTCAGGTCATCTGAGTGTCCA,1
CAACTCAGGTCATCTGAGTGTCCAT,1
AACTCAGGTCATCTGAGTGTCCATT,1
ACTCAGGTCATCTGAGTGTCCATTT,1
CTCAGGTCATCTGAGTGTCCATTTG,1
TCAGGTCATCTGAGTGTCCATTTGA,1
CAGGTCATCTGAGTGTCCATTTGAT,1
AGGTCATCTGAGTGTCCATTTGATC,1
GGTCATCTGAGTGTCCATTTGATCC,1
GTCATCTGAGTGTCCATTTGATCCA,1
TCATCTGAGTGTCCATTTGATCCAC,1
CATCTGAGTGTCCATTTGATCCACC,1
ATCTGAGTGTCCATTTGATCCACCC,1
TCTGAGTGTCCATTTGATCCACCCA,1
CTGAGTGTCCATTTGATCCACCCAC,1
TGAGTGTCCATTTGATCCACCCACC,1
GAGTGTCCATTTGATCCACCCACCA,1
AGTGTCCATTTGATCCACCCACCAC,1
GTGTCCATTTGATCCACCCACCACA,1
TGTCCATTTGATCCACCCACCACAT,1
GTCCATTTGATCCACCCACCACATA,1
TCCATTTGATCCACCCACCACATAG,1
CCATTTGATCCACCCACCACATAGA,1
CCGGCGTTCGGTTCATCCCGCAGCG,1
CGGCGTTCGGTTCATCCCGCAGCGC,1
GGCGTTCGGTTCATCCCGCAGCGCC,1
GCGTTCGGTTCATCCCGCAGCGCCA,1
CGTTCGGTTCATCCCGCAGCGCCAG,1
GTTCGGTTCATCCCGCAGCGCCAGT,1
TTCGGTTCATCCCGCAGCGCCAGTT,1
TCGGTTCATCCCGCAGCGCCAGTTC,1
CGGTTCATCCCGCAGCGCCAGTTCT,1
GGTTCATCCCGCAGCGCCAGTTCTG,1
GTTCATCCCGCAGCGCCAGTTCTGC,1
TTCATCCCGCAGCGCCAGTTCTGCT,1
TCATCCCGCAGCGCCAGTTCTGCTT,1
CATCCCGCAGCGCCAGTTCTGCTTA,1
ATCCCGCAGCGCCAGTTCTGCTTAC,1
TCCCGCAGCGCCAGTTCTGCTTACC,1
CCCGCAGCGCCAGTTCTGCTTACCA,1
CCGCAGCGCCAGTTCTGCTTACCAA,1
CGCAGCGCCAGTTCTGCTTACCAAA,1
GCAGCGCCAGTTCTGCTTACCAAAA,1
CAGCGCCAGTTCTGCTTACCAAAAG,1
AGCGCCAGTTCTGCTTACCAAAAGT,1
GCGCCAGTTCTGCTTACCAAAAGTG,1
CGCCAGTTCTGCTTACCAAAAGTGG,1
GCCAGTTCTGCTTACCAAAAGTGGC,1
CCAGTTCTGCTTACCAAAAGTGGCC,1
CAGTTCTGCTTACCAAAAGTGGCCC,1
AGTTCTGCTTACCAAAAGTGGCCCA,1
GTTCTGCTTACCAAAAGTGGCCCAC,1
TTCTGCTTACCAAAAGTGGCCCACT,1
TCTGCTTACCAAAAGTGGCCCACTA,1
CTGCTTACCAAAAGTGGCCCACTAG,1
TGCTTACCAAAAGTGGCCCACTAGG,1
GCTTACCAAAAGTGGCCCACTAGGC,1
CTTACCAAAAGTGGCCCACTAGGCA,1
TTACCAAAAGTGGCCCACTAGGCAC,1
TACCAAAAGTGGCCCACTAGGCACT,1
ACCAAAAGTGGCCCACTAGGCACTC,1
CCAAAAGTGGCCCACTAGGCACTCG,1
CAAAAGTGGCCCACTAGGCACTCGC,1
AAAAGTGGCCCACTAGGCACTCGCA,1
AAAGTGGCCCACTAGGCACTCGCAT,1
AAGTGGCCCACTAGGCACTCGCATT,1
AGTGGCCCACTAGGCACTCGCATTC,1
GTGGCCCACTAGGCACTCGCATTCC,1
TGGCCCACTAGGCACTCGCATTCCA,1
GGCCCACTAGGCACTCGCATTCCAC,1
GCCCACTAGGCACTCGCATTCCACG,1
CCCACTAGGCACTCGCATTCCACGN,1
CCACTAGGCACTCGCATTCCACGNC,1
CACTAGGCACTCGCATTCCACGNCC,1
ACTAGGCACTCGCATTCCACGNCCG,1
CTAGGCACTCGCATTCCACGNCCGN,1
TAGGCACTCGCATTCCACGNCCGNC,1
AGGCACTCGCATTCCACGNCCGNCT,1
GGCACTCGCATTCCACGNCCGNCTC,1
GCACTCGCATTCCACGNCCGNCTCN,1
CACTCGCATTCCACGNCCGNCTCNA,1
ACTCGCATTCCACGNCCGNCTCNAC,1
CTCGCATTCCACGNCCGNCTCNACG,1
TCGCATTCCACGNCCGNCTCNACGC,1
CGCATTCCACGNCCGNCTCNACGCC,1
GCATTCCACGNCCGNCTCNACGCCA,1
CATTCCACGNCCGNCTCNACGCCAG,1
ATTCCACGNCCGNCTCNACGCCAGC,1
TTCCACGNCCGNCTCNACGCCAGCG,1
TCCACGNCCGNCTCNACGCCAGCGA,1
CCACGNCCGNCTCNACGCCAGCGAG,1
CACGNCCGNCTCNACGCCAGCGAGC,1
ACGNCCGNCTCNACGCCAGCGAGCC,1
CGNCCGNCTCNACGCCAGCGAGCCG,1
GNCCGNCTCNACGCCAGCGAGCCGG,1
NCCGNCTCNACGCCAGCGAGCCGGG,1
CCGNCTCNACGCCAGCGAGCCGGGC,1
CGNCTCNACGCCAGCGAGCCGGGCT,1
GNCTCNACGCCAGCGAGCCGGGCTT,1
CTTGTAAGAAACCTTCACCACAGAG,1
TTGTAAGAAACCTTCACCACAGAGG,1
TGTAAGAAACCTTCACCACAGAGGG,1
GTAAGAAACCTTCACCACAGAGGGG,1
TAAGAAACCTTCACCACAGAGGGGG,1
AAGAAACCTTCACCACAGAGGGGGC,1
AGAAACCTTCACCACAGAGGGGGCC,1
GAAACCTTCACCACAGAGGGGGCCC,1
AAACCTTCACCACAGAGGGGGCCCA,1
AACCTTCACCACAGAGGGGGCCCAC,1
ACCTTCACCACAGAGGGGGCCCACT,1
CCTTCACCACAGAGGGGGCCCACTT,1
CTTCACCACAGAGGGGGCCCACTTG,1
TTCACCACAGAGGGGGCCCACTTGT,1
TCACCACAGAGGGGGCCCACTTGTC,1
CACCACAGAGGGGGCCCACTTGTCA,1
ACCACAGAGGGGGCCCACTTGTCAA,1
CCACAGAGGGGGCCCACTTGTCAAA,1
CACAGAGGGGGCCCACTTGTCAAAT,1
ACAGAGGGGGCCCACTTGTCAAATT,1
CAGAGGGGGCCCACTTGTCAAATTC,1
AGAGGGGGCCCACTTGTCAAATTCA,1
GAGGGGGCCCACTTGTCAAATTCAT,1
AGGGGGCCCACTTGTCAAATTCATA,1
GGGGGCCCACTTGTCAAATTCATAC,1
GGGGCCCACTTGTCAAATTCATACG,1
GGGCCCACTTGTCAAATTCATACGC,1
GGCCCACTTGTCAAATTCATACGCC,1
GCCCACTTGTCAAATTCATACGCCC,1
CCCACTTGTCAAATTCATACGCCCA,1
CCACTTGTCAAATTCATACGCCCAG,1
CACTTGTCAAATTCATACGCCCAGC,1
ACTTGTCAAATTCATACGCCCAGCT,1
CTTGTCAAATTCATACGCCCAGCTT,1
TTGTCAAATTCATACGCCCAGCTTG,1
TGTCAAATTCATACGCCCAGCTTGA,1
GTCAAATTCATACGCCCAGCTTGAC,1
TCAAATTCATACGCCCAGCTTGACA,1
CAAATTCATACGCCCAGCTTGACAG,1
AAATTCATACGCCCAGCTTGACAGT,1
AATTCATACGCCCAGCTTGACAGTG,1
ATTCATACGCCCAGCTTGACAGTGT,1
TTCATACGCCCAGCTTGACAGTGTC,1
TCATACGCCCAGCTTGACAGTGTCG,1
CATACGCCCAGCTTGACAGTGTCGA,1
ATACGCCCAGCTTGACAGTGTCGAG,1
TACGCCCAGCTTGACAGTGTCGAGA,1
ACGCCCAGCTTGACAGTGTCGAGAN,1
CGCCCAGCTTGACAGTGTCGAGANN,1
GCCCAGCTTGACAGTGTCGAGANNG,1
CCCAGCTTGACAGTGTCGAGANNGN,1
CCAGCTTGACAGTGTCGAGANNGNN,1
CAGCTTGACAGTGTCGAGANNGNNN,1
AGCTTGACAGTGTCGAGANNGNNNN,1
GCTTGACAGTGTCGAGANNGNNNNG,1
CTTGACAGTGTCGAGANNGNNNNGN,1
TTGACAGTGTCGAGANNGNNNNGNN,1
TGACAGTGTCGAGANNGNNNNGNNG,1
GACAGTGTCGAGANNGNNNNGNNGA,1
ACAGTGTCGAGANNGNNNNGNNGAT,1
CAGTGTCGAGANNGNNNNGNNGATG,1
AGTGTCGAGANNGNNNNGNNGATGA,1
GTGTCGAGANNGNNNNGNNGATGAG,1
TGTCGAGANNGNNNNGNNGATGAGG,1
GTCGAGANNGNNNNGNNGATGAGGA,1
TCGAGANNGNNNNGNNGATGAGGAA,1
CGAGANNGNNNNGNNGATGAGGAAA,1
GAGANNGNNNNGNNGATGAGGAAAG,1
AGANNGNNNNGNNGATGAGGAAAGG,1
GANNGNNNNGNNGATGAGGAAAGGC,1
ANNGNNNNGNNGATGAGGAAAGGCC,1
NNGNNNNGNNGATGAGGAAAGGCCC,1
NGNNNNGNNGATGAGGAAAGGCCCG,1
GNNNNGNNGATGAGGAAAGGCCCGT,1
NNNNGNNGATGAGGAAAGGCCCGTT,1
NNNGNNGATGAGGAAAGGCCCGTTG,1
CGGAGAGCCCCACTTTCTACCAGAT,1
GGAGAGCCCCACTTTCTACCAGATG,1
GAGAGCCCCACTTTCTACCAGATGC,1
AGAGCCCCACTTTCTACCAGATGCA,1
GAGCCCCACTTTCTACCAGATGCAA,1
AGCCCCACTTTCTACCAGATGCAAT,1
GCCCCACTTTCTACCAGATGCAATG,1
CCCCACTTTCTACCAGATGCAATGT,1
CCCACTTTCTACCAGATGCAATGTT,1
CCACTTTCTACCAGATGCAATGTTT,1
CACTTTCTACCAGATGCAATGTTTG,1
ACTTTCTACCAGATGCAATGTTTGG,1
CTTTCTACCAGATGCAATGTTTGGG,1
TTTCTACCAGATGCAATGTTTGGGC,1
TTCTACCAGATGCAATGTTTGGGCA,1
TCTACCAGATGCAATGTTTGGGCAA,1
CTACCAGATGCAATGTTTGGGCAAC,1
TACCAGATGCAATGTTTGGGCAACC,1
ACCAGATGCAATGTTTGGGCAACCA,1
CCAGATGCAATGTTTGGGCAACCAG,1
CAGATGCAATGTTTGGGCAACCAGG,1
AGATGCAATGTTTGGGCAACCAGGA,1
GATGCAATGTTTGGGCAACCAGGAG,1
ATGCAATGTTTGGGCAACCAGGAGC,1
TGCAATGTTTGGGCAACCAGGAGCC,1
GCAATGTTTGGGCAACCAGGAGCCC,1
CAATGTTTGGGCAACCAGGAGCCCT,1
AATGTTTGGGCAACCAGGAGCCCTA,1
ATGTTTGGGCAACCAGGAGCCCTAG,1
TGTTTGGGCAACCAGGAGCCCTAGG,1
GTTTGGGCAACCAGGAGCCCTAGGT,1
TTTGGGCAACCAGGAGCCCTAGGTA,1
TTGGGCAACCAGGAGCCCTAGGTAG,1
TGGGCAACCAGGAGCCCTAGGTAGC,1
GGGCAACCAGGAGCCCTAGGTAGCA,1
GGCAACCAGGAGCCCTAGGTAGCAC,1
GCAACCAGGAGCCCTAGGTAGCACT,1
CAACCAGGAGCCCTAGGTAGCACTC,1
AACCAGGAGCCCTAGGTAGCACTCC,1
ACCAGGAGCCCTAGGTAGCACTCCA,1
CCAGGAGCCCTAGGTAGCACTCCAT,1
CAGGAGCCCTAGGTAGCACTCCATT,1
AGGAGCCCTAGGTAGCACTCCATTT,1
GGAGCCCTAGGTAGCACTCCATTTC,1
GAGCCCTAGGTAGCACTCCATTTCT,1
AGCCCTAGGTAGCACTCCATTTCTT,1
GCCCTAGGTAGCACTCCATTTCTTG,1
CCCTAGGTAGCACTCCATTTCTTGN,1
CCTAGGTAGCACTCCATTTCTTGNN,1
CTAGGTAGCACTCCATTTCTTGNNC,1
TAGGTAGCACTCCATTTCTTGNNCA,1
AGGTAGCACTCCATTTCTTGNNCAG,1
GGTAGCACTCCATTTCTTGNNCAGN,1
GTAGCACTCCATTTCTTGNNCAGNA,1
TAGCACTCCATTTCTTGNNCAGNAT,1
AGCACTCCATTTCTTGNNCAGNATG,1
GCACTCCATTTCTTGNNCAGNATGN,1
CACTCCATTTCTTGNNCAGNATGNT,1
ACTCCATTTCTTGNNCAGNATGNTT,1
CTCCATTTCTTGNNCAGNATGNTTT,1
TCCATTTCTTGNNCAGNATGNTTTT,1
CCATTTCTTGNNCAGNATGNTTTTA,1
CATTTCTTGNNCAGNATGNTTTTAA,1
ATTTCTTGNNCAGNATGNTTTTAAT,1
TTTCTTGNNCAGNATGNTTTTAATT,1
TTCTTGNNCAGNATGNTTTTAATTT,1
TCTTGNNCAGNATGNTTTTAATTTT,1
CTTGNNCAGNATGNTTTTAATTTTT,1
TTGNNCAGNATGNTTTTAATTTTTT,1
TGNNCAGNATGNTTTTAATTTTTTT,1
GNNCAGNATGNTTTTAATTTTTTTC,1
NNCAGNATGNTTTTAATTTTTTTCC,1
NCAGNATGNTTTTAATTTTTTTCCC,1
CAGNATGNTTTTAATTTTTTTCCCA,1
AGNATGNTTTTAATTTTTTTCCCAG,1
GNATGNTTTTAATTTTTTTCCCAGT,1
CTTACAAGAAACCAGCTTCACAAAA,1
TTACAAGAAACCAGCTTCACAAAAG,1
TACAAGAAACCAGCTTCACAAAAGA,1
ACAAGAAACCAGCTTCACAAAAGAG,1
CAAGAAACCAGCTTCACAAAAGAGG,1
AAGAAACCAGCTTCACAAAAGAGGC,1
AGAAACCAGCTTCACAAAAGAGGCT,1
GAAACCAGCTTCACAAAAGAGGCTT,1
AAACCAGCTTCACAAAAGAGGCTTA,1
AACCAGCTTCACAAAAGAGGCTTAC,1
ACCAGCTTCACAAAAGAGGCTTACA,1
CCAGCTTCACAAAAGAGGCTTACAA,1
CAGCTTCACAAAAGAGGCTTACAAA,1
AGCTTCACAAAAGAGGCTTACAAAA,1
GCTTCACAAAAGAGGCTTACAAAAA,1
CTTCACAAAAGAGGCTTACAAAAAG,1
TTCACAAAAGAGGCTTACAAAAAGT,1
TCACAAAAGAGGCTTACAAAAAGTA,1
AGACTACATGAAATCACTCAAAGGN,1
GACTACATGAAATCACTCAAAGGNA,1
ACTACATGAAATCACTCAAAGGNAA,1
CTACATGAAATCACTCAAAGGNAAA,1
TACATGAAATCACTCAAAGGNAAAN,1
ACATGAAATCACTCAAAGGNAAANT,1
CATGAAATCACTCAAAGGNAAANTT,1
ATGAAATCACTCAAAGGNAAANTTG,1
TGAAATCACTCAAAGGNAAANTTGN,1
GAAATCACTCAAAGGNAAANTTGNA,1
AAATCACTCAAAGGNAAANTTGNAG,1
AATCACTCAAAGGNAAANTTGNAGA,1
ATCACTCAAAGGNAAANTTGNAGAG,1
TCACTCAAAGGNAAANTTGNAGAGC,1
CACTCAAAGGNAAANTTGNAGAGCA,1
ACTCAAAGGNAAANTTGNAGAGCAG,1
CTCAAAGGNAAANTTGNAGAGCAGA,1
TCAAAGGNAAANTTGNAGAGCAGAA,1
CAAAGGNAAANTTGNAGAGCAGAAA,1
AAAGGNAAANTTGNAGAGCAGAAAC,1
AAGGNAAANTTGNAGAGCAGAAACC,1
AGGNAAANTTGNAGAGCAGAAACCA,1
GGNAAANTTGNAGAGCAGAAACCAG,1
GNAAANTTGNAGAGCAGAAACCAGA,1
NAAANTTGNAGAGCAGAAACCAGAA,1
AAANTTGNAGAGCAGAAACCAGAAA,1
AANTTGNAGAGCAGAAACCAGAAAG,1
ANTTGNAGAGCAGAAACCAGAAAGA,1
CAGCAGTCAAGCGTGCCTGTGTACA,1
AGCAGTCAAGCGTGCCTGTGTACAT,1
GCAGTCAAGCGTGCCTGTGTACATG,1
CAGTCAAGCGTGCCTGTGTACATGA,1
AGTCAAGCGTGCCTGTGTACATGAT,1
GACTGCATCATCATACGACGGCGAN,1
ACTGCATCATCATACGACGGCGANC,1
CTGCATCATCATACGACGGCGANCC,1
TGCATCATCATACGACGGCGANCCG,1
GCATCATCATACGACGGCGANCCGT,1
CATCATCATACGACGGCGANCCGTG,1
ATCATCATACGACGGCGANCCGTGT,1
TCATCATACGACGGCGANCCGTGTC,1
CATCATACGACGGCGANCCGTGTCA,1
ATCATACGACGGCGANCCGTGTCAA,1
TCATACGACGGCGANCCGTGTCAAA,1
CATACGACGGCGANCCGTGTCAAAA,1
ATACGACGGCGANCCGTGTCAAAAG,1
TACGACGGCGANCCGTGTCAAAAGG,1
ACGACGGCGANCCGTGTCAAAAGGA,1
CGACGGCGANCCGTGTCAAAAGGAT,1
GACGGCGANCCGTGTCAAAAGGATA,1
ACGGCGANCCGTGTCAAAAGGATAG,1
CGGCGANCCGTGTCAAAAGGATAGG,1
GGCGANCCGTGTCAAAAGGATAGGA,1
GCGANCCGTGTCAAAAGGATAGGAA,1
CGANCCGTGTCAAAAGGATAGGAAG,1
GANCCGTGTCAAAAGGATAGGAAGT,1
ANCCGTGTCAAAAGGATAGGAAGTC,1
NCCGTGTCAAAAGGATAGGAAGTCA,1
CAGCAGTGCTGTACTTACGTGGAGG,1
AGCAGTGCTGTACTTACGTGGAGGA,1
GCAGTGCTGTACTTACGTGGAGGAG,1
CAGTGCTGTACTTACGTGGAGGAGA,1
AGTGCTGTACTTACGTGGAGGAGAT,1
GTGCTGTACTTACGTGGAGGAGATC,1
TGCTGTACTTACGTGGAGGAGATCA,1
GCTGTACTTACGTGGAGGAGATCAC,1
CTGTACTTACGTGGAGGAGATCACA,1
TGTACTTACGTGGAGGAGATCACAG,1
GTACTTACGTGGAGGAGATCACAGA,1
TACTTACGTGGAGGAGATCACAGAC,1
ACTTACGTGGAGGAGATCACAGACC,1
CTTACGTGGAGGAGATCACAGACCT,1
TTACGTGGAGGAGATCACAGACCTG,1
TACGTGGAGGAGATCACAGACCTGC,1
ACGTGGAGGAGATCACAGACCTGCC,1
CGTGGAGGAGATCACAGACCTGCCA,1
GTGGAGGAGATCACAGACCTGCCAG,1
TGGAGGAGATCACAGACCTGCCAGT,1
GGAGGAGATCACAGACCTGCCAGTC,1
GAGGAGATCACAGACCTGCCAGTCA,1
AGGAGATCACAGACCTGCCAGTCAA,1
GGAGATCACAGACCTGCCAGTCAAG,1
GAGATCACAGACCTGCCAGTCAAGC,1
AGATCACAGACCTGCCAGTCAAGCT,1
GATCACAGACCTGCCAGTCAAGCTG,1
ATCACAGACCTGCCAGTCAAGCTGC,1
TCACAGACCTGCCAGTCAAGCTGCG,1
CACAGACCTGCCAGTCAAGCTGCGA,1
ACAGACCTGCCAGTCAAGCTGCGAT,1
CAGACCTGCCAGTCAAGCTGCGATT,1
AGACCTGCCAGTCAAGCTGCGATTG,1
GACCTGCCAGTCAAGCTGCGATTGA,1
ACCTGCCAGTCAAGCTGCGATTGAT,1
CCTGCCAGTCAAGCTGCGATTGATT,1
CTGCCAGTCAAGCTGCGATTGATTG,1
TGCCAGTCAAGCTGCGATTGATTGA,1
GCCAGTCAAGCTGCGATTGATTGAT,1
CCAGTCAAGCTGCGATTGATTGATA,1
CAGTCAAGCTGCGATTGATTGATAC,1
AGTCAAGCTGCGATTGATTGATACT,1
GTCAAGCTGCGATTGATTGATACTC,1
TCAAGCTGCGATTGATTGATACTCT,1
CAAGCTGCGATTGATTGATACTCTG,1
AAGCTGCGATTGATTGATACTCTGC,1
AGCTGCGATTGATTGATACTCTGCG,1
GCTGCGATTGATTGATACTCTGCGN,1
CTGCGATTGATTGATACTCTGCGNN,1
TGCGATTGATTGATACTCTGCGNNT,1
GCGATTGATTGATACTCTGCGNNTG,1
CGATTGATTGATACTCTGCGNNTGN,1
GATTGATTGATACTCTGCGNNTGNN,1
ATTGATTGATACTCTGCGNNTGNNN,1
TTGATTGATACTCTGCGNNTGNNNA,1
TGATTGATACTCTGCGNNTGNNNAC,1
GATTGATACTCTGCGNNTGNNNACN,1
ATTGATACTCTGCGNNTGNNNACNG,1
TTGATACTCTGCGNNTGNNNACNGA,1
TGATACTCTGCGNNTGNNNACNGAA,1
GATACTCTGCGNNTGNNNACNGAAG,1
ATACTCTGCGNNTGNNNACNGAAGG,1
TACTCTGCGNNTGNNNACNGAAGGA,1
ACTCTGCGNNTGNNNACNGAAGGAA,1
CTCTGCGNNTGNNNACNGAAGGAAA,1
TCTGCGNNTGNNNACNGAAGGAAAG,1
CTGCGNNTGNNNACNGAAGGAAAGA,1
TGCGNNTGNNNACNGAAGGAAAGAT,1
GCGNNTGNNNACNGAAGGAAAGATT,1
CGNNTGNNNACNGAAGGAAAGATTT,1
GNNTGNNNACNGAAGGAAAGATTTA,1
NNTGNNNACNGAAGGAAAGATTTAT,1
NTGNNNACNGAAGGAAAGATTTATG,1
TGNNNACNGAAGGAAAGATTTATGT,1
GNNNACNGAAGGAAAGATTTATGTT,1
NNNACNGAAGGAAAGATTTATGTTG,1
CAAAAAGGCAGTAAGAGCGATGGGT,1
AAAAAGGCAGTAAGAGCGATGGGTN,1
AAAAGGCAGTAAGAGCGATGGGTNA,1
AAAGGCAGTAAGAGCGATGGGTNAA,1
AAGGCAGTAAGAGCGATGGGTNAAG,1
AGGCAGTAAGAGCGATGGGTNAAGA,1
GGCAGTAAGAGCGATGGGTNAAGAA,1
GCAGTAAGAGCGATGGGTNAAGAAC,1
CAGTAAGAGCGATGGGTNAAGAACA,1
AGTAAGAGCGATGGGTNAAGAACAC,1
GTAAGAGCGATGGGTNAAGAACACC,1
TAAGAGCGATGGGTNAAGAACACCA,1
AAGAGCGATGGGTNAAGAACACCAC,1
AGAGCGATGGGTNAAGAACACCACA,1
GAGCGATGGGTNAAGAACACCACAG,1
AGCGATGGGTNAAGAACACCACAGA,1
GCGATGGGTNAAGAACACCACAGAC,1
CGATGGGTNAAGAACACCACAGACT,1
GATGGGTNAAGAACACCACAGACTC,1
ATGGGTNAAGAACACCACAGACTCC,1
TGGGTNAAGAACACCACAGACTCCT,1
GGGTNAAGAACACCACAGACTCCTC,1
GGTNAAGAACACCACAGACTCCTCC,1
GTNAAGAACACCACAGACTCCTCCC,1
TNAAGAACACCACAGACTCCTCCCC,1
NAAGAACACCACAGACTCCTCCCCA,1
AAGAACACCACAGACTCCTCCCCAA,1
AGAACACCACAGACTCCTCCCCAAC,1
GAACACCACAGACTCCTCCCCAACC,1
AACACCACAGACTCCTCCCCAACCA,1
ACACCACAGACTCCTCCCCAACCAA,1
CACCACAGACTCCTCCCCAACCAAC,1
ACCACAGACTCCTCCCCAACCAACT,1
CCACAGACTCCTCCCCAACCAACTT,1
CACAGACTCCTCCCCAACCAACTTC,1
ACAGACTCCTCCCCAACCAACTTCT,1
CAGACTCCTCCCCAACCAACTTCTT,1
AGACTCCTCCCCAACCAACTTCTTG,1
GACTCCTCCCCAACCAACTTCTTGG,1
ACTCCTCCCCAACCAACTTCTTGGA,1
CTCCTCCCCAACCAACTTCTTGGAG,1
TCCTCCCCAACCAACTTCTTGGAGA,1
CCTCCCCAACCAACTTCTTGGAGAG,1
CTCCCCAACCAACTTCTTGGAGAGG,1
TCCCCAACCAACTTCTTGGAGAGGT,1
CCCCAACCAACTTCTTGGAGAGGTC,1
CCCAACCAACTTCTTGGAGAGGTCA,1
CCAACCAACTTCTTGGAGAGGTCAN,1
CAACCAACTTCTTGGAGAGGTCANN,1
AACCAACTTCTTGGAGAGGTCANNG,1
ACCAACTTCTTGGAGAGGTCANNGN,1
CCAACTTCTTGGAGAGGTCANNGNN,1
CAACTTCTTGGAGAGGTCANNGNNN,1
AACTTCTTGGAGAGGTCANNGNNNN,1
ACTTCTTGGAGAGGTCANNGNNNNA,1
CTTCTTGGAGAGGTCANNGNNNNAN,1
TTCTTGGAGAGGTCANNGNNNNANN,1
TCTTGGAGAGGTCANNGNNNNANNG,1
CTTGGAGAGGTCANNGNNNNANNGN,1
TTGGAGAGGTCANNGNNNNANNGNN,1
TGGAGAGGTCANNGNNNNANNGNNC,1
GGAGAGGTCANNGNNNNANNGNNCC,1
GAGAGGTCANNGNNNNANNGNNCCA,1
AGAGGTCANNGNNNNANNGNNCCAC,1
GAGGTCANNGNNNNANNGNNCCACC,1
AGGTCANNGNNNNANNGNNCCACCA,1
GGTCANNGNNNNANNGNNCCACCAG,1
GTCANNGNNNNANNGNNCCACCAGA,1
TCANNGNNNNANNGNNCCACCAGAC,1
CANNGNNNNANNGNNCCACCAGACT,1
ANNGNNNNANNGNNCCACCAGACTG,1
NNGNNNNANNGNNCCACCAGACTGG,1
NGNNNNANNGNNCCACCAGACTGGG,1
GNNNNANNGNNCCACCAGACTGGGA,1
NNNNANNGNNCCACCAGACTGGGAA,1
NNNANNGNNCCACCAGACTGGGAAG,1
GCACCCTCAAGAGAGTCAGAACGTC,1
CACCCTCAAGAGAGTCAGAACGTCG,1
ACCCTCAAGAGAGTCAGAACGTCGT,1
CCCTCAAGAGAGTCAGAACGTCGTT,1
CCTCAAGAGAGTCAGAACGTCGTTT,1
CTCAAGAGAGTCAGAACGTCGTTTT,1
TCAAGAGAGTCAGAACGTCGTTTTG,1
CAAGAGAGTCAGAACGTCGTTTTGC,1
AAGAGAGTCAGAACGTCGTTTTGCC,1
AGAGAGTCAGAACGTCGTTTTGCCT,1
GAGAGTCAGAACGTCGTTTTGCCTC,1
AGAGTCAGAACGTCGTTTTGCCTCC,1
GAGTCAGAACGTCGTTTTGCCTCCT,1
AGTCAGAACGTCGTTTTGCCTCCTG,1
GTCAGAACGTCGTTTTGCCTCCTGC,1
TCAGAACGTCGTTTTGCCTCCTGCC,1
CAGAACGTCGTTTTGCCTCCTGCCC,1
AGAACGTCGTTTTGCCTCCTGCCCA,1
GAACGTCGTTTTGCCTCCTGCCCAT,1
AACGTCGTTTTGCCTCCTGCCCATC,1
ACGTCGTTTTGCCTCCTGCCCATCA,1
CGTCGTTTTGCCTCCTGCCCATCAG,1
GTCGTTTTGCCTCCTGCCCATCAGA,1
TCGTTTTGCCTCCTGCCCATCAGAT,1
CGTTTTGCCTCCTGCCCATCAGATG,1
GTTTTGCCTCCTGCCCATCAGATGG,1
TTTTGCCTCCTGCCCATCAGATGGC,1
TTTGCCTCCTGCCCATCAGATGGCA,1
TTGCCTCCTGCCCATCAGATGGCAG,1
TGCCTCCTGCCCATCAGATGGCAGG,1
GCCTCCTGCCCATCAGATGGCAGGC,1
CCTCCTGCCCATCAGATGGCAGGCC,1
CTCCTGCCCATCAGATGGCAGGCCT,1
TCCTGCCCATCAGATGGCAGGCCTT,1
CCTGCCCATCAGATGGCAGGCCTTG,1
CTGCCCATCAGATGGCAGGCCTTGC,1
TGCCCATCAGATGGCAGGCCTTGCC,1
GCCCATCAGATGGCAGGCCTTGCCA,1
CCCATCAGATGGCAGGCCTTGCCAG,1
CCATCAGATGGCAGGCCTTGCCAGC,1
CATCAGATGGCAGGCCTTGCCAGCA,1
ATCAGATGGCAGGCCTTGCCAGCAT,1
TCAGATGGCAGGCCTTGCCAGCATA,1
CAGATGGCAGGCCTTGCCAGCATAA,1
AGATGGCAGGCCTTGCCAGCATAAA,1
GATGGCAGGCCTTGCCAGCATAAAG,1
ATGGCAGGCCTTGCCAGCATAAAGG,1
TGGCAGGCCTTGCCAGCATAAAGGN,1
GGCAGGCCTTGCCAGCATAAAGGNN,1
GCAGGCCTTGCCAGCATAAAGGNNC,1
CAGGCCTTGCCAGCATAAAGGNNCC,1
AGGCCTTGCCAGCATAAAGGNNCCT,1
GGCCTTGCCAGCATAAAGGNNCCTN,1
GCCTTGCCAGCATAAAGGNNCCTNG,1
CCTTGCCAGCATAAAGGNNCCTNGG,1
CTTGCCAGCATAAAGGNNCCTNGGC,1
TTGCCAGCATAAAGGNNCCTNGGCN,1
TGCCAGCATAAAGGNNCCTNGGCNT,1
GCCAGCATAAAGGNNCCTNGGCNTC,1
CCAGCATAAAGGNNCCTNGGCNTCA,1
CAGCATAAAGGNNCCTNGGCNTCAG,1
AGCATAAAGGNNCCTNGGCNTCAGG,1
GCATAAAGGNNCCTNGGCNTCAGGA,1
CATAAAGGNNCCTNGGCNTCAGGAA,1
ATAAAGGNNCCTNGGCNTCAGGAAC,1
TAAAGGNNCCTNGGCNTCAGGAACA,1
AAAGGNNCCTNGGCNTCAGGAACAG,1
AAGGNNCCTNGGCNTCAGGAACAGC,1
AGGNNCCTNGGCNTCAGGAACAGCC,1
GGNNCCTNGGCNTCAGGAACAGCCA,1
GNNCCTNGGCNTCAGGAACAGCCAG,1
NNCCTNGGCNTCAGGAACAGCCAGT,1
NCCTNGGCNTCAGGAACAGCCAGTC,1
CCTNGGCNTCAGGAACAGCCAGTCT,1
CTNGGCNTCAGGAACAGCCAGTCTT,1
TNGGCNTCAGGAACAGCCAGTCTTG,1
GAAACACTGTCTCTTCTATAGGATC,1
AAACACTGTCTCTTCTATAGGATCA,1
AACACTGTCTCTTCTATAGGATCAT,1
ACACTGTCTCTTCTATAGGATCATT,1
CACTGTCTCTTCTATAGGATCATTT,1
ACTGTCTCTTCTATAGGATCATTTA,1
CTGTCTCTTCTATAGGATCATTTAT,1
TGTCTCTTCTATAGGATCATTTATT,1
GTCTCTTCTATAGGATCATTTATTT,1
TCTCTTCTATAGGATCATTTATTTC,1
CTCTTCTATAGGATCATTTATTTCA,1
TCTTCTATAGGATCATTTATTTCAC,1
CTTCTATAGGATCATTTATTTCACT,1
TTCTATAGGATCATTTATTTCACTA,1
TCTATAGGATCATTTATTTCACTAA,1
CTATAGGATCATTTATTTCACTAAC,1
TATAGGATCATTTATTTCACTAACA,1
ATAGGATCATTTATTTCACTAACAG,1
TAGGATCATTTATTTCACTAACAGC,1
AGGATCATTTATTTCACTAACAGCT,1
GGATCATTTATTTCACTAACAGCTG,1
GATCATTTATTTCACTAACAGCTGT,1
ATCATTTATTTCACTAACAGCTGTT,1
TCATTTATTTCACTAACAGCTGTTC,1
CATTTATTTCACTAACAGCTGTTCT,1
ATTTATTTCACTAACAGCTGTTCTC,1
TTTATTTCACTAACAGCTGTTCTCA,1
TTATTTCACTAACAGCTGTTCTCAT,1
TATTTCACTAACAGCTGTTCTCATC,1
ATTTCACTAACAGCTGTTCTCATCA,1
TTTCACTAACAGCTGTTCTCATCAT,1
TTCACTAACAGCTGTTCTCATCATG,1
TCACTAACAGCTGTTCTCATCATGA,1
CACTAACAGCTGTTCTCATCATGAT,1
ACTAACAGCTGTTCTCATCATGATC,1
CTAACAGCTGTTCTCATCATGATCT,1
TAACAGCTGTTCTCATCATGATCTT,1
AACAGCTGTTCTCATCATGATCTTT,1
ACAGCTGTTCTCATCATGATCTTTA,1
CAGCTGTTCTCATCATGATCTTTAT,1
AGCTGTTCTCATCATGATCTTTATA,1
GCTGTTCTCATCATGATCTTTATAA,1
CTGTTCTCATCATGATCTTTATAAT,1
TGTTCTCATCATGATCTTTATAATT,1
GTTCTCATCATGATCTTTATAATTT,1
TTCTCATCATGATCTTTATAATTTG,1
TCTCATCATGATCTTTATAATTTGA,1
CTCATCATGATCTTTATAATTTGAN,1
TCATCATGATCTTTATAATTTGANN,1
CATCATGATCTTTATAATTTGANNG,1
ATCATGATCTTTATAATTTGANNGN,1
TCATGATCTTTATAATTTGANNGNN,1
CATGATCTTTATAATTTGANNGNNN,1
ATGATCTTTATAATTTGANNGNNNN,1
TGATCTTTATAATTTGANNGNNNNT,1
GATCTTTATAATTTGANNGNNNNTN,1
ATCTTTATAATTTGANNGNNNNTNN,1
TCTTTATAATTTGANNGNNNNTNNC,1
CTTTATAATTTGANNGNNNNTNNCT,1
TTTATAATTTGANNGNNNNTNNCTN,1
TTATAATTTGANNGNNNNTNNCTNC,1
TATAATTTGANNGNNNNTNNCTNCA,1
ATAATTTGANNGNNNNTNNCTNCAA,1
TAATTTGANNGNNNNTNNCTNCAAA,1
AATTTGANNGNNNNTNNCTNCAAAA,1
ATTTGANNGNNNNTNNCTNCAAAAC,1
TTTGANNGNNNNTNNCTNCAAAACG,1
TTGANNGNNNNTNNCTNCAAAACGA,1
TGANNGNNNNTNNCTNCAAAACGAG,1
GANNGNNNNTNNCTNCAAAACGAGA,1
ANNGNNNNTNNCTNCAAAACGAGAA,1
NNGNNNNTNNCTNCAAAACGAGAAG,1
NGNNNNTNNCTNCAAAACGAGAAGT,1
GNNNNTNNCTNCAAAACGAGAAGTA,1
NNNNTNNCTNCAAAACGAGAAGTAA,1
NNNTNNCTNCAAAACGAGAAGTAAT,1
CTGAGTGCAAGTACCAGTTCCAGGC,1
TGAGTGCAAGTACCAGTTCCAGGCT,1
GAGTGCAAGTACCAGTTCCAGGCTT,1
AGTGCAAGTACCAGTTCCAGGCTTG,1
GTGCAAGTACCAGTTCCAGGCTTGG,1
TGCAAGTACCAGTTCCAGGCTTGGG,1
GCAAGTACCAGTTCCAGGCTTGGGG,1
CAAGTACCAGTTCCAGGCTTGGGGA,1
AAGTACCAGTTCCAGGCTTGGGGAG,1
AGTACCAGTTCCAGGCTTGGGGAGA,1
GTACCAGTTCCAGGCTTGGGGAGAA,1
TACCAGTTCCAGGCTTGGGGAGAAT,1
ACCAGTTCCAGGCTTGGGGAGAATG,1
CCAGTTCCAGGCTTGGGGAGAATGT,1
CAGTTCCAGGCTTGGGGAGAATGTG,1
AGTTCCAGGCTTGGGGAGAATGTGA,1
GTTCCAGGCTTGGGGAGAATGTGAC,1
TTCCAGGCTTGGGGAGAATGTGACC,1
TCCAGGCTTGGGGAGAATGTGACCT,1
CCAGGCTTGGGGAGAATGTGACCTC,1
CAGGCTTGGGGAGAATGTGACCTCA,1
AGGCTTGGGGAGAATGTGACCTCAA,1
GGCTTGGGGAGAATGTGACCTCAAT,1
GCTTGGGGAGAATGTGACCTCAATA,1
CTTGGGGAGAATGTGACCTCAATAC,1
TTGGGGAGAATGTGACCTCAATACC,1
TGGGGAGAATGTGACCTCAATACCG,1
GGGGAGAATGTGACCTCAATACCGC,1
GGGAGAATGTGACCTCAATACCGCC,1
GGAGAATGTGACCTCAATACCGCCT,1
GAGAATGTGACCTCAATACCGCCTT,1
AGAATGTGACCTCAATACCGCCTTG,1
GAATGTGACCTCAATACCGCCTTGA,1
AATGTGACCTCAATACCGCCTTGAA,1
ATGTGACCTCAATACCGCCTTGAAG,1
TGTGACCTCAATACCGCCTTGAAGA,1
GTGACCTCAATACCGCCTTGAAGAC,1
TGACCTCAATACCGCCTTGAAGACC,1
GACCTCAATACCGCCTTGAAGACCA,1
ACCTCAATACCGCCTTGAAGACCAG,1
CCTCAATACCGCCTTGAAGACCAGA,1
CTCAATACCGCCTTGAAGACCAGAA,1
TCAATACCGCCTTGAAGACCAGAAC,1
CAATACCGCCTTGAAGACCAGAACT,1
AATACCGCCTTGAAGACCAGAACTG,1
ATACCGCCTTGAAGACCAGAACTGG,1
TACCGCCTTGAAGACCAGAACTGGC,1
ACCGCCTTGAAGACCAGAACTGGCA,1
CCGCCTTGAAGACCAGAACTGGCAN,1
CGCCTTGAAGACCAGAACTGGCANC,1
GCCTTGAAGACCAGAACTGGCANCC,1
CCTTGAAGACCAGAACTGGCANCCT,1
CTTGAAGACCAGAACTGGCANCCTN,1
TTGAAGACCAGAACTGGCANCCTNA,1
TGAAGACCAGAACTGGCANCCTNAA,1
GAAGACCAGAACTGGCANCCTNAAG,1
AAGACCAGAACTGGCANCCTNAAGN,1
AGACCAGAACTGGCANCCTNAAGNG,1
GACCAGAACTGGCANCCTNAAGNGA,1
ACCAGAACTGGCANCCTNAAGNGAG,1
CCAGAACTGGCANCCTNAAGNGAGC,1
CAGAACTGGCANCCTNAAGNGAGCT,1
AGAACTGGCANCCTNAAGNGAGCTC,1
GAACTGGCANCCTNAAGNGAGCTCT,1
AACTGGCANCCTNAAGNGAGCTCTG,1
ACTGGCANCCTNAAGNGAGCTCTGC,1
CTGGCANCCTNAAGNGAGCTCTGCA,1
TGGCANCCTNAAGNGAGCTCTGCAC,1
GGCANCCTNAAGNGAGCTCTGCACA,1
GCANCCTNAAGNGAGCTCTGCACAA,1
CANCCTNAAGNGAGCTCTGCACAAT,1
ANCCTNAAGNGAGCTCTGCACAATG,1
NCCTNAAGNGAGCTCTGCACAATGC,1
CCTNAAGNGAGCTCTGCACAATGCT,1
CTNAAGNGAGCTCTGCACAATGCTG,1
TNAAGNGAGCTCTGCACAATGCTGA,1
GTCCACACTGGGGAGAAGCCCTTCA,1
TCCACACTGGGGAGAAGCCCTTCAA,1
CCACACTGGGGAGAAGCCCTTCAAA,1
CACACTGGGGAGAAGCCCTTCAAAT,1
ACACTGGGGAGAAGCCCTTCAAATG,1
CACTGGGGAGAAGCCCTTCAAATGT,1
ACTGGGGAGAAGCCCTTCAAATGTG,1
CTGGGGAGAAGCCCTTCAAATGTGA,1
TGGGGAGAAGCCCTTCAAATGTGAA,1
GGGGAGAAGCCCTTCAAATGTGAAG,1
GGGAGAAGCCCTTCAAATGTGAAGA,1
GGAGAAGCCCTTCAAATGTGAAGAG,1
GAGAAGCCCTTCAAATGTGAAGAGT,1
AGAAGCCCTTCAAATGTGAAGAGTG,1
GAAGCCCTTCAAATGTGAAGAGTGT,1
AAGCCCTTCAAATGTGAAGAGTGTG,1
AGCCCTTCAAATGTGAAGAGTGTGG,1
GCCCTTCAAATGTGAAGAGTGTGGG,1
CCCTTCAAATGTGAAGAGTGTGGGA,1
CCTTCAAATGTGAAGAGTGTGGGAA,1
CTTCAAATGTGAAGAGTGTGGGAAA,1
TTCAAATGTGAAGAGTGTGGGAAAG,1
TCAAATGTGAAGAGTGTGGGAAAGC,1
CAAATGTGAAGAGTGTGGGAAAGCC,1
AAATGTGAAGAGTGTGGGAAAGCCT,1
AATGTGAAGAGTGTGGGAAAGCCTT,1
ATGTGAAGAGTGTGGGAAAGCCTTC,1
TGTGAAGAGTGTGGGAAAGCCTTCA,1
GTGAAGAGTGTGGGAAAGCCTTCAG,1
TGAAGAGTGTGGGAAAGCCTTCAGG,1
GAAGAGTGTGGGAAAGCCTTCAGGC,1
AAGAGTGTGGGAAAGCCTTCAGGCA,1
AGAGTGTGGGAAAGCCTTCAGGCAT,1
GAGTGTGGGAAAGCCTTCAGGCATA,1
AGTGTGGGAAAGCCTTCAGGCATAC,1
GTGTGGGAAAGCCTTCAGGCATACC,1
TGTGGGAAAGCCTTCAGGCATACCT,1
GTGGGAAAGCCTTCAGGCATACCTC,1
TGGGAAAGCCTTCAGGCATACCTCC,1
GGGAAAGCCTTCAGGCATACCTCCA,1
GGAAAGCCTTCAGGCATACCTCCAG,1
GAAAGCCTTCAGGCATACCTCCAGC,1
AAAGCCTTCAGGCATACCTCCAGCC,1
AAGCCTTCAGGCATACCTCCAGCCT,1
AGCCTTCAGGCATACCTCCAGCCTC,1
GCCTTCAGGCATACCTCCAGCCTCT,1
CCTTCAGGCATACCTCCAGCCTCTG,1
CTTCAGGCATACCTCCAGCCTCTGN,1
TTCAGGCATACCTCCAGCCTCTGNN,1
TCAGGCATACCTCCAGCCTCTGNNT,1
CAGGCATACCTCCAGCCTCTGNNTN,1
AGGCATACCTCCAGCCTCTGNNTNN,1
GGCATACCTCCAGCCTCTGNNTNNN,1
GCATACCTCCAGCCTCTGNNTNNNN,1
CATACCTCCAGCCTCTGNNTNNNNC,1
ATACCTCCAGCCTCTGNNTNNNNCN,1
TACCTCCAGCCTCTGNNTNNNNCNN,1
ACCTCCAGCCTCTGNNTNNNNCNNA,1
CCTCCAGCCTCTGNNTNNNNCNNAG,1
CTCCAGCCTCTGNNTNNNNCNNAGA,1
TCCAGCCTCTGNNTNNNNCNNAGAG,1
CCAGCCTCTGNNTNNNNCNNAGAGT,1
CAGCCTCTGNNTNNNNCNNAGAGTC,1
AGCCTCTGNNTNNNNCNNAGAGTCC,1
GCCTCTGNNTNNNNCNNAGAGTCCA,1
CCTCTGNNTNNNNCNNAGAGTCCAC,1
CTCTGNNTNNNNCNNAGAGTCCACA,1
TCTGNNTNNNNCNNAGAGTCCACAC,1
CTGNNTNNNNCNNAGAGTCCACACT,1
TGNNTNNNNCNNAGAGTCCACACTG,1
GNNTNNNNCNNAGAGTCCACACTGG,1
NNTNNNNCNNAGAGTCCACACTGGA,1
NTNNNNCNNAGAGTCCACACTGGAG,1
TNNNNCNNAGAGTCCACACTGGAGA,1
NNNNCNNAGAGTCCACACTGGAGAG,1
NNNCNNAGAGTCCACACTGGAGAGA,1
ATCGAACCATCTAGTAGCTGGTTCN,1
TCGAACCATCTAGTAGCTGGTTCNC,1
CGAACCATCTAGTAGCTGGTTCNCT,1
GAACCATCTAGTAGCTGGTTCNCTC,1
AACCATCTAGTAGCTGGTTCNCTCN,1
ACCATCTAGTAGCTGGTTCNCTCNG,1
CCATCTAGTAGCTGGTTCNCTCNGA,1
CATCTAGTAGCTGGTTCNCTCNGAA,1
ATCTAGTAGCTGGTTCNCTCNGAAN,1
TCTAGTAGCTGGTTCNCTCNGAANT,1
CTAGTAGCTGGTTCNCTCNGAANTT,1
TAGTAGCTGGTTCNCTCNGAANTTT,1
AGTAGCTGGTTCNCTCNGAANTTTC,1
GTAGCTGGTTCNCTCNGAANTTTCC,1
TAGCTGGTTCNCTCNGAANTTTCCC,1
AGCTGGTTCNCTCNGAANTTTCCCT,1
GCTGGTTCNCTCNGAANTTTCCCTC,1
CTGGTTCNCTCNGAANTTTCCCTCA,1
TGGTTCNCTCNGAANTTTCCCTCAG,1
GGTTCNCTCNGAANTTTCCCTCAGG,1
GTTCNCTCNGAANTTTCCCTCAGGA,1
TTCNCTCNGAANTTTCCCTCAGGAT,1
TCNCTCNGAANTTTCCCTCAGGATA,1
CNCTCNGAANTTTCCCTCAGGATAG,1
NCTCNGAANTTTCCCTCAGGATAGC,1
CTCNGAANTTTCCCTCAGGATAGCT,1
TCNGAANTTTCCCTCAGGATAGCTG,1
CNGAANTTTCCCTCAGGATAGCTGG,1
CCCAGCTGTGGGATGCTTACTGCCA,1
CCAGCTGTGGGATGCTTACTGCCAG,1
CAGCTGTGGGATGCTTACTGCCAGG,1
AGCTGTGGGATGCTTACTGCCAGGT,1
GCTGTGGGATGCTTACTGCCAGGTT,1
CTGTGGGATGCTTACTGCCAGGTTA,1
TGTGGGATGCTTACTGCCAGGTTAC,1
GTGGGATGCTTACTGCCAGGTTACA,1
TGGGATGCTTACTGCCAGGTTACAG,1
GGGATGCTTACTGCCAGGTTACAGC,1
GGATGCTTACTGCCAGGTTACAGCT,1
GATGCTTACTGCCAGGTTACAGCTC,1
ATGCTTACTGCCAGGTTACAGCTCC,1
TGCTTACTGCCAGGTTACAGCTCCC,1
GCTTACTGCCAGGTTACAGCTCCCC,1
CTTACTGCCAGGTTACAGCTCCCCA,1
TTACTGCCAGGTTACAGCTCCCCAT,1
TACTGCCAGGTTACAGCTCCCCATC,1
ACTGCCAGGTTACAGCTCCCCATCC,1
CTGCCAGGTTACAGCTCCCCATCCT,1
TGCCAGGTTACAGCTCCCCATCCTG,1
GCCAGGTTACAGCTCCCCATCCTGC,1
CCAGGTTACAGCTCCCCATCCTGCC,1
CAGGTTACAGCTCCCCATCCTGCCA,1
AGGTTACAGCTCCCCATCCTGCCAT,1
GGTTACAGCTCCCCATCCTGCCATG,1
GTTACAGCTCCCCATCCTGCCATGA,1
TTACAGCTCCCCATCCTGCCATGAG,1
TACAGCTCCCCATCCTGCCATGAGC,1
ACAGCTCCCCATCCTGCCATGAGCT,1
CAGCTCCCCATCCTGCCATGAGCTG,1
AGCTCCCCATCCTGCCATGAGCTGT,1
GCTCCCCATCCTGCCATGAGCTGTC,1
CTCCCCATCCTGCCATGAGCTGTCC,1
TCCCCATCCTGCCATGAGCTGTCCC,1
CCCCATCCTGCCATGAGCTGTCCCA,1
CCCATCCTGCCATGAGCTGTCCCAC,1
CCATCCTGCCATGAGCTGTCCCACC,1
CATCCTGCCATGAGCTGTCCCACCA,1
ATCCTGCCATGAGCTGTCCCACCAC,1
TCCTGCCATGAGCTGTCCCACCACG,1
CCTGCCATGAGCTGTCCCACCACGG,1
CTGCCATGAGCTGTCCCACCACGGA,1
TGCCATGAGCTGTCCCACCACGGAG,1
GCCATGAGCTGTCCCACCACGGAGG,1
CCATGAGCTGTCCCACCACGGAGGT,1
CATGAGCTGTCCCACCACGGAGGTC,1
ATGAGCTGTCCCACCACGGAGGTCA,1
TGAGCTGTCCCACCACGGAGGTCAN,1
GAGCTGTCCCACCACGGAGGTCANT,1
AGCTGTCCCACCACGGAGGTCANTT,1
GCTGTCCCACCACGGAGGTCANTTA,1
CTGTCCCACCACGGAGGTCANTTAT,1
TGTCCCACCACGGAGGTCANTTATG,1
GTCCCACCACGGAGGTCANTTATGC,1
TCCCACCACGGAGGTCANTTATGCA,1
CCCACCACGGAGGTCANTTATGCAC,1
CCACCACGGAGGTCANTTATGCACG,1
CACCACGGAGGTCANTTATGCACGT,1
ACCACGGAGGTCANTTATGCACGTG,1
CCACGGAGGTCANTTATGCACGTGG,1
CACGGAGGTCANTTATGCACGTGGC,1
ACGGAGGTCANTTATGCACGTGGCA,1
CGGAGGTCANTTATGCACGTGGCAT,1
GGAGGTCANTTATGCACGTGGCATT,1
GAGGTCANTTATGCACGTGGCATTG,1
AGGTCANTTATGCACGTGGCATTGT,1
GGTCANTTATGCACGTGGCATTGTG,1
GTCANTTATGCACGTGGCATTGTGA,1
TCANTTATGCACGTGGCATTGTGAA,1
CANTTATGCACGTGGCATTGTGAAC,1
ANTTATGCACGTGGCATTGTGAACT,1
NTTATGCACGTGGCATTGTGAACTT,1
TTATGCACGTGGCATTGTGAACTTG,1
TATGCACGTGGCATTGTGAACTTGA,1
ATGCACGTGGCATTGTGAACTTGAT,1
AACAAGCAAAAATCTGCCTTGAGAT,1
ACAAGCAAAAATCTGCCTTGAGATC,1
CAAGCAAAAATCTGCCTTGAGATCA,1
AAGCAAAAATCTGCCTTGAGATCAT,1
AGCAAAAATCTGCCTTGAGATCATG,1
GCAAAAATCTGCCTTGAGATCATGC,1
CAAAAATCTGCCTTGAGATCATGCA,1
AAAAATCTGCCTTGAGATCATGCAG,1
AAAATCTGCCTTGAGATCATGCAGA,1
AAATCTGCCTTGAGATCATGCAGAG,1
AATCTGCCTTGAGATCATGCAGAGG,1
ATCTGCCTTGAGATCATGCAGAGGA,1
TCTGCCTTGAGATCATGCAGAGGAC,1
CTGCCTTGAGATCATGCAGAGGACT,1
TGCCTTGAGATCATGCAGAGGACTG,1
GCCTTGAGATCATGCAGAGGACTGG,1
CCTTGAGATCATGCAGAGGACTGGT,1
CTTGAGATCATGCAGAGGACTGGTG,1
TTGAGATCATGCAGAGGACTGGTGC,1
TGAGATCATGCAGAGGACTGGTGCT,1
GAGATCATGCAGAGGACTGGTGCTC,1
AGATCATGCAGAGGACTGGTGCTCA,1
GATCATGCAGAGGACTGGTGCTCAC,1
ATCATGCAGAGGACTGGTGCTCACC,1
TCATGCAGAGGACTGGTGCTCACCT,1
CATGCAGAGGACTGGTGCTCACCTG,1
ATGCAGAGGACTGGTGCTCACCTGG,1
TGCAGAGGACTGGTGCTCACCTGGA,1
GCAGAGGACTGGTGCTCACCTGGAA,1
CAGAGGACTGGTGCTCACCTGGAAC,1
AGAGGACTGGTGCTCACCTGGAACT,1
GAGGACTGGTGCTCACCTGGAACTC,1
AGGACTGGTGCTCACCTGGAACTCT,1
GGACTGGTGCTCACCTGGAACTCTC,1
GACTGGTGCTCACCTGGAACTCTCT,1
ACTGGTGCTCACCTGGAACTCTCTC,1
CTGGTGCTCACCTGGAACTCTCTCT,1
TGGTGCTCACCTGGAACTCTCTCTG,1
GGTGCTCACCTGGAACTCTCTCTGG,1
GTGCTCACCTGGAACTCTCTCTGGC,1
TGCTCACCTGGAACTCTCTCTGGCT,1
GCTCACCTGGAACTCTCTCTGGCTA,1
CTCACCTGGAACTCTCTCTGGCTAA,1
TCACCTGGAACTCTCTCTGGCTAAA,1
CACCTGGAACTCTCTCTGGCTAAAG,1
ACCTGGAACTCTCTCTGGCTAAAGA,1
CCTGGAACTCTCTCTGGCTAAAGAT,1
CTGGAACTCTCTCTGGCTAAAGATN,1
TGGAACTCTCTCTGGCTAAAGATNN,1
GGAACTCTCTCTGGCTAAAGATNNA,1
GAACTCTCTCTGGCTAAAGATNNAG,1
AACTCTCTCTGGCTAAAGATNNAGG,1
ACTCTCTCTGGCTAAAGATNNAGGN,1
CTCTCTCTGGCTAAAGATNNAGGNC,1
TCTCTCTGGCTAAAGATNNAGGNCT,1
CTCTCTGGCTAAAGATNNAGGNCTC,1
TCTCTGGCTAAAGATNNAGGNCTCN,1
CTCTGGCTAAAGATNNAGGNCTCNC,1
TCTGGCTAAAGATNNAGGNCTCNCC,1
CTGGCTAAAGATNNAGGNCTCNCCA,1
TGGCTAAAGATNNAGGNCTCNCCAT,1
GGCTAAAGATNNAGGNCTCNCCATC,1
GCTAAAGATNNAGGNCTCNCCATCA,1
CTAAAGATNNAGGNCTCNCCATCAT,1
TAAAGATNNAGGNCTCNCCATCATG,1
AAAGATNNAGGNCTCNCCATCATGG,1
AAGATNNAGGNCTCNCCATCATGGT,1
AGATNNAGGNCTCNCCATCATGGTC,1
GATNNAGGNCTCNCCATCATGGTCT,1
ATNNAGGNCTCNCCATCATGGTCTC,1
TNNAGGNCTCNCCATCATGGTCTCA,1
NNAGGNCTCNCCATCATGGTCTCAG,1
NAGGNCTCNCCATCATGGTCTCAGG,1
AGGNCTCNCCATCATGGTCTCAGGG,1
GGNCTCNCCATCATGGTCTCAGGGA,1
GNCTCNCCATCATGGTCTCAGGGAA,1
GACCCCTTGCCGGGCTTTCCCCAAA,1
ACCCCTTGCCGGGCTTTCCCCAAAC,1
CCCCTTGCCGGGCTTTCCCCAAACT,1
CCCTTGCCGGGCTTTCCCCAAACTT,1
CCTTGCCGGGCTTTCCCCAAACTTC,1
CTTGCCGGGCTTTCCCCAAACTTCG,1
TTGCCGGGCTTTCCCCAAACTTCGA,1
TGCCGGGCTTTCCCCAAACTTCGAC,1
GCCGGGCTTTCCCCAAACTTCGACC,1
CCGGGCTTTCCCCAAACTTCGACCN,1
CGGGCTTTCCCCAAACTTCGACCNT,1
GGGCTTTCCCCAAACTTCGACCNTG,1
GGCTTTCCCCAAACTTCGACCNTGA,1
GCTTTCCCCAAACTTCGACCNTGAN,1
CTTTCCCCAAACTTCGACCNTGANG,1
TTTCCCCAAACTTCGACCNTGANGT,1
TTCCCCAAACTTCGACCNTGANGTT,1
TCCCCAAACTTCGACCNTGANGTTN,1
CCCCAAACTTCGACCNTGANGTTNT,1
CCCAAACTTCGACCNTGANGTTNTC,1
CCAAACTTCGACCNTGANGTTNTCG,1
CAAACTTCGACCNTGANGTTNTCGG,1
AAACTTCGACCNTGANGTTNTCGGG,1
AACTTCGACCNTGANGTTNTCGGGT,1
ACTTCGACCNTGANGTTNTCGGGTT,1
CTTCGACCNTGANGTTNTCGGGTTT,1
TTCGACCNTGANGTTNTCGGGTTTC,1
TCGACCNTGANGTTNTCGGGTTTCA,1
CGACCNTGANGTTNTCGGGTTTCAA,1
GACCNTGANGTTNTCGGGTTTCAAC,1
ACCNTGANGTTNTCGGGTTTCAACG,1
CCNTGANGTTNTCGGGTTTCAACGC,1
CNTGANGTTNTCGGGTTTCAACGCC,1
NTGANGTTNTCGGGTTTCAACGCCG,1
TGANGTTNTCGGGTTTCAACGCCGA,1
GANGTTNTCGGGTTTCAACGCCGAC,1
ANGTTNTCGGGTTTCAACGCCGACT,1
GTCAGCCCCCGCCACAGTGCGCATG,1
TCAGCCCCCGCCACAGTGCGCATGG,1
CAGCCCCCGCCACAGTGCGCATGGC,1
AGCCCCCGCCACAGTGCGCATGGCA,1
GCCCCCGCCACAGTGCGCATGGCAC,1
CCCCCGCCACAGTGCGCATGGCACA,1
CCCCGCCACAGTGCGCATGGCACAG,1
CCCGCCACAGTGCGCATGGCACAGC,1
CCGCCACAGTGCGCATGGCACAGCC,1
CGCCACAGTGCGCATGGCACAGCCG,1
GCCACAGTGCGCATGGCACAGCCGT,1
CCACAGTGCGCATGGCACAGCCGTT,1
CACAGTGCGCATGGCACAGCCGTTT,1
ACAGTGCGCATGGCACAGCCGTTTC,1
CAGTGCGCATGGCACAGCCGTTTCC,1
AGTGCGCATGGCACAGCCGTTTCCT,1
GTGCGCATGGCACAGCCGTTTCCTG,1
TGCGCATGGCACAGCCGTTTCCTGC,1
GCGCATGGCACAGCCGTTTCCTGCA,1
CGCATGGCACAGCCGTTTCCTGCAC,1
GCATGGCACAGCCGTTTCCTGCACA,1
CATGGCACAGCCGTTTCCTGCACAG,1
ATGGCACAGCCGTTTCCTGCACAGT,1
TGGCACAGCCGTTTCCTGCACAGTT,1
GGCACAGCCGTTTCCTGCACAGTTT,1
GCACAGCCGTTTCCTGCACAGTTTG,1
CACAGCCGTTTCCTGCACAGTTTGC,1
ACAGCCGTTTCCTGCACAGTTTGCA,1
CAGCCGTTTCCTGCACAGTTTGCAC,1
AGCCGTTTCCTGCACAGTTTGCACC,1
GCCGTTTCCTGCACAGTTTGCACCC,1
CCGTTTCCTGCACAGTTTGCACCCC,1
CGTTTCCTGCACAGTTTGCACCCCA,1
GTTTCCTGCACAGTTTGCACCCCAG,1
TTTCCTGCACAGTTTGCACCCCAGG,1
TTCCTGCACAGTTTGCACCCCAGGC,1
TCCTGCACAGTTTGCACCCCAGGCA,1
CCTGCACAGTTTGCACCCCAGGCAA,1
CTGCACAGTTTGCACCCCAGGCAAA,1
TGCACAGTTTGCACCCCAGGCAAAG,1
GCACAGTTTGCACCCCAGGCAAAGC,1
CACAGTTTGCACCCCAGGCAAAGCA,1
ACAGTTTGCACCCCAGGCAAAGCAG,1
CAGTTTGCACCCCAGGCAAAGCAGA,1
AGTTTGCACCCCAGGCAAAGCAGAG,1
GTTTGCACCCCAGGCAAAGCAGAGA,1
TTTGCACCCCAGGCAAAGCAGAGAG,1
TTGCACCCCAGGCAAAGCAGAGAGC,1
TGCACCCCAGGCAAAGCAGAGAGCN,1
GCACCCCAGGCAAAGCAGAGAGCNG,1
CACCCCAGGCAAAGCAGAGAGCNGA,1
ACCCCAGGCAAAGCAGAGAGCNGAG,1
CCCCAGGCAAAGCAGAGAGCNGAGN,1
CCCAGGCAAAGCAGAGAGCNGAGNT,1
CCAGGCAAAGCAGAGAGCNGAGNTT,1
CAGGCAAAGCAGAGAGCNGAGNTTC,1
AGGCAAAGCAGAGAGCNGAGNTTCN,1
GGCAAAGCAGAGAGCNGAGNTTCNT,1
GCAAAGCAGAGAGCNGAGNTTCNTC,1
CAAAGCAGAGAGCNGAGNTTCNTCA,1
AAAGCAGAGAGCNGAGNTTCNTCAG,1
AAGCAGAGAGCNGAGNTTCNTCAGT,1
AGCAGAGAGCNGAGNTTCNTCAGTC,1
GCAGAGAGCNGAGNTTCNTCAGTCC,1
CAGAGAGCNGAGNTTCNTCAGTCCA,1
AGAGAGCNGAGNTTCNTCAGTCCAC,1
GAGAGCNGAGNTTCNTCAGTCCACG,1
AGAGCNGAGNTTCNTCAGTCCACGC,1
GAGCNGAGNTTCNTCAGTCCACGCA,1
AGCNGAGNTTCNTCAGTCCACGCAG,1
GCNGAGNTTCNTCAGTCCACGCAGC,1
CNGAGNTTCNTCAGTCCACGCAGCG,1
NGAGNTTCNTCAGTCCACGCAGCGG,1
GAGNTTCNTCAGTCCACGCAGCGGT,1
AGNTTCNTCAGTCCACGCAGCGGTT,1
GNTTCNTCAGTCCACGCAGCGGTTC,1
CTGCCCTGCCCATGGCCATAGCCTT,1
TGCCCTGCCCATGGCCATAGCCTTT,1
GCCCTGCCCATGGCCATAGCCTTTC,1
CCCTGCCCATGGCCATAGCCTTTCT,1
CCTGCCCATGGCCATAGCCTTTCTG,1
CTGCCCATGGCCATAGCCTTTCTGC,1
TGCCCATGGCCATAGCCTTTCTGCT,1
GCCCATGGCCATAGCCTTTCTGCTT,1
CCCATGGCCATAGCCTTTCTGCTTG,1
CCATGGCCATAGCCTTTCTGCTTGC,1
CATGGCCATAGCCTTTCTGCTTGCC,1
ATGGCCATAGCCTTTCTGCTTGCCC,1
TGGCCATAGCCTTTCTGCTTGCCCT,1
GGCCATAGCCTTTCTGCTTGCCCTG,1
GCCATAGCCTTTCTGCTTGCCCTGT,1
CCATAGCCTTTCTGCTTGCCCTGTG,1
CATAGCCTTTCTGCTTGCCCTGTGG,1
ATAGCCTTTCTGCTTGCCCTGTGGC,1
TAGCCTTTCTGCTTGCCCTGTGGCG,1
AGCCTTTCTGCTTGCCCTGTGGCGT,1
GCCTTTCTGCTTGCCCTGTGGCGTG,1
CCTTTCTGCTTGCCCTGTGGCGTGC,1
CTTTCTGCTTGCCCTGTGGCGTGCC,1
TTTCTGCTTGCCCTGTGGCGTGCCG,1
TTCTGCTTGCCCTGTGGCGTGCCGC,1
TCTGCTTGCCCTGTGGCGTGCCGCA,1
CTGCTTGCCCTGTGGCGTGCCGCAG,1
TGCTTGCCCTGTGGCGTGCCGCAGC,1
GCTTGCCCTGTGGCGTGCCGCAGCT,1
CTTGCCCTGTGGCGTGCCGCAGCTG,1
TTGCCCTGTGGCGTGCCGCAGCTGC,1
TGCCCTGTGGCGTGCCGCAGCTGCT,1
GCCCTGTGGCGTGCCGCAGCTGCTG,1
CCCTGTGGCGTGCCGCAGCTGCTGT,1
CCTGTGGCGTGCCGCAGCTGCTGTA,1
CTGTGGCGTGCCGCAGCTGCTGTAC,1
TGTGGCGTGCCGCAGCTGCTGTACT,1
GTGGCGTGCCGCAGCTGCTGTACTG,1
TGGCGTGCCGCAGCTGCTGTACTGG,1
GGCGTGCCGCAGCTGCTGTACTGGC,1
GCGTGCCGCAGCTGCTGTACTGGCT,1
CGTGCCGCAGCTGCTGTACTGGCTC,1
GTGCCGCAGCTGCTGTACTGGCTCT,1
TGCCGCAGCTGCTGTACTGGCTCTG,1
GCCGCAGCTGCTGTACTGGCTCTGG,1
CCGCAGCTGCTGTACTGGCTCTGGT,1
CGCAGCTGCTGTACTGGCTCTGGTT,1
GCAGCTGCTGTACTGGCTCTGGTTG,1
CAGCTGCTGTACTGGCTCTGGTTGN,1
AGCTGCTGTACTGGCTCTGGTTGNA,1
GCTGCTGTACTGGCTCTGGTTGNAA,1
CTGCTGTACTGGCTCTGGTTGNAAG,1
TGCTGTACTGGCTCTGGTTGNAAGN,1
GCTGTACTGGCTCTGGTTGNAAGNT,1
CTGTACTGGCTCTGGTTGNAAGNTT,1
TGTACTGGCTCTGGTTGNAAGNTTG,1
GTACTGGCTCTGGTTGNAAGNTTGN,1
TACTGGCTCTGGTTGNAAGNTTGNT,1
ACTGGCTCTGGTTGNAAGNTTGNTG,1
CTGGCTCTGGTTGNAAGNTTGNTGC,1
TGGCTCTGGTTGNAAGNTTGNTGCT,1
GGCTCTGGTTGNAAGNTTGNTGCTG,1
GCTCTGGTTGNAAGNTTGNTGCTGG,1
CTCTGGTTGNAAGNTTGNTGCTGGC,1
TCTGGTTGNAAGNTTGNTGCTGGCC,1
CTGGTTGNAAGNTTGNTGCTGGCCC,1
TGGTTGNAAGNTTGNTGCTGGCCCT,1
GGTTGNAAGNTTGNTGCTGGCCCTG,1
GTTGNAAGNTTGNTGCTGGCCCTGG,1
TTGNAAGNTTGNTGCTGGCCCTGGT,1
TGNAAGNTTGNTGCTGGCCCTGGTG,1
GNAAGNTTGNTGCTGGCCCTGGTGG,1
NAAGNTTGNTGCTGGCCCTGGTGGG,1
AAGNTTGNTGCTGGCCCTGGTGGGA,1
AGNTTGNTGCTGGCCCTGGTGGGAC,1
GNTTGNTGCTGGCCCTGGTGGGACT,1
CAGCAGTTCTGTTCACGCCAATTCC,1
AGCAGTTCTGTTCACGCCAATTCCN,1
GCAGTTCTGTTCACGCCAATTCCNT,1
CAGTTCTGTTCACGCCAATTCCNTC,1
AGTTCTGTTCACGCCAATTCCNTCT,1
GTTCTGTTCACGCCAATTCCNTCTA,1
TTCTGTTCACGCCAATTCCNTCTAT,1
TCTGTTCACGCCAATTCCNTCTATC,1
CTGTTCACGCCAATTCCNTCTATCT,1
TGTTCACGCCAATTCCNTCTATCTC,1
GTTCACGCCAATTCCNTCTATCTCG,1
TTCACGCCAATTCCNTCTATCTCGA,1
TCACGCCAATTCCNTCTATCTCGAG,1
CACGCCAATTCCNTCTATCTCGAGT,1
ACGCCAATTCCNTCTATCTCGAGTT,1
CGCCAATTCCNTCTATCTCGAGTTA,1
GCCAATTCCNTCTATCTCGAGTTAT,1
CCAATTCCNTCTATCTCGAGTTATA,1
CAATTCCNTCTATCTCGAGTTATAA,1
AATTCCNTCTATCTCGAGTTATAAA,1
ATTCCNTCTATCTCGAGTTATAAAG,1
TTCCNTCTATCTCGAGTTATAAAGC,1
TCCNTCTATCTCGAGTTATAAAGCA,1
CCNTCTATCTCGAGTTATAAAGCAT,1
CNTCTATCTCGAGTTATAAAGCATT,1
NTCTATCTCGAGTTATAAAGCATTG,1
TCTATCTCGAGTTATAAAGCATTGA,1
CTATCTCGAGTTATAAAGCATTGAG,1
TATCTCGAGTTATAAAGCATTGAGA,1
ATCTCGAGTTATAAAGCATTGAGAC,1
TCTCGAGTTATAAAGCATTGAGACA,1
CTCGAGTTATAAAGCATTGAGACAC,1
TCGAGTTATAAAGCATTGAGACACA,1
CGAGTTATAAAGCATTGAGACACAT,1
GAGTTATAAAGCATTGAGACACATA,1
AGTTATAAAGCATTGAGACACATAG,1
GTTATAAAGCATTGAGACACATAGA,1
TTATAAAGCATTGAGACACATAGAG,1
TATAAAGCATTGAGACACATAGAGT,1
ATAAAGCATTGAGACACATAGAGTA,1
TAAAGCATTGAGACACATAGAGTAG,1
AAAGCATTGAGACACATAGAGTAGA,1
AAGCATTGAGACACATAGAGTAGAA,1
AGCATTGAGACACATAGAGTAGAAA,1
GCATTGAGACACATAGAGTAGAAAG,1
CATTGAGACACATAGAGTAGAAAGG,1
ATTGAGACACATAGAGTAGAAAGGC,1
TTGAGACACATAGAGTAGAAAGGCN,1
TGAGACACATAGAGTAGAAAGGCNN,1
GAGACACATAGAGTAGAAAGGCNNC,1
AGACACATAGAGTAGAAAGGCNNCN,1
GACACATAGAGTAGAAAGGCNNCNN,1
ACACATAGAGTAGAAAGGCNNCNNN,1
CACATAGAGTAGAAAGGCNNCNNNN,1
ACATAGAGTAGAAAGGCNNCNNNNT,1
CATAGAGTAGAAAGGCNNCNNNNTN,1
ATAGAGTAGAAAGGCNNCNNNNTNN,1
TAGAGTAGAAAGGCNNCNNNNTNNA,1
AGAGTAGAAAGGCNNCNNNNTNNAN,1
GAGTAGAAAGGCNNCNNNNTNNANN,1
AGTAGAAAGGCNNCNNNNTNNANNG,1
GTAGAAAGGCNNCNNNNTNNANNGT,1
TAGAAAGGCNNCNNNNTNNANNGTC,1
AGAAAGGCNNCNNNNTNNANNGTCT,1
GAAAGGCNNCNNNNTNNANNGTCTG,1
AAAGGCNNCNNNNTNNANNGTCTGG,1
AAGGCNNCNNNNTNNANNGTCTGGT,1
AGGCNNCNNNNTNNANNGTCTGGTC,1
GGCNNCNNNNTNNANNGTCTGGTCA,1
GCNNCNNNNTNNANNGTCTGGTCAA,1
CNNCNNNNTNNANNGTCTGGTCAAT,1
NNCNNNNTNNANNGTCTGGTCAATG,1
NCNNNNTNNANNGTCTGGTCAATGA,1
CNNNNTNNANNGTCTGGTCAATGAG,1
NNNNTNNANNGTCTGGTCAATGAGT,1
NNNTNNANNGTCTGGTCAATGAGTA,1
CCAGCAAGTCCGCCAGATCCGGAAG,1
CAGCAAGTCCGCCAGATCCGGAAGA,1
AGCAAGTCCGCCAGATCCGGAAGAA,1
GCAAGTCCGCCAGATCCGGAAGAAG,1
CAAGTCCGCCAGATCCGGAAGAAGA,1
AAGTCCGCCAGATCCGGAAGAAGAT,1
AGTCCGCCAGATCCGGAAGAAGATG,1
GTCCGCCAGATCCGGAAGAAGATGA,1
TCCGCCAGATCCGGAAGAAGATGAT,1
CCGCCAGATCCGGAAGAAGATGATG,1
CGCCAGATCCGGAAGAAGATGATGG,1
GCCAGATCCGGAAGAAGATGATGGA,1
CCAGATCCGGAAGAAGATGATGGAA,1
CAGATCCGGAAGAAGATGATGGAAA,1
AGATCCGGAAGAAGATGATGGAAAT,1
GATCCGGAAGAAGATGATGGAAATC,1
ATCCGGAAGAAGATGATGGAAATCA,1
TCCGGAAGAAGATGATGGAAATCAT,1
CCGGAAGAAGATGATGGAAATCATG,1
CGGAAGAAGATGATGGAAATCATGA,1
GGAAGAAGATGATGGAAATCATGAC,1
GAAGAAGATGATGGAAATCATGACC,1
AAGAAGATGATGGAAATCATGACCC,1
AGAAGATGATGGAAATCATGACCCG,1
GAAGATGATGGAAATCATGACCCGA,1
AAGATGATGGAAATCATGACCCGAG,1
AGATGATGGAAATCATGACCCGAGA,1
GATGATGGAAATCATGACCCGAGAG,1
ATGATGGAAATCATGACCCGAGAGG,1
TGATGGAAATCATGACCCGAGAGGT,1
GATGGAAATCATGACCCGAGAGGTG,1
ATGGAAATCATGACCCGAGAGGTGC,1
TGGAAATCATGACCCGAGAGGTGCA,1
GGAAATCATGACCCGAGAGGTGCAG,1
GAAATCATGACCCGAGAGGTGCAGA,1
AAATCATGACCCGAGAGGTGCAGAC,1
AATCATGACCCGAGAGGTGCAGACT,1
ATCATGACCCGAGAGGTGCAGACTA,1
TCATGACCCGAGAGGTGCAGACTAA,1
CATGACCCGAGAGGTGCAGACTAAT,1
ATGACCCGAGAGGTGCAGACTAATG,1
TGACCCGAGAGGTGCAGACTAATGA,1
GACCCGAGAGGTGCAGACTAATGAC,1
ACCCGAGAGGTGCAGACTAATGACT,1
CCCGAGAGGTGCAGACTAATGACTT,1
CCGAGAGGTGCAGACTAATGACTTG,1
CGAGAGGTGCAGACTAATGACTTGA,1
GAGAGGTGCAGACTAATGACTTGAN,1
AGAGGTGCAGACTAATGACTTGANN,1
GAGGTGCAGACTAATGACTTGANNG,1
AGGTGCAGACTAATGACTTGANNGN,1
GGTGCAGACTAATGACTTGANNGNN,1
GTGCAGACTAATGACTTGANNGNNN,1
TGCAGACTAATGACTTGANNGNNNN,1
GCAGACTAATGACTTGANNGNNNNA,1
CAGACTAATGACTTGANNGNNNNAN,1
AGACTAATGACTTGANNGNNNNANN,1
GACTAATGACTTGANNGNNNNANNT,1
ACTAATGACTTGANNGNNNNANNTA,1
CTAATGACTTGANNGNNNNANNTAA,1
TAATGACTTGANNGNNNNANNTAAT,1
AATGACTTGANNGNNNNANNTAATA,1
ATGACTTGANNGNNNNANNTAATAA,1
TGACTTGANNGNNNNANNTAATAAA,1
GACTTGANNGNNNNANNTAATAAAC,1
ACTTGANNGNNNNANNTAATAAACT,1
CTTGANNGNNNNANNTAATAAACTG,1
TTGANNGNNNNANNTAATAAACTGA,1
TGANNGNNNNANNTAATAAACTGAT,1
GANNGNNNNANNTAATAAACTGATT,1
ANNGNNNNANNTAATAAACTGATTC,1
NNGNNNNANNTAATAAACTGATTCC,1
NGNNNNANNTAATAAACTGATTCCA,1
GNNNNANNTAATAAACTGATTCCAG,1
NNNNANNTAATAAACTGATTCCAGA,1
NNNANNTAATAAACTGATTCCAGAC,1
CAGGCATGAGGGTGAAGCTGGTAGG,1
AGGCATGAGGGTGAAGCTGGTAGGC,1
GGCATGAGGGTGAAGCTGGTAGGCA,1
GCATGAGGGTGAAGCTGGTAGGCAG,1
CATGAGGGTGAAGCTGGTAGGCAGC,1
ATGAGGGTGAAGCTGGTAGGCAGCT,1
TGAGGGTGAAGCTGGTAGGCAGCTG,1
GAGGGTGAAGCTGGTAGGCAGCTGC,1
AGGGTGAAGCTGGTAGGCAGCTGCA,1
GGGTGAAGCTGGTAGGCAGCTGCAT,1
GGTGAAGCTGGTAGGCAGCTGCATA,1
GTGAAGCTGGTAGGCAGCTGCATAA,1
TGAAGCTGGTAGGCAGCTGCATAAG,1
GAAGCTGGTAGGCAGCTGCATAAGG,1
AAGCTGGTAGGCAGCTGCATAAGGC,1
AGCTGGTAGGCAGCTGCATAAGGCC,1
GCTGGTAGGCAGCTGCATAAGGCCC,1
CTGGTAGGCAGCTGCATAAGGCCCC,1
TGGTAGGCAGCTGCATAAGGCCCCC,1
GGTAGGCAGCTGCATAAGGCCCCCA,1
GTAGGCAGCTGCATAAGGCCCCCAG,1
TAGGCAGCTGCATAAGGCCCCCAGA,1
AGGCAGCTGCATAAGGCCCCCAGAG,1
GGCAGCTGCATAAGGCCCCCAGAGG,1
GCAGCTGCATAAGGCCCCCAGAGGA,1
CAGCTGCATAAGGCCCCCAGAGGAG,1
AGCTGCATAAGGCCCCCAGAGGAGA,1
GCTGCATAAGGCCCCCAGAGGAGAC,1
CTGCATAAGGCCCCCAGAGGAGACA,1
TGCATAAGGCCCCCAGAGGAGACAG,1
GCATAAGGCCCCCAGAGGAGACAGG,1
CATAAGGCCCCCAGAGGAGACAGGG,1
ATAAGGCCCCCAGAGGAGACAGGGC,1
TAAGGCCCCCAGAGGAGACAGGGCC,1
AAGGCCCCCAGAGGAGACAGGGCCG,1
AGGCCCCCAGAGGAGACAGGGCCGC,1
GGCCCCCAGAGGAGACAGGGCCGCT,1
GCCCCCAGAGGAGACAGGGCCGCTG,1
CCCCCAGAGGAGACAGGGCCGCTGC,1
CCCCAGAGGAGACAGGGCCGCTGCC,1
CCCAGAGGAGACAGGGCCGCTGCCT,1
CCAGAGGAGACAGGGCCGCTGCCTG,1
CAGAGGAGACAGGGCCGCTGCCTGT,1
AGAGGAGACAGGGCCGCTGCCTGTA,1
GAGGAGACAGGGCCGCTGCCTGTAC,1
AGGAGACAGGGCCGCTGCCTGTACT,1
GGAGACAGGGCCGCTGCCTGTACTC,1
GAGACAGGGCCGCTGCCTGTACTCT,1
AGACAGGGCCGCTGCCTGTACTCTN,1
GACAGGGCCGCTGCCTGTACTCTNG,1
ACAGGGCCGCTGCCTGTACTCTNGA,1
CAGGGCCGCTGCCTGTACTCTNGAG,1
AGGGCCGCTGCCTGTACTCTNGAGN,1
GGGCCGCTGCCTGTACTCTNGAGNA,1
GGCCGCTGCCTGTACTCTNGAGNAC,1
GCCGCTGCCTGTACTCTNGAGNACA,1
CCGCTGCCTGTACTCTNGAGNACAN,1
CGCTGCCTGTACTCTNGAGNACANT,1
GCTGCCTGTACTCTNGAGNACANTC,1
CTGCCTGTACTCTNGAGNACANTCC,1
TGCCTGTACTCTNGAGNACANTCCC,1
GCCTGTACTCTNGAGNACANTCCCG,1
CCTGTACTCTNGAGNACANTCCCGT,1
CTGTACTCTNGAGNACANTCCCGTT,1
TGTACTCTNGAGNACANTCCCGTTG,1
GTACTCTNGAGNACANTCCCGTTGG,1
TACTCTNGAGNACANTCCCGTTGGC,1
ACTCTNGAGNACANTCCCGTTGGCA,1
CTCTNGAGNACANTCCCGTTGGCAC,1
TCTNGAGNACANTCCCGTTGGCACT,1
CTNGAGNACANTCCCGTTGGCACTG,1
TNGAGNACANTCCCGTTGGCACTGC,1
NGAGNACANTCCCGTTGGCACTGCT,1
GAGNACANTCCCGTTGGCACTGCTG,1
AGNACANTCCCGTTGGCACTGCTGA,1
GNACANTCCCGTTGGCACTGCTGAC,1
GCGCTCTTGCTGCCAGCACTGCATC,1
CGCTCTTGCTGCCAGCACTGCATCA,1
GCTCTTGCTGCCAGCACTGCATCAT,1
CTCTTGCTGCCAGCACTGCATCATG,1
TCTTGCTGCCAGCACTGCATCATGA,1
CTTGCTGCCAGCACTGCATCATGAG,1
TTGCTGCCAGCACTGCATCATGAGC,1
TGCTGCCAGCACTGCATCATGAGCT,1
GCTGCCAGCACTGCATCATGAGCTG,1
CTGCCAGCACTGCATCATGAGCTGG,1
TGCCAGCACTGCATCATGAGCTGGT,1
GCCAGCACTGCATCATGAGCTGGTA,1
CCAGCACTGCATCATGAGCTGGTAA,1
CAGCACTGCATCATGAGCTGGTAAA,1
AGCACTGCATCATGAGCTGGTAAAT,1
GCACTGCATCATGAGCTGGTAAATG,1
CACTGCATCATGAGCTGGTAAATGG,1
ACTGCATCATGAGCTGGTAAATGGC,1
CTGCATCATGAGCTGGTAAATGGCT,1
TGCATCATGAGCTGGTAAATGGCTG,1
GCATCATGAGCTGGTAAATGGCTGA,1
CATCATGAGCTGGTAAATGGCTGAA,1
ATCATGAGCTGGTAAATGGCTGAAG,1
TCATGAGCTGGTAAATGGCTGAAGG,1
CATGAGCTGGTAAATGGCTGAAGGG,1
ATGAGCTGGTAAATGGCTGAAGGGC,1
TGAGCTGGTAAATGGCTGAAGGGCA,1
GAGCTGGTAAATGGCTGAAGGGCAG,1
AGCTGGTAAATGGCTGAAGGGCAGT,1
GCTGGTAAATGGCTGAAGGGCAGTC,1
CTGGTAAATGGCTGAAGGGCAGTCC,1
TGGTAAATGGCTGAAGGGCAGTCCA,1
GGTAAATGGCTGAAGGGCAGTCCAT,1
GTAAATGGCTGAAGGGCAGTCCATG,1
TAAATGGCTGAAGGGCAGTCCATGG,1
AAATGGCTGAAGGGCAGTCCATGGG,1
AATGGCTGAAGGGCAGTCCATGGGC,1
ATGGCTGAAGGGCAGTCCATGGGCG,1
TGGCTGAAGGGCAGTCCATGGGCGT,1
GGCTGAAGGGCAGTCCATGGGCGTG,1
GCTGAAGGGCAGTCCATGGGCGTGG,1
CTGAAGGGCAGTCCATGGGCGTGGG,1
TGAAGGGCAGTCCATGGGCGTGGGG,1
GAAGGGCAGTCCATGGGCGTGGGGA,1
AAGGGCAGTCCATGGGCGTGGGGAG,1
AGGGCAGTCCATGGGCGTGGGGAGC,1
GGGCAGTCCATGGGCGTGGGGAGCC,1
GGCAGTCCATGGGCGTGGGGAGCCN,1
GCAGTCCATGGGCGTGGGGAGCCNN,1
CAGTCCATGGGCGTGGGGAGCCNNA,1
AGTCCATGGGCGTGGGGAGCCNNAA,1
GTCCATGGGCGTGGGGAGCCNNAAN,1
TCCATGGGCGTGGGGAGCCNNAANN,1
CCATGGGCGTGGGGAGCCNNAANNN,1
CATGGGCGTGGGGAGCCNNAANNNG,1
ATGGGCGTGGGGAGCCNNAANNNGT,1
TGGGCGTGGGGAGCCNNAANNNGTN,1
GGGCGTGGGGAGCCNNAANNNGTNG,1
GGCGTGGGGAGCCNNAANNNGTNGT,1
GCGTGGGGAGCCNNAANNNGTNGTT,1
CGTGGGGAGCCNNAANNNGTNGTTG,1
GTGGGGAGCCNNAANNNGTNGTTGA,1
TGGGGAGCCNNAANNNGTNGTTGAT,1
GGGGAGCCNNAANNNGTNGTTGATG,1
GGGAGCCNNAANNNGTNGTTGATGG,1
GGAGCCNNAANNNGTNGTTGATGGC,1
GAGCCNNAANNNGTNGTTGATGGCT,1
AGCCNNAANNNGTNGTTGATGGCTT,1
GCCNNAANNNGTNGTTGATGGCTTT,1
CCNNAANNNGTNGTTGATGGCTTTC,1
CNNAANNNGTNGTTGATGGCTTTCA,1
NNAANNNGTNGTTGATGGCTTTCAT,1
NAANNNGTNGTTGATGGCTTTCATG,1
AANNNGTNGTTGATGGCTTTCATGA,1
ANNNGTNGTTGATGGCTTTCATGAC,1
NNNGTNGTTGATGGCTTTCATGACC,1
CTGCACCACAACTCAATATGAAAAA,1
TGCACCACAACTCAATATGAAAAAC,1
GCACCACAACTCAATATGAAAAACT,1
CACCACAACTCAATATGAAAAACTA,1
ACCACAACTCAATATGAAAAACTAT,1
CCACAACTCAATATGAAAAACTATT,1
CACAACTCAATATGAAAAACTATTT,1
ACAACTCAATATGAAAAACTATTTA,1
CAACTCAATATGAAAAACTATTTAA,1
AACTCAATATGAAAAACTATTTAAC,1
ACTCAATATGAAAAACTATTTAACT,1
CTCAATATGAAAAACTATTTAACTT,1
TCAATATGAAAAACTATTTAACTTA,1
CAATATGAAAAACTATTTAACTTAT,1
AATATGAAAAACTATTTAACTTATT,1
ATATGAAAAACTATTTAACTTATTT,1
TATGAAAAACTATTTAACTTATTTA,1
ATGAAAAACTATTTAACTTATTTAT,1
TGAAAAACTATTTAACTTATTTATT,1
GAAAAACTATTTAACTTATTTATTA,1
AAAAACTATTTAACTTATTTATTAT,1
AAAACTATTTAACTTATTTATTATC,1
AAACTATTTAACTTATTTATTATCT,1
AACTATTTAACTTATTTATTATCTT,1
ACTATTTAACTTATTTATTATCTTG,1
CTATTTAACTTATTTATTATCTTGT,1
TATTTAACTTATTTATTATCTTGTG,1
ATTTAACTTATTTATTATCTTGTGA,1
TTTAACTTATTTATTATCTTGTGAA,1
TTAACTTATTTATTATCTTGTGAAA,1
TAACTTATTTATTATCTTGTGAAAA,1
AACTTATTTATTATCTTGTGAAAAG,1
ACTTATTTATTATCTTGTGAAAAGT,1
CTTATTTATTATCTTGTGAAAAGTA,1
TTATTTATTATCTTGTGAAAAGTAT,1
TATTTATTATCTTGTGAAAAGTATA,1
ATTTATTATCTTGTGAAAAGTATAC,1
TTTATTATCTTGTGAAAAGTATACA,1
TTATTATCTTGTGAAAAGTATACAT,1
TATTATCTTGTGAAAAGTATACATT,1
ATTATCTTGTGAAAAGTATACATTG,1
TTATCTTGTGAAAAGTATACATTGA,1
TATCTTGTGAAAAGTATACATTGAG,1
ATCTTGTGAAAAGTATACATTGAGG,1
TCTTGTGAAAAGTATACATTGAGGA,1
CTTGTGAAAAGTATACATTGAGGAT,1
TTGTGAAAAGTATACATTGAGGATG,1
TGTGAAAAGTATACATTGAGGATGN,1
GTGAAAAGTATACATTGAGGATGNN,1
TGAAAAGTATACATTGAGGATGNNG,1
GAAAAGTATACATTGAGGATGNNGT,1
AAAAGTATACATTGAGGATGNNGTC,1
AAAGTATACATTGAGGATGNNGTCN,1
AAGTATACATTGAGGATGNNGTCNN,1
AGTATACATTGAGGATGNNGTCNNT,1
GTATACATTGAGGATGNNGTCNNTA,1
TATACATTGAGGATGNNGTCNNTAN,1
ATACATTGAGGATGNNGTCNNTANT,1
TACATTGAGGATGNNGTCNNTANTG,1
ACATTGAGGATGNNGTCNNTANTGT,1
CATTGAGGATGNNGTCNNTANTGTA,1
ATTGAGGATGNNGTCNNTANTGTAT,1
TTGAGGATGNNGTCNNTANTGTATT,1
TGAGGATGNNGTCNNTANTGTATTT,1
GAGGATGNNGTCNNTANTGTATTTA,1
AGGATGNNGTCNNTANTGTATTTAT,1
GGATGNNGTCNNTANTGTATTTATC,1
GATGNNGTCNNTANTGTATTTATCG,1
ATGNNGTCNNTANTGTATTTATCGA,1
TGNNGTCNNTANTGTATTTATCGAG,1
GNNGTCNNTANTGTATTTATCGAGT,1
NNGTCNNTANTGTATTTATCGAGTA,1
NGTCNNTANTGTATTTATCGAGTAT,1
GTCNNTANTGTATTTATCGAGTATG,1
TCNNTANTGTATTTATCGAGTATGA,1
CNNTANTGTATTTATCGAGTATGAT,1
CCTTGTTATAGGGCAGACTGAAGTG,1
CTTGTTATAGGGCAGACTGAAGTGG,1
TTGTTATAGGGCAGACTGAAGTGGA,1
TGTTATAGGGCAGACTGAAGTGGAC,1
GTTATAGGGCAGACTGAAGTGGACA,1
TTATAGGGCAGACTGAAGTGGACAT,1
TATAGGGCAGACTGAAGTGGACATC,1
ATAGGGCAGACTGAAGTGGACATCA,1
TAGGGCAGACTGAAGTGGACATCAT,1
AGGGCAGACTGAAGTGGACATCATG,1
GGGCAGACTGAAGTGGACATCATGA,1
GGCAGACTGAAGTGGACATCATGAG,1
GCAGACTGAAGTGGACATCATGAGT,1
CAGACTGAAGTGGACATCATGAGTC,1
AGACTGAAGTGGACATCATGAGTCA,1
GACTGAAGTGGACATCATGAGTCAT,1
ACTGAAGTGGACATCATGAGTCATG,1
CTGAAGTGGACATCATGAGTCATGC,1
TGAAGTGGACATCATGAGTCATGCC,1
GAAGTGGACATCATGAGTCATGCCA,1
AAGTGGACATCATGAGTCATGCCAC,1
AGTGGACATCATGAGTCATGCCACA,1
GTGGACATCATGAGTCATGCCACAC,1
TGGACATCATGAGTCATGCCACACA,1
GGACATCATGAGTCATGCCACACAA,1
GACATCATGAGTCATGCCACACAAG,1
ACATCATGAGTCATGCCACACAAGC,1
CATCATGAGTCATGCCACACAAGCT,1
ATCATGAGTCATGCCACACAAGCTA,1
TCATGAGTCATGCCACACAAGCTAT,1
CATGAGTCATGCCACACAAGCTATT,1
ATGAGTCATGCCACACAAGCTATTT,1
TGAGTCATGCCACACAAGCTATTTT,1
GAGTCATGCCACACAAGCTATTTTT,1
AGTCATGCCACACAAGCTATTTTTG,1
GTCATGCCACACAAGCTATTTTTGA,1
TCATGCCACACAAGCTATTTTTGAA,1
CATGCCACACAAGCTATTTTTGAAA,1
ATGCCACACAAGCTATTTTTGAAAT,1
TGCCACACAAGCTATTTTTGAAATT,1
GCCACACAAGCTATTTTTGAAATTC,1
CCACACAAGCTATTTTTGAAATTCT,1
CACACAAGCTATTTTTGAAATTCTG,1
ACACAAGCTATTTTTGAAATTCTGG,1
CACAAGCTATTTTTGAAATTCTGGA,1
ACAAGCTATTTTTGAAATTCTGGAG,1
CAAGCTATTTTTGAAATTCTGGAGA,1
AAGCTATTTTTGAAATTCTGGAGAA,1
AGCTATTTTTGAAATTCTGGAGAAN,1
GCTATTTTTGAAATTCTGGAGAANT,1
CTATTTTTGAAATTCTGGAGAANTC,1
TATTTTTGAAATTCTGGAGAANTCC,1
ATTTTTGAAATTCTGGAGAANTCCN,1
TTTTTGAAATTCTGGAGAANTCCNG,1
TTTTGAAATTCTGGAGAANTCCNGG,1
TTTGAAATTCTGGAGAANTCCNGGC,1
TTGAAATTCTGGAGAANTCCNGGCN,1
TGAAATTCTGGAGAANTCCNGGCNG,1
GAAATTCTGGAGAANTCCNGGCNGC,1
AAATTCTGGAGAANTCCNGGCNGCC,1
AATTCTGGAGAANTCCNGGCNGCCC,1
ATTCTGGAGAANTCCNGGCNGCCCC,1
TTCTGGAGAANTCCNGGCNGCCCCA,1
TCTGGAGAANTCCNGGCNGCCCCAG,1
CTGGAGAANTCCNGGCNGCCCCAGG,1
TGGAGAANTCCNGGCNGCCCCAGGA,1
GGAGAANTCCNGGCNGCCCCAGGAC,1
GAGAANTCCNGGCNGCCCCAGGACT,1
AGAANTCCNGGCNGCCCCAGGACTG,1
GAANTCCNGGCNGCCCCAGGACTGT,1
AANTCCNGGCNGCCCCAGGACTGTA,1
ANTCCNGGCNGCCCCAGGACTGTAC,1
NTCCNGGCNGCCCCAGGACTGTACG,1
TCCNGGCNGCCCCAGGACTGTACGC,1
CCNGGCNGCCCCAGGACTGTACGCT,1
CNGGCNGCCCCAGGACTGTACGCTG,1
TGGAGCACAAGTGAGAAGATGAGGA,1
GGAGCACAAGTGAGAAGATGAGGAG,1
GAGCACAAGTGAGAAGATGAGGAGA,1
AGCACAAGTGAGAAGATGAGGAGAG,1
GCACAAGTGAGAAGATGAGGAGAGA,1
CACAAGTGAGAAGATGAGGAGAGAG,1
ACAAGTGAGAAGATGAGGAGAGAGG,1
CAAGTGAGAAGATGAGGAGAGAGGT,1
AAGTGAGAAGATGAGGAGAGAGGTC,1
AGTGAGAAGATGAGGAGAGAGGTCT,1
GTGAGAAGATGAGGAGAGAGGTCTT,1
TGAGAAGATGAGGAGAGAGGTCTTT,1
GAGAAGATGAGGAGAGAGGTCTTTC,1
AGAAGATGAGGAGAGAGGTCTTTCC,1
GAAGATGAGGAGAGAGGTCTTTCCC,1
AAGATGAGGAGAGAGGTCTTTCCCT,1
AGATGAGGAGAGAGGTCTTTCCCTG,1
GATGAGGAGAGAGGTCTTTCCCTGT,1
ATGAGGAGAGAGGTCTTTCCCTGTG,1
TGAGGAGAGAGGTCTTTCCCTGTGC,1
GAGGAGAGAGGTCTTTCCCTGTGCC,1
AGGAGAGAGGTCTTTCCCTGTGCCC,1
GGAGAGAGGTCTTTCCCTGTGCCCT,1
GAGAGAGGTCTTTCCCTGTGCCCTC,1
AGAGAGGTCTTTCCCTGTGCCCTCT,1
GAGAGGTCTTTCCCTGTGCCCTCTG,1
AGAGGTCTTTCCCTGTGCCCTCTGG,1
GAGGTCTTTCCCTGTGCCCTCTGGG,1
AGGTCTTTCCCTGTGCCCTCTGGGA,1
GGTCTTTCCCTGTGCCCTCTGGGAT,1
GTCTTTCCCTGTGCCCTCTGGGATA,1
TCTTTCCCTGTGCCCTCTGGGATAG,1
CTTTCCCTGTGCCCTCTGGGATAGA,1
TTTCCCTGTGCCCTCTGGGATAGAT,1
TTCCCTGTGCCCTCTGGGATAGATC,1
TCCCTGTGCCCTCTGGGATAGATCA,1
CCCTGTGCCCTCTGGGATAGATCAG,1
CCTGTGCCCTCTGGGATAGATCAGT,1
CTGTGCCCTCTGGGATAGATCAGTT,1
TGTGCCCTCTGGGATAGATCAGTTC,1
GTGCCCTCTGGGATAGATCAGTTCT,1
TGCCCTCTGGGATAGATCAGTTCTC,1
GCCCTCTGGGATAGATCAGTTCTCA,1
CCCTCTGGGATAGATCAGTTCTCAC,1
CCTCTGGGATAGATCAGTTCTCACA,1
CTCTGGGATAGATCAGTTCTCACAT,1
TCTGGGATAGATCAGTTCTCACATC,1
CTGGGATAGATCAGTTCTCACATCC,1
TGGGATAGATCAGTTCTCACATCCN,1
GGGATAGATCAGTTCTCACATCCNT,1
GGATAGATCAGTTCTCACATCCNTG,1
GATAGATCAGTTCTCACATCCNTGC,1
ATAGATCAGTTCTCACATCCNTGCT,1
TAGATCAGTTCTCACATCCNTGCTT,1
AGATCAGTTCTCACATCCNTGCTTC,1
GATCAGTTCTCACATCCNTGCTTCT,1
ATCAGTTCTCACATCCNTGCTTCTA,1
TCAGTTCTCACATCCNTGCTTCTAG,1
CAGTTCTCACATCCNTGCTTCTAGC,1
AGTTCTCACATCCNTGCTTCTAGCC,1
GTTCTCACATCCNTGCTTCTAGCCA,1
TTCTCACATCCNTGCTTCTAGCCAC,1
TCTCACATCCNTGCTTCTAGCCACT,1
CTCACATCCNTGCTTCTAGCCACTG,1
TCACATCCNTGCTTCTAGCCACTGG,1
CACATCCNTGCTTCTAGCCACTGGC,1
ACATCCNTGCTTCTAGCCACTGGCT,1
CATCCNTGCTTCTAGCCACTGGCTG,1
ATCCNTGCTTCTAGCCACTGGCTGG,1
TCCNTGCTTCTAGCCACTGGCTGGC,1
CCNTGCTTCTAGCCACTGGCTGGCC,1
CNTGCTTCTAGCCACTGGCTGGCCC,1
NTGCTTCTAGCCACTGGCTGGCCCC,1
TGCTTCTAGCCACTGGCTGGCCCCA,1
GCTTCTAGCCACTGGCTGGCCCCAG,1
CTTCTAGCCACTGGCTGGCCCCAGC,1
GTTCTTTTGGCTTCGTATGCTGTCC,1
TTCTTTTGGCTTCGTATGCTGTCCA,1
TCTTTTGGCTTCGTATGCTGTCCAA,1
CTTTTGGCTTCGTATGCTGTCCAAG,1
TTTTGGCTTCGTATGCTGTCCAAGC,1
TTTGGCTTCGTATGCTGTCCAAGCC,1
TTGGCTTCGTATGCTGTCCAAGCCA,1
TGGCTTCGTATGCTGTCCAAGCCAA,1
GGCTTCGTATGCTGTCCAAGCCAAG,1
GCTTCGTATGCTGTCCAAGCCAAGT,1
CTTCGTATGCTGTCCAAGCCAAGTA,1
TTCGTATGCTGTCCAAGCCAAGTAT,1
TCGTATGCTGTCCAAGCCAAGTATG,1
CGTATGCTGTCCAAGCCAAGTATGG,1
GTATGCTGTCCAAGCCAAGTATGGA,1
TATGCTGTCCAAGCCAAGTATGGAG,1
ATGCTGTCCAAGCCAAGTATGGAGA,1
TGCTGTCCAAGCCAAGTATGGAGAT,1
GCTGTCCAAGCCAAGTATGGAGATT,1
CTGTCCAAGCCAAGTATGGAGATTA,1
TGTCCAAGCCAAGTATGGAGATTAT,1
GTCCAAGCCAAGTATGGAGATTATA,1
TCCAAGCCAAGTATGGAGATTATAA,1
CCAAGCCAAGTATGGAGATTATAAT,1
CAAGCCAAGTATGGAGATTATAATA,1
AAGCCAAGTATGGAGATTATAATAA,1
AGCCAAGTATGGAGATTATAATAAA,1
GCCAAGTATGGAGATTATAATAAAG,1
CCAAGTATGGAGATTATAATAAAGA,1
CAAGTATGGAGATTATAATAAAGAG,1
AAGTATGGAGATTATAATAAAGAGA,1
AGTATGGAGATTATAATAAAGAGAT,1
GTATGGAGATTATAATAAAGAGATT,1
TATGGAGATTATAATAAAGAGATTC,1
ATGGAGATTATAATAAAGAGATTCA,1
TGGAGATTATAATAAAGAGATTCAC,1
GGAGATTATAATAAAGAGATTCACA,1
GAGATTATAATAAAGAGATTCACAA,1
AGATTATAATAAAGAGATTCACAAA,1
GATTATAATAAAGAGATTCACAAAC,1
ATTATAATAAAGAGATTCACAAACC,1
TTATAATAAAGAGATTCACAAACCA,1
TATAATAAAGAGATTCACAAACCAG,1
ATAATAAAGAGATTCACAAACCAGG,1
TAATAAAGAGATTCACAAACCAGGC,1
AATAAAGAGATTCACAAACCAGGCT,1
ATAAAGAGATTCACAAACCAGGCTA,1
TAAAGAGATTCACAAACCAGGCTAN,1
AAAGAGATTCACAAACCAGGCTANN,1
AAGAGATTCACAAACCAGGCTANNT,1
AGAGATTCACAAACCAGGCTANNTG,1
GAGATTCACAAACCAGGCTANNTGN,1
AGATTCACAAACCAGGCTANNTGNN,1
GATTCACAAACCAGGCTANNTGNNN,1
ATTCACAAACCAGGCTANNTGNNNA,1
TTCACAAACCAGGCTANNTGNNNAA,1
TCACAAACCAGGCTANNTGNNNAAN,1
CACAAACCAGGCTANNTGNNNAANG,1
ACAAACCAGGCTANNTGNNNAANGA,1
CAAACCAGGCTANNTGNNNAANGAC,1
AAACCAGGCTANNTGNNNAANGACA,1
AACCAGGCTANNTGNNNAANGACAG,1
ACCAGGCTANNTGNNNAANGACAGA,1
CCAGGCTANNTGNNNAANGACAGAC,1
CAGGCTANNTGNNNAANGACAGACT,1
AGGCTANNTGNNNAANGACAGACTC,1
GGCTANNTGNNNAANGACAGACTCT,1
GCTANNTGNNNAANGACAGACTCTT,1
CTANNTGNNNAANGACAGACTCTTA,1
TANNTGNNNAANGACAGACTCTTAC,1
ANNTGNNNAANGACAGACTCTTACC,1
NNTGNNNAANGACAGACTCTTACCA,1
NTGNNNAANGACAGACTCTTACCAC,1
TGNNNAANGACAGACTCTTACCACA,1
GNNNAANGACAGACTCTTACCACAG,1
NNNAANGACAGACTCTTACCACAGC,1
CACGCAGCTTGTTGTCTAGACCGTT,1
ACGCAGCTTGTTGTCTAGACCGTTG,1
CGCAGCTTGTTGTCTAGACCGTTGG,1
GCAGCTTGTTGTCTAGACCGTTGGC,1
CAGCTTGTTGTCTAGACCGTTGGCC,1
AGCTTGTTGTCTAGACCGTTGGCCA,1
GCTTGTTGTCTAGACCGTTGGCCAG,1
CTTGTTGTCTAGACCGTTGGCCAGA,1
TTGTTGTCTAGACCGTTGGCCAGAA,1
TGTTGTCTAGACCGTTGGCCAGAAC,1
GTTGTCTAGACCGTTGGCCAGAACC,1
TTGTCTAGACCGTTGGCCAGAACCT,1
TGTCTAGACCGTTGGCCAGAACCTG,1
GTCTAGACCGTTGGCCAGAACCTGG,1
TCTAGACCGTTGGCCAGAACCTGGC,1
CTAGACCGTTGGCCAGAACCTGGCT,1
TAGACCGTTGGCCAGAACCTGGCTG,1
AGACCGTTGGCCAGAACCTGGCTGT,1
GACCGTTGGCCAGAACCTGGCTGTA,1
ACCGTTGGCCAGAACCTGGCTGTAC,1
CCGTTGGCCAGAACCTGGCTGTACT,1
CGTTGGCCAGAACCTGGCTGTACTT,1
GTTGGCCAGAACCTGGCTGTACTTC,1
TTGGCCAGAACCTGGCTGTACTTCC,1
TGGCCAGAACCTGGCTGTACTTCCC,1
GGCCAGAACCTGGCTGTACTTCCCA,1
GCCAGAACCTGGCTGTACTTCCCAT,1
CCAGAACCTGGCTGTACTTCCCATC,1
CAGAACCTGGCTGTACTTCCCATCC,1
AGAACCTGGCTGTACTTCCCATCCT,1
GAACCTGGCTGTACTTCCCATCCTT,1
AACCTGGCTGTACTTCCCATCCTTC,1
ACCTGGCTGTACTTCCCATCCTTCA,1
CCTGGCTGTACTTCCCATCCTTCAC,1
CTGGCTGTACTTCCCATCCTTCACA,1
TGGCTGTACTTCCCATCCTTCACAT,1
GGCTGTACTTCCCATCCTTCACATC,1
GCTGTACTTCCCATCCTTCACATCC,1
CTGTACTTCCCATCCTTCACATCCT,1
TGTACTTCCCATCCTTCACATCCTT,1
GTACTTCCCATCCTTCACATCCTTC,1
TACTTCCCATCCTTCACATCCTTCT,1
ACTTCCCATCCTTCACATCCTTCTG,1
CTTCCCATCCTTCACATCCTTCTGT,1
TTCCCATCCTTCACATCCTTCTGTC,1
TCCCATCCTTCACATCCTTCTGTCT,1
CCCATCCTTCACATCCTTCTGTCTG,1
CCATCCTTCACATCCTTCTGTCTGT,1
CATCCTTCACATCCTTCTGTCTGTN,1
ATCCTTCACATCCTTCTGTCTGTNC,1
TCCTTCACATCCTTCTGTCTGTNCA,1
CCTTCACATCCTTCTGTCTGTNCAG,1
CTTCACATCCTTCTGTCTGTNCAGN,1
TTCACATCCTTCTGTCTGTNCAGNA,1
TCACATCCTTCTGTCTGTNCAGNAA,1
CACATCCTTCTGTCTGTNCAGNAAC,1
ACATCCTTCTGTCTGTNCAGNAACN,1
CATCCTTCTGTCTGTNCAGNAACNA,1
ATCCTTCTGTCTGTNCAGNAACNAG,1
TCCTTCTGTCTGTNCAGNAACNAGT,1
CCTTCTGTCTGTNCAGNAACNAGTC,1
CTTCTGTCTGTNCAGNAACNAGTCT,1
TTCTGTCTGTNCAGNAACNAGTCTG,1
TCTGTCTGTNCAGNAACNAGTCTGG,1
CTGTCTGTNCAGNAACNAGTCTGGG,1
TGTCTGTNCAGNAACNAGTCTGGGA,1
GTCTGTNCAGNAACNAGTCTGGGAT,1
TCTGTNCAGNAACNAGTCTGGGATC,1
CTGTNCAGNAACNAGTCTGGGATCT,1
TGTNCAGNAACNAGTCTGGGATCTT,1
GTNCAGNAACNAGTCTGGGATCTTG,1
TNCAGNAACNAGTCTGGGATCTTGT,1
NCAGNAACNAGTCTGGGATCTTGTA,1
CAGNAACNAGTCTGGGATCTTGTAC,1
AGNAACNAGTCTGGGATCTTGTACT,1
GNAACNAGTCTGGGATCTTGTACTG,1
CGTGCTGGAAGGTGAGATGCTGAAC,1
GTGCTGGAAGGTGAGATGCTGAACN,1
TGCTGGAAGGTGAGATGCTGAACNT,1
GCTGGAAGGTGAGATGCTGAACNTG,1
CTGGAAGGTGAGATGCTGAACNTGT,1
TGGAAGGTGAGATGCTGAACNTGTG,1
GGAAGGTGAGATGCTGAACNTGTGC,1
GAAGGTGAGATGCTGAACNTGTGCA,1
AAGGTGAGATGCTGAACNTGTGCAG,1
AGGTGAGATGCTGAACNTGTGCAGA,1
GGTGAGATGCTGAACNTGTGCAGAC,1
GTGAGATGCTGAACNTGTGCAGACA,1
TGAGATGCTGAACNTGTGCAGACAC,1
GAGATGCTGAACNTGTGCAGACACA,1
AGATGCTGAACNTGTGCAGACACAG,1
GATGCTGAACNTGTGCAGACACAGC,1
ATGCTGAACNTGTGCAGACACAGCC,1
TGCTGAACNTGTGCAGACACAGCCC,1
GCTGAACNTGTGCAGACACAGCCCC,1
CTGAACNTGTGCAGACACAGCCCCA,1
TGAACNTGTGCAGACACAGCCCCAG,1
GAACNTGTGCAGACACAGCCCCAGA,1
AACNTGTGCAGACACAGCCCCAGAC,1
ACNTGTGCAGACACAGCCCCAGACA,1
CNTGTGCAGACACAGCCCCAGACAC,1
NTGTGCAGACACAGCCCCAGACACT,1
TGTGCAGACACAGCCCCAGACACTG,1
GTGCAGACACAGCCCCAGACACTGG,1
TGCAGACACAGCCCCAGACACTGGC,1
GCAGACACAGCCCCAGACACTGGCC,1
CAGACACAGCCCCAGACACTGGCCA,1
AGACACAGCCCCAGACACTGGCCAC,1
GACACAGCCCCAGACACTGGCCACG,1
ACACAGCCCCAGACACTGGCCACGT,1
CACAGCCCCAGACACTGGCCACGTG,1
ACAGCCCCAGACACTGGCCACGTGG,1
CAGCCCCAGACACTGGCCACGTGGG,1
AGCCCCAGACACTGGCCACGTGGGC,1
GCCCCAGACACTGGCCACGTGGGCA,1
CCCCAGACACTGGCCACGTGGGCAG,1
CCCAGACACTGGCCACGTGGGCAGA,1
CCAGACACTGGCCACGTGGGCAGAG,1
CAGACACTGGCCACGTGGGCAGAGC,1
AGACACTGGCCACGTGGGCAGAGCC,1
GACACTGGCCACGTGGGCAGAGCCT,1
ACACTGGCCACGTGGGCAGAGCCTC,1
CACTGGCCACGTGGGCAGAGCCTCC,1
ACTGGCCACGTGGGCAGAGCCTCCN,1
CTGGCCACGTGGGCAGAGCCTCCNN,1
TGGCCACGTGGGCAGAGCCTCCNNA,1
GGCCACGTGGGCAGAGCCTCCNNAN,1
GCCACGTGGGCAGAGCCTCCNNANN,1
CCACGTGGGCAGAGCCTCCNNANNN,1
CACGTGGGCAGAGCCTCCNNANNNN,1
ACGTGGGCAGAGCCTCCNNANNNNG,1
CGTGGGCAGAGCCTCCNNANNNNGN,1
GTGGGCAGAGCCTCCNNANNNNGNN,1
TGGGCAGAGCCTCCNNANNNNGNNG,1
GGGCAGAGCCTCCNNANNNNGNNGN,1
GGCAGAGCCTCCNNANNNNGNNGNN,1
GCAGAGCCTCCNNANNNNGNNGNNC,1
CAGAGCCTCCNNANNNNGNNGNNCA,1
AGAGCCTCCNNANNNNGNNGNNCAG,1
GAGCCTCCNNANNNNGNNGNNCAGG,1
AGCCTCCNNANNNNGNNGNNCAGGT,1
GCCTCCNNANNNNGNNGNNCAGGTG,1
CCTCCNNANNNNGNNGNNCAGGTGC,1
CTCCNNANNNNGNNGNNCAGGTGCA,1
TCCNNANNNNGNNGNNCAGGTGCAT,1
CCNNANNNNGNNGNNCAGGTGCATG,1
CNNANNNNGNNGNNCAGGTGCATGT,1
NNANNNNGNNGNNCAGGTGCATGTG,1
NANNNNGNNGNNCAGGTGCATGTGG,1
ANNNNGNNGNNCAGGTGCATGTGGT,1
NNNNGNNGNNCAGGTGCATGTGGTG,1
NNNGNNGNNCAGGTGCATGTGGTGC,1
CTTCCAACATGTCTCCACTCTCAAT,1
TTCCAACATGTCTCCACTCTCAATG,1
TCCAACATGTCTCCACTCTCAATGA,1
CCAACATGTCTCCACTCTCAATGAC,1
CAACATGTCTCCACTCTCAATGACT,1
AACATGTCTCCACTCTCAATGACTC,1
ACATGTCTCCACTCTCAATGACTCT,1
CATGTCTCCACTCTCAATGACTCTG,1
ATGTCTCCACTCTCAATGACTCTGA,1
TGTCTCCACTCTCAATGACTCTGAT,1
GTCTCCACTCTCAATGACTCTGATC,1
TCTCCACTCTCAATGACTCTGATCT,1
CTCCACTCTCAATGACTCTGATCTC,1
TCCACTCTCAATGACTCTGATCTCC,1
CCACTCTCAATGACTCTGATCTCCG,1
CACTCTCAATGACTCTGATCTCCGG,1
ACTCTCAATGACTCTGATCTCCGGT,1
CTCTCAATGACTCTGATCTCCGGTC,1
TCTCAATGACTCTGATCTCCGGTCT,1
CTCAATGACTCTGATCTCCGGTCTG,1
TCAATGACTCTGATCTCCGGTCTGT,1
CAATGACTCTGATCTCCGGTCTGTC,1
AATGACTCTGATCTCCGGTCTGTCT,1
ATGACTCTGATCTCCGGTCTGTCTG,1
TGACTCTGATCTCCGGTCTGTCTGT,1
GACTCTGATCTCCGGTCTGTCTGTT,1
ACTCTGATCTCCGGTCTGTCTGTTA,1
CTCTGATCTCCGGTCTGTCTGTTAA,1
TCTGATCTCCGGTCTGTCTGTTAAT,1
CTGATCTCCGGTCTGTCTGTTAATT,1
TGATCTCCGGTCTGTCTGTTAATTC,1
GATCTCCGGTCTGTCTGTTAATTCT,1
ATCTCCGGTCTGTCTGTTAATTCTG,1
TCTCCGGTCTGTCTGTTAATTCTGG,1
CTCCGGTCTGTCTGTTAATTCTGGA,1
TCCGGTCTGTCTGTTAATTCTGGAT,1
CCGGTCTGTCTGTTAATTCTGGATT,1
CGGTCTGTCTGTTAATTCTGGATTT,1
GGTCTGTCTGTTAATTCTGGATTTG,1
GTCTGTCTGTTAATTCTGGATTTGT,1
TCTGTCTGTTAATTCTGGATTTGTC,1
CTGTCTGTTAATTCTGGATTTGTCG,1
TGTCTGTTAATTCTGGATTTGTCGG,1
GTCTGTTAATTCTGGATTTGTCGGG,1
TCTGTTAATTCTGGATTTGTCGGGG,1
CTGTTAATTCTGGATTTGTCGGGGA,1
TGTTAATTCTGGATTTGTCGGGGAC,1
GTTAATTCTGGATTTGTCGGGGACA,1
TTAATTCTGGATTTGTCGGGGACAN,1
TAATTCTGGATTTGTCGGGGACANG,1
AATTCTGGATTTGTCGGGGACANGC,1
ATTCTGGATTTGTCGGGGACANGCA,1
TTCTGGATTTGTCGGGGACANGCAN,1
TCTGGATTTGTCGGGGACANGCANT,1
CTGGATTTGTCGGGGACANGCANTT,1
TGGATTTGTCGGGGACANGCANTTT,1
GGATTTGTCGGGGACANGCANTTTN,1
GATTTGTCGGGGACANGCANTTTNA,1
ATTTGTCGGGGACANGCANTTTNAC,1
TTTGTCGGGGACANGCANTTTNACT,1
TTGTCGGGGACANGCANTTTNACTT,1
TGTCGGGGACANGCANTTTNACTTC,1
GTCGGGGACANGCANTTTNACTTCT,1
TCGGGGACANGCANTTTNACTTCTG,1
CGGGGACANGCANTTTNACTTCTGT,1
GGGGACANGCANTTTNACTTCTGTA,1
GGGACANGCANTTTNACTTCTGTAA,1
GGACANGCANTTTNACTTCTGTAAG,1
GACANGCANTTTNACTTCTGTAAGT,1
ACANGCANTTTNACTTCTGTAAGTA,1
CANGCANTTTNACTTCTGTAAGTAA,1
ANGCANTTTNACTTCTGTAAGTAAG,1
NGCANTTTNACTTCTGTAAGTAAGT,1
GCANTTTNACTTCTGTAAGTAAGTG,1
CANTTTNACTTCTGTAAGTAAGTGT,1
ANTTTNACTTCTGTAAGTAAGTGTG,1
AGACTACATGAAATCACTCAAAGGC,1
GACTACATGAAATCACTCAAAGGCA,1
ACTACATGAAATCACTCAAAGGCAA,1
CTACATGAAATCACTCAAAGGCAAA,1
TACATGAAATCACTCAAAGGCAAAC,1
ACATGAAATCACTCAAAGGCAAACT,1
CATGAAATCACTCAAAGGCAAACTT,1
ATGAAATCACTCAAAGGCAAACTTG,1
TGAAATCACTCAAAGGCAAACTTGA,1
GAAATCACTCAAAGGCAAACTTGAA,1
AAATCACTCAAAGGCAAACTTGAAG,1
AATCACTCAAAGGCAAACTTGAAGA,1
ATCACTCAAAGGCAAACTTGAAGAG,1
TCACTCAAAGGCAAACTTGAAGAGC,1
CACTCAAAGGCAAACTTGAAGAGCA,1
ACTCAAAGGCAAACTTGAAGAGCAG,1
CTCAAAGGCAAACTTGAAGAGCAGA,1
TCAAAGGCAAACTTGAAGAGCAGAN,1
CAAAGGCAAACTTGAAGAGCAGANN,1
AAAGGCAAACTTGAAGAGCAGANNC,1
AAGGCAAACTTGAAGAGCAGANNCC,1
AGGCAAACTTGAAGAGCAGANNCCA,1
GGCAAACTTGAAGAGCAGANNCCAN,1
GCAAACTTGAAGAGCAGANNCCANA,1
CAAACTTGAAGAGCAGANNCCANAA,1
AAACTTGAAGAGCAGANNCCANAAA,1
AACTTGAAGAGCAGANNCCANAAAN,1
ACTTGAAGAGCAGANNCCANAAANA,1
CTTGAAGAGCAGANNCCANAAANAG,1
TTGAAGAGCAGANNCCANAAANAGT,1
TGAAGAGCAGANNCCANAAANAGTA,1
GAAGAGCAGANNCCANAAANAGTAA,1
AAGAGCAGANNCCANAAANAGTAAA,1
AGAGCAGANNCCANAAANAGTAAAG,1
GAGCAGANNCCANAAANAGTAAAGC,1
AGCAGANNCCANAAANAGTAAAGCC,1
GCAGANNCCANAAANAGTAAAGCCT,1
CAGANNCCANAAANAGTAAAGCCTT,1
AGANNCCANAAANAGTAAAGCCTTT,1
GANNCCANAAANAGTAAAGCCTTTT,1
ANNCCANAAANAGTAAAGCCTTTTA,1
NNCCANAAANAGTAAAGCCTTTTAT,1
NCCANAAANAGTAAAGCCTTTTATG,1
CCANAAANAGTAAAGCCTTTTATGA,1
CANAAANAGTAAAGCCTTTTATGAC,1
ANAAANAGTAAAGCCTTTTATGACT,1
CTGGCATGTAGCCTGCCATGTCCCG,1
TGGCATGTAGCCTGCCATGTCCCGA,1
GGCATGTAGCCTGCCATGTCCCGAG,1
GCATGTAGCCTGCCATGTCCCGAGA,1
CATGTAGCCTGCCATGTCCCGAGAC,1
ATGTAGCCTGCCATGTCCCGAGACA,1
TGTAGCCTGCCATGTCCCGAGACAG,1
GTAGCCTGCCATGTCCCGAGACAGC,1
TAGCCTGCCATGTCCCGAGACAGCA,1
AGCCTGCCATGTCCCGAGACAGCAA,1
GCCTGCCATGTCCCGAGACAGCAAT,1
CCTGCCATGTCCCGAGACAGCAATG,1
CTGCCATGTCCCGAGACAGCAATGA,1
TGCCATGTCCCGAGACAGCAATGAG,1
GCCATGTCCCGAGACAGCAATGAGT,1
CCATGTCCCGAGACAGCAATGAGTC,1
CATGTCCCGAGACAGCAATGAGTCA,1
ATGTCCCGAGACAGCAATGAGTCAA,1
TGTCCCGAGACAGCAATGAGTCAAA,1
GTCCCGAGACAGCAATGAGTCAAAG,1
TCCCGAGACAGCAATGAGTCAAAGG,1
CCCGAGACAGCAATGAGTCAAAGGC,1
CCGAGACAGCAATGAGTCAAAGGCA,1
CGAGACAGCAATGAGTCAAAGGCAG,1
GAGACAGCAATGAGTCAAAGGCAGG,1
AGACAGCAATGAGTCAAAGGCAGGC,1
GACAGCAATGAGTCAAAGGCAGGCC,1
ACAGCAATGAGTCAAAGGCAGGCCG,1
CAGCAATGAGTCAAAGGCAGGCCGG,1
AGCAATGAGTCAAAGGCAGGCCGGG,1
GCAATGAGTCAAAGGCAGGCCGGGG,1
CAATGAGTCAAAGGCAGGCCGGGGA,1
AATGAGTCAAAGGCAGGCCGGGGAG,1
ATGAGTCAAAGGCAGGCCGGGGAGG,1
TGAGTCAAAGGCAGGCCGGGGAGGG,1
GAGTCAAAGGCAGGCCGGGGAGGGT,1
AGTCAAAGGCAGGCCGGGGAGGGTC,1
GTCAAAGGCAGGCCGGGGAGGGTCA,1
TCAAAGGCAGGCCGGGGAGGGTCAT,1
CAAAGGCAGGCCGGGGAGGGTCATC,1
AAAGGCAGGCCGGGGAGGGTCATCT,1
AAGGCAGGCCGGGGAGGGTCATCTG,1
AGGCAGGCCGGGGAGGGTCATCTGC,1
GGCAGGCCGGGGAGGGTCATCTGCG,1
GCAGGCCGGGGAGGGTCATCTGCGG,1
CAGGCCGGGGAGGGTCATCTGCGGA,1
AGGCCGGGGAGGGTCATCTGCGGAG,1
GGCCGGGGAGGGTCATCTGCGGAGT,1
GCCGGGGAGGGTCATCTGCGGAGTN,1
CCGGGGAGGGTCATCTGCGGAGTNA,1
CGGGGAGGGTCATCTGCGGAGTNAA,1
GGGGAGGGTCATCTGCGGAGTNAAA,1
GGGAGGGTCATCTGCGGAGTNAAAN,1
GGAGGGTCATCTGCGGAGTNAAANG,1
GAGGGTCATCTGCGGAGTNAAANGG,1
AGGGTCATCTGCGGAGTNAAANGGA,1
GGGTCATCTGCGGAGTNAAANGGAN,1
GGTCATCTGCGGAGTNAAANGGANT,1
GTCATCTGCGGAGTNAAANGGANTG,1
TCATCTGCGGAGTNAAANGGANTGG,1
CATCTGCGGAGTNAAANGGANTGGC,1
ATCTGCGGAGTNAAANGGANTGGCT,1
TCTGCGGAGTNAAANGGANTGGCTG,1
CTGCGGAGTNAAANGGANTGGCTGT,1
TGCGGAGTNAAANGGANTGGCTGTG,1
GCGGAGTNAAANGGANTGGCTGTGT,1
CGGAGTNAAANGGANTGGCTGTGTC,1
GGAGTNAAANGGANTGGCTGTGTCG,1
GAGTNAAANGGANTGGCTGTGTCGG,1
AGTNAAANGGANTGGCTGTGTCGGC,1
GTNAAANGGANTGGCTGTGTCGGCA,1
TNAAANGGANTGGCTGTGTCGGCAG,1
NAAANGGANTGGCTGTGTCGGCAGC,1
AAANGGANTGGCTGTGTCGGCAGCT,1
AANGGANTGGCTGTGTCGGCAGCTT,1
ANGGANTGGCTGTGTCGGCAGCTTT,1
CTGACTTCCACAGCTCCCATCAGTG,1
TGACTTCCACAGCTCCCATCAGTGC,1
GACTTCCACAGCTCCCATCAGTGCT,1
ACTTCCACAGCTCCCATCAGTGCTG,1
CTTCCACAGCTCCCATCAGTGCTGC,1
TTCCACAGCTCCCATCAGTGCTGCC,1
TCCACAGCTCCCATCAGTGCTGCCA,1
CCACAGCTCCCATCAGTGCTGCCAC,1
CACAGCTCCCATCAGTGCTGCCACC,1
ACAGCTCCCATCAGTGCTGCCACCA,1
CAGCTCCCATCAGTGCTGCCACCAT,1
AGCTCCCATCAGTGCTGCCACCATC,1
GCTCCCATCAGTGCTGCCACCATCC,1
CTCCCATCAGTGCTGCCACCATCCG,1
TCCCATCAGTGCTGCCACCATCCGA,1
CCCATCAGTGCTGCCACCATCCGAG,1
CCATCAGTGCTGCCACCATCCGAGT,1
CATCAGTGCTGCCACCATCCGAGTG,1
ATCAGTGCTGCCACCATCCGAGTGT,1
TCAGTGCTGCCACCATCCGAGTGTC,1
CAGTGCTGCCACCATCCGAGTGTCC,1
AGTGCTGCCACCATCCGAGTGTCCC,1
GTGCTGCCACCATCCGAGTGTCCCC,1
TGCTGCCACCATCCGAGTGTCCCCA,1
GCTGCCACCATCCGAGTGTCCCCAG,1
CTGCCACCATCCGAGTGTCCCCAGA,1
TGCCACCATCCGAGTGTCCCCAGAC,1
GCCACCATCCGAGTGTCCCCAGACT,1
CCACCATCCGAGTGTCCCCAGACTG,1
CACCATCCGAGTGTCCCCAGACTGT,1
ACCATCCGAGTGTCCCCAGACTGTG,1
CCATCCGAGTGTCCCCAGACTGTGG,1
CATCCGAGTGTCCCCAGACTGTGGG,1
ATCCGAGTGTCCCCAGACTGTGGGA,1
TCCGAGTGTCCCCAGACTGTGGGAA,1
CCGAGTGTCCCCAGACTGTGGGAAG,1
CGAGTGTCCCCAGACTGTGGGAAGC,1
GAGTGTCCCCAGACTGTGGGAAGCC,1
AGTGTCCCCAGACTGTGGGAAGCCT,1
GTGTCCCCAGACTGTGGGAAGCCTC,1
TGTCCCCAGACTGTGGGAAGCCTCA,1
GTCCCCAGACTGTGGGAAGCCTCAG,1
TCCCCAGACTGTGGGAAGCCTCAGC,1
CCCCAGACTGTGGGAAGCCTCAGCA,1
CCCAGACTGTGGGAAGCCTCAGCAG,1
CCAGACTGTGGGAAGCCTCAGCAGC,1
CAGACTGTGGGAAGCCTCAGCAGCT,1
AGACTGTGGGAAGCCTCAGCAGCTN,1
GACTGTGGGAAGCCTCAGCAGCTNN,1
ACTGTGGGAAGCCTCAGCAGCTNNA,1
CTGTGGGAAGCCTCAGCAGCTNNAC,1
TGTGGGAAGCCTCAGCAGCTNNACN,1
GTGGGAAGCCTCAGCAGCTNNACNN,1
TGGGAAGCCTCAGCAGCTNNACNNN,1
GGGAAGCCTCAGCAGCTNNACNNNA,1
GGAAGCCTCAGCAGCTNNACNNNAT,1
GAAGCCTCAGCAGCTNNACNNNATN,1
AAGCCTCAGCAGCTNNACNNNATNG,1
AGCCTCAGCAGCTNNACNNNATNGT,1
GCCTCAGCAGCTNNACNNNATNGTG,1
CCTCAGCAGCTNNACNNNATNGTGG,1
CTCAGCAGCTNNACNNNATNGTGGG,1
TCAGCAGCTNNACNNNATNGTGGGA,1
CAGCAGCTNNACNNNATNGTGGGAG,1
AGCAGCTNNACNNNATNGTGGGAGG,1
GCAGCTNNACNNNATNGTGGGAGGT,1
CAGCTNNACNNNATNGTGGGAGGTG,1
AGCTNNACNNNATNGTGGGAGGTGA,1
GCTNNACNNNATNGTGGGAGGTGAG,1
CTNNACNNNATNGTGGGAGGTGAGG,1
TNNACNNNATNGTGGGAGGTGAGGA,1
NNACNNNATNGTGGGAGGTGAGGAC,1
NACNNNATNGTGGGAGGTGAGGACA,1
ACNNNATNGTGGGAGGTGAGGACAG,1
CNNNATNGTGGGAGGTGAGGACAGC,1
NNNATNGTGGGAGGTGAGGACAGCA,1
GTTTGTCATTGCCACCTCTACAAAA,1
TTTGTCATTGCCACCTCTACAAAAG,1
TTGTCATTGCCACCTCTACAAAAGT,1
TGTCATTGCCACCTCTACAAAAGTT,1
GTCATTGCCACCTCTACAAAAGTTG,1
TCATTGCCACCTCTACAAAAGTTGA,1
CATTGCCACCTCTACAAAAGTTGAT,1
ATTGCCACCTCTACAAAAGTTGATA,1
TTGCCACCTCTACAAAAGTTGATAT,1
TGCCACCTCTACAAAAGTTGATATC,1
GCCACCTCTACAAAAGTTGATATCA,1
CCACCTCTACAAAAGTTGATATCAG,1
CACCTCTACAAAAGTTGATATCAGC,1
ACCTCTACAAAAGTTGATATCAGCG,1
CCTCTACAAAAGTTGATATCAGCGA,1
CTCTACAAAAGTTGATATCAGCGAT,1
TCTACAAAAGTTGATATCAGCGATG,1
CTACAAAAGTTGATATCAGCGATGT,1
TACAAAAGTTGATATCAGCGATGTT,1
ACAAAAGTTGATATCAGCGATGTTA,1
CAAAAGTTGATATCAGCGATGTTAA,1
AAAAGTTGATATCAGCGATGTTAAA,1
AAAGTTGATATCAGCGATGTTAAAA,1
AAGTTGATATCAGCGATGTTAAAAT,1
AGTTGATATCAGCGATGTTAAAATC,1
GTTGATATCAGCGATGTTAAAATCC,1
TTGATATCAGCGATGTTAAAATCCC,1
TGATATCAGCGATGTTAAAATCCCC,1
GATATCAGCGATGTTAAAATCCCCA,1
ATATCAGCGATGTTAAAATCCCCAA,1
TATCAGCGATGTTAAAATCCCCAAA,1
ATCAGCGATGTTAAAATCCCCAAAC,1
TCAGCGATGTTAAAATCCCCAAACA,1
CAGCGATGTTAAAATCCCCAAACAC,1
AGCGATGTTAAAATCCCCAAACACC,1
GCGATGTTAAAATCCCCAAACACCT,1
CGATGTTAAAATCCCCAAACACCTG,1
GATGTTAAAATCCCCAAACACCTGA,1
ATGTTAAAATCCCCAAACACCTGAC,1
TGTTAAAATCCCCAAACACCTGACT,1
GTTAAAATCCCCAAACACCTGACTG,1
TTAAAATCCCCAAACACCTGACTGA,1
TAAAATCCCCAAACACCTGACTGAC,1
AAAATCCCCAAACACCTGACTGACG,1
AAATCCCCAAACACCTGACTGACGC,1
AATCCCCAAACACCTGACTGACGCT,1
ATCCCCAAACACCTGACTGACGCTT,1
TCCCCAAACACCTGACTGACGCTTA,1
CCCCAAACACCTGACTGACGCTTAN,1
CCCAAACACCTGACTGACGCTTANT,1
CCAAACACCTGACTGACGCTTANTT,1
CAAACACCTGACTGACGCTTANTTC,1
AAACACCTGACTGACGCTTANTTCN,1
AACACCTGACTGACGCTTANTTCNA,1
ACACCTGACTGACGCTTANTTCNAG,1
CACCTGACTGACGCTTANTTCNAGA,1
ACCTGACTGACGCTTANTTCNAGAN,1
CCTGACTGACGCTTANTTCNAGANG,1
CTGACTGACGCTTANTTCNAGANGA,1
TGACTGACGCTTANTTCNAGANGAA,1
GACTGACGCTTANTTCNAGANGAAG,1
ACTGACGCTTANTTCNAGANGAAGC,1
CTGACGCTTANTTCNAGANGAAGCA,1
TGACGCTTANTTCNAGANGAAGCAG,1
GACGCTTANTTCNAGANGAAGCAGC,1
ACGCTTANTTCNAGANGAAGCAGCT,1
CGCTTANTTCNAGANGAAGCAGCTG,1
GCTTANTTCNAGANGAAGCAGCTGC,1
CTTANTTCNAGANGAAGCAGCTGCG,1
TTANTTCNAGANGAAGCAGCTGCGC,1
TANTTCNAGANGAAGCAGCTGCGCA,1
ANTTCNAGANGAAGCAGCTGCGCAA,1
NTTCNAGANGAAGCAGCTGCGCAAG,1
TTCNAGANGAAGCAGCTGCGCAAGC,1
TCNAGANGAAGCAGCTGCGCAAGCC,1
CNAGANGAAGCAGCTGCGCAAGCCC,1
AAAGGCTATGGCTATGAAGAAGGAC,1
AAGGCTATGGCTATGAAGAAGGACC,1
AGGCTATGGCTATGAAGAAGGACCC,1
GGCTATGGCTATGAAGAAGGACCCT,1
GCTATGGCTATGAAGAAGGACCCTG,1
CTATGGCTATGAAGAAGGACCCTGT,1
TATGGCTATGAAGAAGGACCCTGTG,1
ATGGCTATGAAGAAGGACCCTGTGA,1
TGGCTATGAAGAAGGACCCTGTGAA,1
GGCTATGAAGAAGGACCCTGTGAAG,1
GCTATGAAGAAGGACCCTGTGAAGA,1
CTATGAAGAAGGACCCTGTGAAGAA,1
TATGAAGAAGGACCCTGTGAAGAAA,1
ATGAAGAAGGACCCTGTGAAGAAAA,1
TGAAGAAGGACCCTGTGAAGAAAAT,1
GAAGAAGGACCCTGTGAAGAAAATC,1
AAGAAGGACCCTGTGAAGAAAATCT,1
AGAAGGACCCTGTGAAGAAAATCTT,1
GAAGGACCCTGTGAAGAAAATCTTT,1
AAGGACCCTGTGAAGAAAATCTTTG,1
AGGACCCTGTGAAGAAAATCTTTGT,1
GGACCCTGTGAAGAAAATCTTTGTG,1
GACCCTGTGAAGAAAATCTTTGTGG,1
ACCCTGTGAAGAAAATCTTTGTGGG,1
CCCTGTGAAGAAAATCTTTGTGGGA,1
CCTGTGAAGAAAATCTTTGTGGGAG,1
CTGTGAAGAAAATCTTTGTGGGAGG,1
TGTGAAGAAAATCTTTGTGGGAGGT,1
GTGAAGAAAATCTTTGTGGGAGGTC,1
TGAAGAAAATCTTTGTGGGAGGTCT,1
GAAGAAAATCTTTGTGGGAGGTCTA,1
AAGAAAATCTTTGTGGGAGGTCTAA,1
AGAAAATCTTTGTGGGAGGTCTAAA,1
GAAAATCTTTGTGGGAGGTCTAAAC,1
AAAATCTTTGTGGGAGGTCTAAACC,1
AAATCTTTGTGGGAGGTCTAAACCC,1
AATCTTTGTGGGAGGTCTAAACCCT,1
ATCTTTGTGGGAGGTCTAAACCCTG,1
TCTTTGTGGGAGGTCTAAACCCTGA,1
CTTTGTGGGAGGTCTAAACCCTGAA,1
TTTGTGGGAGGTCTAAACCCTGAAG,1
TTGTGGGAGGTCTAAACCCTGAAGC,1
TGTGGGAGGTCTAAACCCTGAAGCC,1
GTGGGAGGTCTAAACCCTGAAGCCA,1
TGGGAGGTCTAAACCCTGAAGCCAC,1
GGGAGGTCTAAACCCTGAAGCCACA,1
GGAGGTCTAAACCCTGAAGCCACAG,1
GAGGTCTAAACCCTGAAGCCACAGA,1
AGGTCTAAACCCTGAAGCCACAGAN,1
GGTCTAAACCCTGAAGCCACAGANG,1
GTCTAAACCCTGAAGCCACAGANGA,1
TCTAAACCCTGAAGCCACAGANGAA,1
CTAAACCCTGAAGCCACAGANGAAA,1
TAAACCCTGAAGCCACAGANGAAAA,1
AAACCCTGAAGCCACAGANGAAAAG,1
AACCCTGAAGCCACAGANGAAAAGA,1
ACCCTGAAGCCACAGANGAAAAGAT,1
CCCTGAAGCCACAGANGAAAAGATC,1
CCTGAAGCCACAGANGAAAAGATCA,1
CTGAAGCCACAGANGAAAAGATCAG,1
TGAAGCCACAGANGAAAAGATCAGA,1
GAAGCCACAGANGAAAAGATCAGAG,1
AAGCCACAGANGAAAAGATCAGAGA,1
AGCCACAGANGAAAAGATCAGAGAA,1
GCCACAGANGAAAAGATCAGAGAAT,1
CCACAGANGAAAAGATCAGAGAATA,1
CACAGANGAAAAGATCAGAGAATAC,1
ACAGANGAAAAGATCAGAGAATACT,1
CAGANGAAAAGATCAGAGAATACTT,1
AGANGAAAAGATCAGAGAATACTTC,1
GANGAAAAGATCAGAGAATACTTCG,1
ANGAAAAGATCAGAGAATACTTCGG,1
NGAAAAGATCAGAGAATACTTCGGC,1
GAAAAGATCAGAGAATACTTCGGCC,1
AAAAGATCAGAGAATACTTCGGCCA,1
AAAGATCAGAGAATACTTCGGCCAG,1
GCGACCTCGAAAGTACCCTAACAGG,1
CGACCTCGAAAGTACCCTAACAGGC,1
GACCTCGAAAGTACCCTAACAGGCC,1
ACCTCGAAAGTACCCTAACAGGCCC,1
CCTCGAAAGTACCCTAACAGGCCCA,1
CTCGAAAGTACCCTAACAGGCCCAG,1
TCGAAAGTACCCTAACAGGCCCAGC,1
CGAAAGTACCCTAACAGGCCCAGCA,1
GAAAGTACCCTAACAGGCCCAGCAA,1
AAAGTACCCTAACAGGCCCAGCAAA,1
AAGTACCCTAACAGGCCCAGCAAAA,1
AGTACCCTAACAGGCCCAGCAAAAC,1
GTACCCTAACAGGCCCAGCAAAACG,1
TACCCTAACAGGCCCAGCAAAACGC,1
ACCCTAACAGGCCCAGCAAAACGCC,1
CCCTAACAGGCCCAGCAAAACGCCA,1
CCTAACAGGCCCAGCAAAACGCCAG,1
CTAACAGGCCCAGCAAAACGCCAGT,1
TAACAGGCCCAGCAAAACGCCAGTG,1
AACAGGCCCAGCAAAACGCCAGTGC,1
ACAGGCCCAGCAAAACGCCAGTGCA,1
CAGGCCCAGCAAAACGCCAGTGCAC,1
AGGCCCAGCAAAACGCCAGTGCACG,1
GGCCCAGCAAAACGCCAGTGCACGA,1
GCCCAGCAAAACGCCAGTGCACGAA,1
CCCAGCAAAACGCCAGTGCACGAAA,1
CCAGCAAAACGCCAGTGCACGAAAG,1
CAGCAAAACGCCAGTGCACGAAAGG,1
AGCAAAACGCCAGTGCACGAAAGGC,1
GCAAAACGCCAGTGCACGAAAGGCC,1
CAAAACGCCAGTGCACGAAAGGCCC,1
AAAACGCCAGTGCACGAAAGGCCCT,1
AAACGCCAGTGCACGAAAGGCCCTA,1
AACGCCAGTGCACGAAAGGCCCTAT,1
ACGCCAGTGCACGAAAGGCCCTATC,1
CGCCAGTGCACGAAAGGCCCTATCC,1
GCCAGTGCACGAAAGGCCCTATCCC,1
CCAGTGCACGAAAGGCCCTATCCCT,1
CAGTGCACGAAAGGCCCTATCCCTG,1
AGTGCACGAAAGGCCCTATCCCTGC,1
GTGCACGAAAGGCCCTATCCCTGCC,1
TGCACGAAAGGCCCTATCCCTGCCC,1
GCACGAAAGGCCCTATCCCTGCCCA,1
CACGAAAGGCCCTATCCCTGCCCAG,1
ACGAAAGGCCCTATCCCTGCCCAGC,1
CGAAAGGCCCTATCCCTGCCCAGCA,1
GAAAGGCCCTATCCCTGCCCAGCAG,1
AAAGGCCCTATCCCTGCCCAGCAGN,1
AAGGCCCTATCCCTGCCCAGCAGNN,1
AGGCCCTATCCCTGCCCAGCAGNNG,1
GGCCCTATCCCTGCCCAGCAGNNGN,1
GCCCTATCCCTGCCCAGCAGNNGNN,1
CCCTATCCCTGCCCAGCAGNNGNNN,1
CCTATCCCTGCCCAGCAGNNGNNNN,1
CTATCCCTGCCCAGCAGNNGNNNNT,1
TATCCCTGCCCAGCAGNNGNNNNTN,1
ATCCCTGCCCAGCAGNNGNNNNTNN,1
TCCCTGCCCAGCAGNNGNNNNTNNT,1
CCCTGCCCAGCAGNNGNNNNTNNTA,1
CCTGCCCAGCAGNNGNNNNTNNTAN,1
CTGCCCAGCAGNNGNNNNTNNTANG,1
TGCCCAGCAGNNGNNNNTNNTANGA,1
GCCCAGCAGNNGNNNNTNNTANGAG,1
CCCAGCAGNNGNNNNTNNTANGAGG,1
CCAGCAGNNGNNNNTNNTANGAGGT,1
CAGCAGNNGNNNNTNNTANGAGGTT,1
AGCAGNNGNNNNTNNTANGAGGTTC,1
GCAGNNGNNNNTNNTANGAGGTTCT,1
CAGNNGNNNNTNNTANGAGGTTCTC,1
AGNNGNNNNTNNTANGAGGTTCTCA,1
GNNGNNNNTNNTANGAGGTTCTCAC,1
NNGNNNNTNNTANGAGGTTCTCACG,1
NGNNNNTNNTANGAGGTTCTCACGC,1
GNNNNTNNTANGAGGTTCTCACGCT,1
NNNNTNNTANGAGGTTCTCACGCTC,1
NNNTNNTANGAGGTTCTCACGCTCT,1
CCTGGAGCAAATGCACGGCTGGTTG,1
CTGGAGCAAATGCACGGCTGGTTGC,1
TGGAGCAAATGCACGGCTGGTTGCA,1
GGAGCAAATGCACGGCTGGTTGCAA,1
GAGCAAATGCACGGCTGGTTGCAAA,1
AGCAAATGCACGGCTGGTTGCAAAG,1
GCAAATGCACGGCTGGTTGCAAAGG,1
CAAATGCACGGCTGGTTGCAAAGGG,1
AAATGCACGGCTGGTTGCAAAGGGG,1
AATGCACGGCTGGTTGCAAAGGGGC,1
ATGCACGGCTGGTTGCAAAGGGGCC,1
TGCACGGCTGGTTGCAAAGGGGCCC,1
GCACGGCTGGTTGCAAAGGGGCCCC,1
CACGGCTGGTTGCAAAGGGGCCCCG,1
ACGGCTGGTTGCAAAGGGGCCCCGG,1
CGGCTGGTTGCAAAGGGGCCCCGGG,1
GGCTGGTTGCAAAGGGGCCCCGGGG,1
GCTGGTTGCAAAGGGGCCCCGGGGG,1
CTGGTTGCAAAGGGGCCCCGGGGGG,1
TGGTTGCAAAGGGGCCCCGGGGGGC,1
GGTTGCAAAGGGGCCCCGGGGGGCC,1
GTTGCAAAGGGGCCCCGGGGGGCCA,1
TTGCAAAGGGGCCCCGGGGGGCCAC,1
TGCAAAGGGGCCCCGGGGGGCCACC,1
GCAAAGGGGCCCCGGGGGGCCACCG,1
CAAAGGGGCCCCGGGGGGCCACCGC,1
AAAGGGGCCCCGGGGGGCCACCGCT,1
AAGGGGCCCCGGGGGGCCACCGCTC,1
AGGGGCCCCGGGGGGCCACCGCTCT,1
GGGGCCCCGGGGGGCCACCGCTCTG,1
GGGCCCCGGGGGGCCACCGCTCTGG,1
GGCCCCGGGGGGCCACCGCTCTGGC,1
GCCCCGGGGGGCCACCGCTCTGGCA,1
CCCCGGGGGGCCACCGCTCTGGCAG,1
CCCGGGGGGCCACCGCTCTGGCAGC,1
CCGGGGGGCCACCGCTCTGGCAGCC,1
CGGGGGGCCACCGCTCTGGCAGCCA,1
GGGGGGCCACCGCTCTGGCAGCCAC,1
GGGGGCCACCGCTCTGGCAGCCACC,1
GGGGCCACCGCTCTGGCAGCCACCC,1
GGGCCACCGCTCTGGCAGCCACCCC,1
GGCCACCGCTCTGGCAGCCACCCCA,1
GCCACCGCTCTGGCAGCCACCCCAA,1
CCACCGCTCTGGCAGCCACCCCAAA,1
CACCGCTCTGGCAGCCACCCCAAAG,1
ACCGCTCTGGCAGCCACCCCAAAGC,1
CCGCTCTGGCAGCCACCCCAAAGCC,1
CGCTCTGGCAGCCACCCCAAAGCCT,1
GCTCTGGCAGCCACCCCAAAGCCTN,1
CTCTGGCAGCCACCCCAAAGCCTNC,1
TCTGGCAGCCACCCCAAAGCCTNCA,1
CTGGCAGCCACCCCAAAGCCTNCAA,1
TGGCAGCCACCCCAAAGCCTNCAAC,1
GGCAGCCACCCCAAAGCCTNCAACC,1
GCAGCCACCCCAAAGCCTNCAACCC,1
CAGCCACCCCAAAGCCTNCAACCCA,1
AGCCACCCCAAAGCCTNCAACCCAG,1
GCCACCCCAAAGCCTNCAACCCAGC,1
CCACCCCAAAGCCTNCAACCCAGCT,1
CACCCCAAAGCCTNCAACCCAGCTT,1
ACCCCAAAGCCTNCAACCCAGCTTG,1
CCCCAAAGCCTNCAACCCAGCTTGC,1
CCCAAAGCCTNCAACCCAGCTTGCG,1
CCAAAGCCTNCAACCCAGCTTGCGC,1
CAAAGCCTNCAACCCAGCTTGCGCA,1
AAAGCCTNCAACCCAGCTTGCGCAT,1
AAGCCTNCAACCCAGCTTGCGCATC,1
AGCCTNCAACCCAGCTTGCGCATCG,1
GCCTNCAACCCAGCTTGCGCATCGG,1
CCTNCAACCCAGCTTGCGCATCGGG,1
CTNCAACCCAGCTTGCGCATCGGGT,1
TNCAACCCAGCTTGCGCATCGGGTC,1
NCAACCCAGCTTGCGCATCGGGTCA,1
CAACCCAGCTTGCGCATCGGGTCAA,1
AACCCAGCTTGCGCATCGGGTCAAC,1
ACCCAGCTTGCGCATCGGGTCAACC,1
TCCAGACAAACTGGACAGTTCCTAC,1
CCAGACAAACTGGACAGTTCCTACT,1
CAGACAAACTGGACAGTTCCTACTT,1
AGACAAACTGGACAGTTCCTACTTC,1
GACAAACTGGACAGTTCCTACTTCC,1
ACAAACTGGACAGTTCCTACTTCCG,1
CAAACTGGACAGTTCCTACTTCCGA,1
AAACTGGACAGTTCCTACTTCCGAG,1
AACTGGACAGTTCCTACTTCCGAGG,1
ACTGGACAGTTCCTACTTCCGAGGA,1
CTGGACAGTTCCTACTTCCGAGGAT,1
TGGACAGTTCCTACTTCCGAGGATG,1
GGACAGTTCCTACTTCCGAGGATGT,1
GACAGTTCCTACTTCCGAGGATGTG,1
ACAGTTCCTACTTCCGAGGATGTGA,1
CAGTTCCTACTTCCGAGGATGTGAC,1
AGTTCCTACTTCCGAGGATGTGACT,1
GTTCCTACTTCCGAGGATGTGACTA,1
TTCCTACTTCCGAGGATGTGACTAA,1
TCCTACTTCCGAGGATGTGACTAAA,1
CCTACTTCCGAGGATGTGACTAAAG,1
CTACTTCCGAGGATGTGACTAAAGT,1
TACTTCCGAGGATGTGACTAAAGTC,1
ACTTCCGAGGATGTGACTAAAGTCA,1
CTTCCGAGGATGTGACTAAAGTCAA,1
TTCCGAGGATGTGACTAAAGTCAAC,1
TCCGAGGATGTGACTAAAGTCAACC,1
CCGAGGATGTGACTAAAGTCAACCT,1
CGAGGATGTGACTAAAGTCAACCTG,1
GAGGATGTGACTAAAGTCAACCTGC,1
AGGATGTGACTAAAGTCAACCTGCA,1
GGATGTGACTAAAGTCAACCTGCAG,1
GATGTGACTAAAGTCAACCTGCAGG,1
ATGTGACTAAAGTCAACCTGCAGGT,1
TGTGACTAAAGTCAACCTGCAGGTC,1
GTGACTAAAGTCAACCTGCAGGTCC,1
TGACTAAAGTCAACCTGCAGGTCCT,1
GACTAAAGTCAACCTGCAGGTCCTC,1
ACTAAAGTCAACCTGCAGGTCCTCA,1
CTAAAGTCAACCTGCAGGTCCTCAT,1
TAAAGTCAACCTGCAGGTCCTCATC,1
AAAGTCAACCTGCAGGTCCTCATCG,1
AAGTCAACCTGCAGGTCCTCATCGT,1
AGTCAACCTGCAGGTCCTCATCGTC,1
GTCAACCTGCAGGTCCTCATCGTCG,1
TCAACCTGCAGGTCCTCATCGTCGT,1
CAACCTGCAGGTCCTCATCGTCGTC,1
AACCTGCAGGTCCTCATCGTCGTCN,1
ACCTGCAGGTCCTCATCGTCGTCNN,1
CCTGCAGGTCCTCATCGTCGTCNNT,1
CTGCAGGTCCTCATCGTCGTCNNTC,1
TGCAGGTCCTCATCGTCGTCNNTCG,1
GCAGGTCCTCATCGTCGTCNNTCGN,1
CAGGTCCTCATCGTCGTCNNTCGNA,1
AGGTCCTCATCGTCGTCNNTCGNAC,1
GGTCCTCATCGTCGTCNNTCGNACA,1
GTCCTCATCGTCGTCNNTCGNACAN,1
TCCTCATCGTCGTCNNTCGNACANC,1
CCTCATCGTCGTCNNTCGNACANCC,1
CTCATCGTCGTCNNTCGNACANCCT,1
TCATCGTCGTCNNTCGNACANCCTC,1
CATCGTCGTCNNTCGNACANCCTCA,1
ATCGTCGTCNNTCGNACANCCTCAA,1
TCGTCGTCNNTCGNACANCCTCAAA,1
CGTCGTCNNTCGNACANCCTCAAAG,1
GTCGTCNNTCGNACANCCTCAAAGT,1
TCGTCNNTCGNACANCCTCAAAGTC,1
CGTCNNTCGNACANCCTCAAAGTCA,1
GTCNNTCGNACANCCTCAAAGTCAT,1
TCNNTCGNACANCCTCAAAGTCATC,1
CNNTCGNACANCCTCAAAGTCATCC,1
NNTCGNACANCCTCAAAGTCATCCG,1
NTCGNACANCCTCAAAGTCATCCGT,1
TCGNACANCCTCAAAGTCATCCGTG,1
CGNACANCCTCAAAGTCATCCGTGA,1
GNACANCCTCAAAGTCATCCGTGAA,1
GTTTTTTTCTCAGGATATCCTCATC,1
TTTTTTTCTCAGGATATCCTCATCA,1
TTTTTTCTCAGGATATCCTCATCAC,1
TTTTTCTCAGGATATCCTCATCACT,1
TTTTCTCAGGATATCCTCATCACTT,1
TTTCTCAGGATATCCTCATCACTTC,1
TTCTCAGGATATCCTCATCACTTCA,1
TCTCAGGATATCCTCATCACTTCAT,1
CTCAGGATATCCTCATCACTTCATT,1
TCAGGATATCCTCATCACTTCATTG,1
CAGGATATCCTCATCACTTCATTGC,1
AGGATATCCTCATCACTTCATTGCC,1
GGATATCCTCATCACTTCATTGCCA,1
GATATCCTCATCACTTCATTGCCAC,1
ATATCCTCATCACTTCATTGCCACG,1
TATCCTCATCACTTCATTGCCACGG,1
ATCCTCATCACTTCATTGCCACGGT,1
TCCTCATCACTTCATTGCCACGGTA,1
CCTCATCACTTCATTGCCACGGTAT,1
CTCATCACTTCATTGCCACGGTATA,1
TCATCACTTCATTGCCACGGTATAT,1
CATCACTTCATTGCCACGGTATATA,1
ATCACTTCATTGCCACGGTATATAT,1
TCACTTCATTGCCACGGTATATATT,1
CACTTCATTGCCACGGTATATATTC,1
ACTTCATTGCCACGGTATATATTCT,1
CTTCATTGCCACGGTATATATTCTA,1
TTCATTGCCACGGTATATATTCTAT,1
TCATTGCCACGGTATATATTCTATA,1
CATTGCCACGGTATATATTCTATAG,1
ATTGCCACGGTATATATTCTATAGG,1
TTGCCACGGTATATATTCTATAGGT,1
TGCCACGGTATATATTCTATAGGTG,1
GCCACGGTATATATTCTATAGGTGT,1
CCACGGTATATATTCTATAGGTGTG,1
CACGGTATATATTCTATAGGTGTGA,1
ACGGTATATATTCTATAGGTGTGAT,1
CGGTATATATTCTATAGGTGTGATA,1
GGTATATATTCTATAGGTGTGATAG,1
GTATATATTCTATAGGTGTGATAGG,1
TATATATTCTATAGGTGTGATAGGA,1
ATATATTCTATAGGTGTGATAGGAC,1
TATATTCTATAGGTGTGATAGGACT,1
ATATTCTATAGGTGTGATAGGACTT,1
TATTCTATAGGTGTGATAGGACTTG,1
ATTCTATAGGTGTGATAGGACTTGC,1
TTCTATAGGTGTGATAGGACTTGCT,1
TCTATAGGTGTGATAGGACTTGCTG,1
CTATAGGTGTGATAGGACTTGCTGN,1
TATAGGTGTGATAGGACTTGCTGNA,1
ATAGGTGTGATAGGACTTGCTGNAA,1
TAGGTGTGATAGGACTTGCTGNAAA,1
AGGTGTGATAGGACTTGCTGNAAAN,1
GGTGTGATAGGACTTGCTGNAAANT,1
GTGTGATAGGACTTGCTGNAAANTT,1
TGTGATAGGACTTGCTGNAAANTTT,1
GTGATAGGACTTGCTGNAAANTTTN,1
TGATAGGACTTGCTGNAAANTTTNT,1
GATAGGACTTGCTGNAAANTTTNTT,1
ATAGGACTTGCTGNAAANTTTNTTT,1
TAGGACTTGCTGNAAANTTTNTTTG,1
AGGACTTGCTGNAAANTTTNTTTGT,1
GGACTTGCTGNAAANTTTNTTTGTA,1
GACTTGCTGNAAANTTTNTTTGTAA,1
ACTTGCTGNAAANTTTNTTTGTAAA,1
CTTGCTGNAAANTTTNTTTGTAAAA,1
TTGCTGNAAANTTTNTTTGTAAAAA,1
TGCTGNAAANTTTNTTTGTAAAAAA,1
GCTGNAAANTTTNTTTGTAAAAAAA,1
CTGNAAANTTTNTTTGTAAAAAAAA,1
TGNAAANTTTNTTTGTAAAAAAAAA,1
GNAAANTTTNTTTGTAAAAAAAAAT,1
NAAANTTTNTTTGTAAAAAAAAATG,1
AAANTTTNTTTGTAAAAAAAAATGT,1
AANTTTNTTTGTAAAAAAAAATGTA,1
ANTTTNTTTGTAAAAAAAAATGTAC,1
GGGAAGATGGCGGACATTCAGACGG,1
GGAAGATGGCGGACATTCAGACGGA,1
GAAGATGGCGGACATTCAGACGGAG,1
AAGATGGCGGACATTCAGACGGAGC,1
AGATGGCGGACATTCAGACGGAGCG,1
GATGGCGGACATTCAGACGGAGCGT,1
ATGGCGGACATTCAGACGGAGCGTG,1
TGGCGGACATTCAGACGGAGCGTGC,1
GGCGGACATTCAGACGGAGCGTGCT,1
GCGGACATTCAGACGGAGCGTGCTT,1
CGGACATTCAGACGGAGCGTGCTTA,1
GGACATTCAGACGGAGCGTGCTTAC,1
GACATTCAGACGGAGCGTGCTTACC,1
ACATTCAGACGGAGCGTGCTTACCA,1
CATTCAGACGGAGCGTGCTTACCAA,1
ATTCAGACGGAGCGTGCTTACCAAA,1
TTCAGACGGAGCGTGCTTACCAAAA,1
TCAGACGGAGCGTGCTTACCAAAAG,1
CAGACGGAGCGTGCTTACCAAAAGC,1
AGACGGAGCGTGCTTACCAAAAGCA,1
GACGGAGCGTGCTTACCAAAAGCAG,1
ACGGAGCGTGCTTACCAAAAGCAGC,1
CGGAGCGTGCTTACCAAAAGCAGCC,1
GGAGCGTGCTTACCAAAAGCAGCCT,1
GAGCGTGCTTACCAAAAGCAGCCTA,1
AGCGTGCTTACCAAAAGCAGCCTAC,1
GCGTGCTTACCAAAAGCAGCCTACG,1
CGTGCTTACCAAAAGCAGCCTACGA,1
GTGCTTACCAAAAGCAGCCTACGAT,1
TGCTTACCAAAAGCAGCCTACGATC,1
GCTTACCAAAAGCAGCCTACGATCT,1
CTTACCAAAAGCAGCCTACGATCTT,1
TTACCAAAAGCAGCCTACGATCTTT,1
TACCAAAAGCAGCCTACGATCTTTC,1
ACCAAAAGCAGCCTACGATCTTTCA,1
CCAAAAGCAGCCTACGATCTTTCAA,1
CAAAAGCAGCCTACGATCTTTCAAA,1
AAAAGCAGCCTACGATCTTTCAAAA,1
AAAGCAGCCTACGATCTTTCAAAAC,1
AAGCAGCCTACGATCTTTCAAAACA,1
AGCAGCCTACGATCTTTCAAAACAA,1
GCAGCCTACGATCTTTCAAAACAAG,1
CAGCCTACGATCTTTCAAAACAAGA,1
AGCCTACGATCTTTCAAAACAAGAA,1
GCCTACGATCTTTCAAAACAAGAAG,1
CCTACGATCTTTCAAAACAAGAAGC,1
CTACGATCTTTCAAAACAAGAAGCG,1
TACGATCTTTCAAAACAAGAAGCGN,1
ACGATCTTTCAAAACAAGAAGCGNN,1
CGATCTTTCAAAACAAGAAGCGNNT,1
GATCTTTCAAAACAAGAAGCGNNTT,1
ATCTTTCAAAACAAGAAGCGNNTTC,1
TCTTTCAAAACAAGAAGCGNNTTCN,1
CTTTCAAAACAAGAAGCGNNTTCNG,1
TTTCAAAACAAGAAGCGNNTTCNGC,1
TTCAAAACAAGAAGCGNNTTCNGCT,1
TCAAAACAAGAAGCGNNTTCNGCTN,1
CAAAACAAGAAGCGNNTTCNGCTNG,1
AAAACAAGAAGCGNNTTCNGCTNGG,1
AAACAAGAAGCGNNTTCNGCTNGGA,1
AACAAGAAGCGNNTTCNGCTNGGAG,1
ACAAGAAGCGNNTTCNGCTNGGAGA,1
CAAGAAGCGNNTTCNGCTNGGAGAA,1
AAGAAGCGNNTTCNGCTNGGAGAAA,1
AGAAGCGNNTTCNGCTNGGAGAAAC,1
GAAGCGNNTTCNGCTNGGAGAAACC,1
AAGCGNNTTCNGCTNGGAGAAACCG,1
AGCGNNTTCNGCTNGGAGAAACCGG,1
GCGNNTTCNGCTNGGAGAAACCGGC,1
CGNNTTCNGCTNGGAGAAACCGGCA,1
GNNTTCNGCTNGGAGAAACCGGCAA,1
NNTTCNGCTNGGAGAAACCGGCAAG,1
NTTCNGCTNGGAGAAACCGGCAAGG,1
TTCNGCTNGGAGAAACCGGCAAGGA,1
TCNGCTNGGAGAAACCGGCAAGGAA,1
CNGCTNGGAGAAACCGGCAAGGAAA,1
CTCAGCCCGGTTACCCAGAGCCCCA,1
TCAGCCCGGTTACCCAGAGCCCCAC,1
CAGCCCGGTTACCCAGAGCCCCACG,1
AGCCCGGTTACCCAGAGCCCCACGA,1
GCCCGGTTACCCAGAGCCCCACGAC,1
CCCGGTTACCCAGAGCCCCACGACC,1
CCGGTTACCCAGAGCCCCACGACCC,1
CGGTTACCCAGAGCCCCACGACCCG,1
GGTTACCCAGAGCCCCACGACCCGC,1
GTTACCCAGAGCCCCACGACCCGCT,1
TTACCCAGAGCCCCACGACCCGCTG,1
TACCCAGAGCCCCACGACCCGCTGG,1
ACCCAGAGCCCCACGACCCGCTGGT,1
CCCAGAGCCCCACGACCCGCTGGTT,1
CCAGAGCCCCACGACCCGCTGGTTT,1
CAGAGCCCCACGACCCGCTGGTTTC,1
AGAGCCCCACGACCCGCTGGTTTCC,1
GAGCCCCACGACCCGCTGGTTTCCT,1
AGCCCCACGACCCGCTGGTTTCCTC,1
GCCCCACGACCCGCTGGTTTCCTCT,1
CCCCACGACCCGCTGGTTTCCTCTT,1
CCCACGACCCGCTGGTTTCCTCTTC,1
CCACGACCCGCTGGTTTCCTCTTCT,1
CACGACCCGCTGGTTTCCTCTTCTC,1
ACGACCCGCTGGTTTCCTCTTCTCA,1
CGACCCGCTGGTTTCCTCTTCTCAC,1
GACCCGCTGGTTTCCTCTTCTCACA,1
ACCCGCTGGTTTCCTCTTCTCACAA,1
CCCGCTGGTTTCCTCTTCTCACAAT,1
CCGCTGGTTTCCTCTTCTCACAATA,1
CGCTGGTTTCCTCTTCTCACAATAC,1
GCTGGTTTCCTCTTCTCACAATACG,1
CTGGTTTCCTCTTCTCACAATACGG,1
TGGTTTCCTCTTCTCACAATACGGG,1
GGTTTCCTCTTCTCACAATACGGGG,1
GTTTCCTCTTCTCACAATACGGGGG,1
TTTCCTCTTCTCACAATACGGGGGT,1
TTCCTCTTCTCACAATACGGGGGTT,1
TCCTCTTCTCACAATACGGGGGTTT,1
CCTCTTCTCACAATACGGGGGTTTT,1
CTCTTCTCACAATACGGGGGTTTTA,1
TCTTCTCACAATACGGGGGTTTTAA,1
CTTCTCACAATACGGGGGTTTTAAG,1
TTCTCACAATACGGGGGTTTTAAGC,1
TCTCACAATACGGGGGTTTTAAGCA,1
CTCACAATACGGGGGTTTTAAGCAG,1
TCACAATACGGGGGTTTTAAGCAGC,1
CACAATACGGGGGTTTTAAGCAGCN,1
ACAATACGGGGGTTTTAAGCAGCNN,1
CAATACGGGGGTTTTAAGCAGCNNA,1
AATACGGGGGTTTTAAGCAGCNNAA,1
ATACGGGGGTTTTAAGCAGCNNAAC,1
TACGGGGGTTTTAAGCAGCNNAACN,1
ACGGGGGTTTTAAGCAGCNNAACNC,1
CGGGGGTTTTAAGCAGCNNAACNCT,1
GGGGGTTTTAAGCAGCNNAACNCTC,1
GGGGTTTTAAGCAGCNNAACNCTCN,1
GGGTTTTAAGCAGCNNAACNCTCNA,1
GGTTTTAAGCAGCNNAACNCTCNAG,1
GTTTTAAGCAGCNNAACNCTCNAGA,1
TTTTAAGCAGCNNAACNCTCNAGAG,1
TTTAAGCAGCNNAACNCTCNAGAGC,1
TTAAGCAGCNNAACNCTCNAGAGCC,1
TAAGCAGCNNAACNCTCNAGAGCCT,1
AAGCAGCNNAACNCTCNAGAGCCTG,1
AGCAGCNNAACNCTCNAGAGCCTGT,1
GCAGCNNAACNCTCNAGAGCCTGTC,1
CAGCNNAACNCTCNAGAGCCTGTCT,1
AGCNNAACNCTCNAGAGCCTGTCTG,1
GCNNAACNCTCNAGAGCCTGTCTGG,1
CNNAACNCTCNAGAGCCTGTCTGGG,1
NNAACNCTCNAGAGCCTGTCTGGGG,1
NAACNCTCNAGAGCCTGTCTGGGGC,1
AACNCTCNAGAGCCTGTCTGGGGCT,1
ACNCTCNAGAGCCTGTCTGGGGCTC,1
CNCTCNAGAGCCTGTCTGGGGCTCT,1
CACCATTCCAATCCTGTCCTCACTG,1
ACCATTCCAATCCTGTCCTCACTGT,1
CCATTCCAATCCTGTCCTCACTGTA,1
CATTCCAATCCTGTCCTCACTGTAG,1
ATTCCAATCCTGTCCTCACTGTAGC,1
TTCCAATCCTGTCCTCACTGTAGCG,1
TCCAATCCTGTCCTCACTGTAGCGC,1
CCAATCCTGTCCTCACTGTAGCGCT,1
CAATCCTGTCCTCACTGTAGCGCTG,1
AATCCTGTCCTCACTGTAGCGCTGC,1
ATCCTGTCCTCACTGTAGCGCTGCA,1
TCCTGTCCTCACTGTAGCGCTGCAG,1
CCTGTCCTCACTGTAGCGCTGCAGG,1
CTGTCCTCACTGTAGCGCTGCAGGG,1
TGTCCTCACTGTAGCGCTGCAGGGC,1
GTCCTCACTGTAGCGCTGCAGGGCC,1
TCCTCACTGTAGCGCTGCAGGGCCT,1
CCTCACTGTAGCGCTGCAGGGCCTG,1
CTCACTGTAGCGCTGCAGGGCCTGC,1
TCACTGTAGCGCTGCAGGGCCTGCT,1
CACTGTAGCGCTGCAGGGCCTGCTT,1
ACTGTAGCGCTGCAGGGCCTGCTTG,1
CTGTAGCGCTGCAGGGCCTGCTTGA,1
TGTAGCGCTGCAGGGCCTGCTTGAC,1
GTAGCGCTGCAGGGCCTGCTTGACG,1
TAGCGCTGCAGGGCCTGCTTGACGA,1
AGCGCTGCAGGGCCTGCTTGACGAT,1
GCGCTGCAGGGCCTGCTTGACGATC,1
CGCTGCAGGGCCTGCTTGACGATCC,1
GCTGCAGGGCCTGCTTGACGATCCG,1
CTGCAGGGCCTGCTTGACGATCCGG,1
TGCAGGGCCTGCTTGACGATCCGGT,1
GCAGGGCCTGCTTGACGATCCGGTG,1
CAGGGCCTGCTTGACGATCCGGTGC,1
AGGGCCTGCTTGACGATCCGGTGCA,1
GGGCCTGCTTGACGATCCGGTGCAC,1
GGCCTGCTTGACGATCCGGTGCACC,1
GCCTGCTTGACGATCCGGTGCACCT,1
CCTGCTTGACGATCCGGTGCACCTG,1
CTGCTTGACGATCCGGTGCACCTGC,1
TGCTTGACGATCCGGTGCACCTGCT,1
GCTTGACGATCCGGTGCACCTGCTC,1
CTTGACGATCCGGTGCACCTGCTCC,1
TTGACGATCCGGTGCACCTGCTCCT,1
TGACGATCCGGTGCACCTGCTCCTC,1
GACGATCCGGTGCACCTGCTCCTCT,1
ACGATCCGGTGCACCTGCTCCTCTG,1
CGATCCGGTGCACCTGCTCCTCTGN,1
GATCCGGTGCACCTGCTCCTCTGNN,1
ATCCGGTGCACCTGCTCCTCTGNNA,1
TCCGGTGCACCTGCTCCTCTGNNAC,1
CCGGTGCACCTGCTCCTCTGNNACC,1
CGGTGCACCTGCTCCTCTGNNACCN,1
GGTGCACCTGCTCCTCTGNNACCNC,1
GTGCACCTGCTCCTCTGNNACCNCA,1
TGCACCTGCTCCTCTGNNACCNCAA,1
GCACCTGCTCCTCTGNNACCNCAAN,1
CACCTGCTCCTCTGNNACCNCAANT,1
ACCTGCTCCTCTGNNACCNCAANTA,1
CCTGCTCCTCTGNNACCNCAANTAT,1
CTGCTCCTCTGNNACCNCAANTATG,1
TGCTCCTCTGNNACCNCAANTATGC,1
GCTCCTCTGNNACCNCAANTATGCC,1
CTCCTCTGNNACCNCAANTATGCCT,1
TCCTCTGNNACCNCAANTATGCCTT,1
CCTCTGNNACCNCAANTATGCCTTC,1
CTCTGNNACCNCAANTATGCCTTCT,1
TCTGNNACCNCAANTATGCCTTCTT,1
CTGNNACCNCAANTATGCCTTCTTT,1
TGNNACCNCAANTATGCCTTCTTTC,1
GNNACCNCAANTATGCCTTCTTTCT,1
NNACCNCAANTATGCCTTCTTTCTG,1
NACCNCAANTATGCCTTCTTTCTGC,1
ACCNCAANTATGCCTTCTTTCTGCA,1
CCNCAANTATGCCTTCTTTCTGCAG,1
CNCAANTATGCCTTCTTTCTGCAGT,1
CTGCTCATTGTCCTTGGCGATCTGT,1
TGCTCATTGTCCTTGGCGATCTGTG,1
GCTCATTGTCCTTGGCGATCTGTGT,1
CTCATTGTCCTTGGCGATCTGTGTG,1
TCATTGTCCTTGGCGATCTGTGTGT,1
CATTGTCCTTGGCGATCTGTGTGTT,1
ATTGTCCTTGGCGATCTGTGTGTTC,1
TTGTCCTTGGCGATCTGTGTGTTCC,1
TGTCCTTGGCGATCTGTGTGTTCCG,1
GTCCTTGGCGATCTGTGTGTTCCGC,1
TCCTTGGCGATCTGTGTGTTCCGCT,1
CCTTGGCGATCTGTGTGTTCCGCTC,1
CTTGGCGATCTGTGTGTTCCGCTCC,1
TTGGCGATCTGTGTGTTCCGCTCCC,1
TGGCGATCTGTGTGTTCCGCTCCCA,1
GGCGATCTGTGTGTTCCGCTCCCAA,1
GCGATCTGTGTGTTCCGCTCCCAAT,1
CGATCTGTGTGTTCCGCTCCCAATA,1
GATCTGTGTGTTCCGCTCCCAATAC,1
ATCTGTGTGTTCCGCTCCCAATACT,1
TCTGTGTGTTCCGCTCCCAATACTC,1
CTGTGTGTTCCGCTCCCAATACTCG,1
TGTGTGTTCCGCTCCCAATACTCGG,1
GTGTGTTCCGCTCCCAATACTCGGG,1
TGTGTTCCGCTCCCAATACTCGGGC,1
GTGTTCCGCTCCCAATACTCGGGCT,1
TGTTCCGCTCCCAATACTCGGGCTC,1
GTTCCGCTCCCAATACTCGGGCTCC,1
TTCCGCTCCCAATACTCGGGCTCCA,1
TCCGCTCCCAATACTCGGGCTCCAC,1
CCGCTCCCAATACTCGGGCTCCACC,1
CGCTCCCAATACTCGGGCTCCACCT,1
GCTCCCAATACTCGGGCTCCACCTG,1
CTCCCAATACTCGGGCTCCACCTGC,1
TCCCAATACTCGGGCTCCACCTGCT,1
CCCAATACTCGGGCTCCACCTGCTC,1
CCAATACTCGGGCTCCACCTGCTCC,1
CAATACTCGGGCTCCACCTGCTCCA,1
AATACTCGGGCTCCACCTGCTCCAT,1
ATACTCGGGCTCCACCTGCTCCATC,1
TACTCGGGCTCCACCTGCTCCATCC,1
ACTCGGGCTCCACCTGCTCCATCCA,1
CTCGGGCTCCACCTGCTCCATCCAC,1
TCGGGCTCCACCTGCTCCATCCACC,1
CGGGCTCCACCTGCTCCATCCACCG,1
GGGCTCCACCTGCTCCATCCACCGC,1
GGCTCCACCTGCTCCATCCACCGCG,1
GCTCCACCTGCTCCATCCACCGCGC,1
CTCCACCTGCTCCATCCACCGCGCN,1
TCCACCTGCTCCATCCACCGCGCNC,1
CCACCTGCTCCATCCACCGCGCNCG,1
CACCTGCTCCATCCACCGCGCNCGC,1
ACCTGCTCCATCCACCGCGCNCGCG,1
CCTGCTCCATCCACCGCGCNCGCGG,1
CTGCTCCATCCACCGCGCNCGCGGC,1
TGCTCCATCCACCGCGCNCGCGGCT,1
GCTCCATCCACCGCGCNCGCGGCTC,1
CTCCATCCACCGCGCNCGCGGCTCG,1
TCCATCCACCGCGCNCGCGGCTCGT,1
CCATCCACCGCGCNCGCGGCTCGTA,1
CATCCACCGCGCNCGCGGCTCGTAT,1
ATCCACCGCGCNCGCGGCTCGTATC,1
TCCACCGCGCNCGCGGCTCGTATCT,1
CCACCGCGCNCGCGGCTCGTATCTA,1
CACCGCGCNCGCGGCTCGTATCTAG,1
ACCGCGCNCGCGGCTCGTATCTAGG,1
CCGCGCNCGCGGCTCGTATCTAGGA,1
CGCGCNCGCGGCTCGTATCTAGGAT,1
GCGCNCGCGGCTCGTATCTAGGATT,1
CGCNCGCGGCTCGTATCTAGGATTC,1
GCNCGCGGCTCGTATCTAGGATTCT,1
CNCGCGGCTCGTATCTAGGATTCTC,1
NCGCGGCTCGTATCTAGGATTCTCC,1
CGCGGCTCGTATCTAGGATTCTCCG,1
GCGGCTCGTATCTAGGATTCTCCGC,1
CGGCTCGTATCTAGGATTCTCCGCG,1
TCTGAGTCCCATAGGCTGTCATGCC,1
CTGAGTCCCATAGGCTGTCATGCCC,1
TGAGTCCCATAGGCTGTCATGCCCG,1
GAGTCCCATAGGCTGTCATGCCCGC,1
AGTCCCATAGGCTGTCATGCCCGCC,1
GTCCCATAGGCTGTCATGCCCGCCT,1
TCCCATAGGCTGTCATGCCCGCCTG,1
CCCATAGGCTGTCATGCCCGCCTGG,1
CCATAGGCTGTCATGCCCGCCTGGC,1
CATAGGCTGTCATGCCCGCCTGGCT,1
ATAGGCTGTCATGCCCGCCTGGCTG,1
TAGGCTGTCATGCCCGCCTGGCTGG,1
AGGCTGTCATGCCCGCCTGGCTGGC,1
GGCTGTCATGCCCGCCTGGCTGGCG,1
GCTGTCATGCCCGCCTGGCTGGCGC,1
CTGTCATGCCCGCCTGGCTGGCGCA,1
TGTCATGCCCGCCTGGCTGGCGCAT,1
GTCATGCCCGCCTGGCTGGCGCATT,1
TCATGCCCGCCTGGCTGGCGCATTT,1
CATGCCCGCCTGGCTGGCGCATTTG,1
ATGCCCGCCTGGCTGGCGCATTTGT,1
TGCCCGCCTGGCTGGCGCATTTGTT,1
GCCCGCCTGGCTGGCGCATTTGTTG,1
CCCGCCTGGCTGGCGCATTTGTTGG,1
CCGCCTGGCTGGCGCATTTGTTGGT,1
CGCCTGGCTGGCGCATTTGTTGGTA,1
GCCTGGCTGGCGCATTTGTTGGTAC,1
CCTGGCTGGCGCATTTGTTGGTACC,1
CTGGCTGGCGCATTTGTTGGTACCC,1
TGGCTGGCGCATTTGTTGGTACCCA,1
GGCTGGCGCATTTGTTGGTACCCAT,1
GCTGGCGCATTTGTTGGTACCCATC,1
CTGGCGCATTTGTTGGTACCCATCT,1
TGGCGCATTTGTTGGTACCCATCTG,1
GGCGCATTTGTTGGTACCCATCTGT,1
GCGCATTTGTTGGTACCCATCTGTA,1
CGCATTTGTTGGTACCCATCTGTAA,1
GCATTTGTTGGTACCCATCTGTAAA,1
CATTTGTTGGTACCCATCTGTAAAC,1
ATTTGTTGGTACCCATCTGTAAACC,1
TTTGTTGGTACCCATCTGTAAACCA,1
TTGTTGGTACCCATCTGTAAACCAA,1
TGTTGGTACCCATCTGTAAACCAAT,1
GTTGGTACCCATCTGTAAACCAATT,1
TTGGTACCCATCTGTAAACCAATTA,1
TGGTACCCATCTGTAAACCAATTAC,1
GGTACCCATCTGTAAACCAATTACA,1
GTACCCATCTGTAAACCAATTACAC,1
TACCCATCTGTAAACCAATTACACN,1
ACCCATCTGTAAACCAATTACACNC,1
CCCATCTGTAAACCAATTACACNCT,1
CCATCTGTAAACCAATTACACNCTG,1
CATCTGTAAACCAATTACACNCTGN,1
ATCTGTAAACCAATTACACNCTGNC,1
TCTGTAAACCAATTACACNCTGNCC,1
CTGTAAACCAATTACACNCTGNCCA,1
TGTAAACCAATTACACNCTGNCCAN,1
GTAAACCAATTACACNCTGNCCANC,1
TAAACCAATTACACNCTGNCCANCC,1
AAACCAATTACACNCTGNCCANCCT,1
AACCAATTACACNCTGNCCANCCTT,1
ACCAATTACACNCTGNCCANCCTTT,1
CCAATTACACNCTGNCCANCCTTTA,1
CAATTACACNCTGNCCANCCTTTAA,1
AATTACACNCTGNCCANCCTTTAAT,1
ATTACACNCTGNCCANCCTTTAATT,1
TTACACNCTGNCCANCCTTTAATTT,1
TACACNCTGNCCANCCTTTAATTTG,1
ACACNCTGNCCANCCTTTAATTTGC,1
CACNCTGNCCANCCTTTAATTTGCC,1
ACNCTGNCCANCCTTTAATTTGCCT,1
CNCTGNCCANCCTTTAATTTGCCTT,1
NCTGNCCANCCTTTAATTTGCCTTC,1
CTGNCCANCCTTTAATTTGCCTTCA,1
TGNCCANCCTTTAATTTGCCTTCAT,1
GNCCANCCTTTAATTTGCCTTCATC,1
CTTCCTTCTACATCCGTGGTCTTAG,1
TTCCTTCTACATCCGTGGTCTTAGC,1
TCCTTCTACATCCGTGGTCTTAGCA,1
CCTTCTACATCCGTGGTCTTAGCAG,1
CTTCTACATCCGTGGTCTTAGCAGC,1
TTCTACATCCGTGGTCTTAGCAGCA,1
TCTACATCCGTGGTCTTAGCAGCAC,1
CTACATCCGTGGTCTTAGCAGCACT,1
TACATCCGTGGTCTTAGCAGCACTC,1
ACATCCGTGGTCTTAGCAGCACTCA,1
CATCCGTGGTCTTAGCAGCACTCAC,1
ATCCGTGGTCTTAGCAGCACTCACA,1
TCCGTGGTCTTAGCAGCACTCACAT,1
CCGTGGTCTTAGCAGCACTCACATG,1
CGTGGTCTTAGCAGCACTCACATGC,1
GTGGTCTTAGCAGCACTCACATGCT,1
TGGTCTTAGCAGCACTCACATGCTC,1
GGTCTTAGCAGCACTCACATGCTCA,1
GTCTTAGCAGCACTCACATGCTCAC,1
TCTTAGCAGCACTCACATGCTCACT,1
CTTAGCAGCACTCACATGCTCACTC,1
TTAGCAGCACTCACATGCTCACTCT,1
TAGCAGCACTCACATGCTCACTCTC,1
AGCAGCACTCACATGCTCACTCTCT,1
GCAGCACTCACATGCTCACTCTCTC,1
CAGCACTCACATGCTCACTCTCTCC,1
AGCACTCACATGCTCACTCTCTCCT,1
GCACTCACATGCTCACTCTCTCCTT,1
CACTCACATGCTCACTCTCTCCTTC,1
ACTCACATGCTCACTCTCTCCTTCT,1
CTCACATGCTCACTCTCTCCTTCTA,1
TCACATGCTCACTCTCTCCTTCTAC,1
CACATGCTCACTCTCTCCTTCTACA,1
ACATGCTCACTCTCTCCTTCTACAG,1
CATGCTCACTCTCTCCTTCTACAGG,1
ATGCTCACTCTCTCCTTCTACAGGA,1
TGCTCACTCTCTCCTTCTACAGGAA,1
GCTCACTCTCTCCTTCTACAGGAAC,1
CTCACTCTCTCCTTCTACAGGAACT,1
TCACTCTCTCCTTCTACAGGAACTG,1
CACTCTCTCCTTCTACAGGAACTGA,1
ACTCTCTCCTTCTACAGGAACTGAT,1
CTCTCTCCTTCTACAGGAACTGATT,1
TCTCTCCTTCTACAGGAACTGATTT,1
CTCTCCTTCTACAGGAACTGATTTT,1
TCTCCTTCTACAGGAACTGATTTTG,1
CTCCTTCTACAGGAACTGATTTTGC,1
TCCTTCTACAGGAACTGATTTTGCC,1
CCTTCTACAGGAACTGATTTTGCCN,1
CTTCTACAGGAACTGATTTTGCCNA,1
TTCTACAGGAACTGATTTTGCCNAG,1
TCTACAGGAACTGATTTTGCCNAGG,1
CTACAGGAACTGATTTTGCCNAGGT,1
TACAGGAACTGATTTTGCCNAGGTC,1
ACAGGAACTGATTTTGCCNAGGTCT,1
CAGGAACTGATTTTGCCNAGGTCTC,1
AGGAACTGATTTTGCCNAGGTCTCT,1
GGAACTGATTTTGCCNAGGTCTCTG,1
GAACTGATTTTGCCNAGGTCTCTGC,1
AACTGATTTTGCCNAGGTCTCTGCT,1
ACTGATTTTGCCNAGGTCTCTGCTC,1
CTGATTTTGCCNAGGTCTCTGCTCT,1
TGATTTTGCCNAGGTCTCTGCTCTC,1
GATTTTGCCNAGGTCTCTGCTCTCT,1
ATTTTGCCNAGGTCTCTGCTCTCTG,1
TTTTGCCNAGGTCTCTGCTCTCTGC,1
TTTGCCNAGGTCTCTGCTCTCTGCA,1
TTGCCNAGGTCTCTGCTCTCTGCAG,1
TGCCNAGGTCTCTGCTCTCTGCAGC,1
GCCNAGGTCTCTGCTCTCTGCAGCA,1
CCNAGGTCTCTGCTCTCTGCAGCAG,1
CNAGGTCTCTGCTCTCTGCAGCAGC,1
NAGGTCTCTGCTCTCTGCAGCAGCT,1
AGGTCTCTGCTCTCTGCAGCAGCTC,1
GGTCTCTGCTCTCTGCAGCAGCTCG,1
GTCTCTGCTCTCTGCAGCAGCTCGC,1
CAGGCAGAAAGTCAGAGCCCTACCA,1
AGGCAGAAAGTCAGAGCCCTACCAN,1
GGCAGAAAGTCAGAGCCCTACCANC,1
GCAGAAAGTCAGAGCCCTACCANCG,1
CAGAAAGTCAGAGCCCTACCANCGT,1
AGAAAGTCAGAGCCCTACCANCGTG,1
GAAAGTCAGAGCCCTACCANCGTGG,1
AAAGTCAGAGCCCTACCANCGTGGA,1
AAGTCAGAGCCCTACCANCGTGGAC,1
AGTCAGAGCCCTACCANCGTGGACC,1
GTCAGAGCCCTACCANCGTGGACCT,1
TCAGAGCCCTACCANCGTGGACCTG,1
CAGAGCCCTACCANCGTGGACCTGG,1
AGAGCCCTACCANCGTGGACCTGGA,1
GAGCCCTACCANCGTGGACCTGGAA,1
AGCCCTACCANCGTGGACCTGGAAG,1
GCCCTACCANCGTGGACCTGGAAGA,1
CCCTACCANCGTGGACCTGGAAGAC,1
CCTACCANCGTGGACCTGGAAGACA,1
CTACCANCGTGGACCTGGAAGACAA,1
TACCANCGTGGACCTGGAAGACAAA,1
ACCANCGTGGACCTGGAAGACAAAG,1
CCANCGTGGACCTGGAAGACAAAGA,1
CANCGTGGACCTGGAAGACAAAGAG,1
ANCGTGGACCTGGAAGACAAAGAGA,1
NCGTGGACCTGGAAGACAAAGAGAG,1
CGTGGACCTGGAAGACAAAGAGAGA,1
GTGGACCTGGAAGACAAAGAGAGAG,1
TGGACCTGGAAGACAAAGAGAGAGA,1
GGACCTGGAAGACAAAGAGAGAGAG,1
GACCTGGAAGACAAAGAGAGAGAGC,1
ACCTGGAAGACAAAGAGAGAGAGCA,1
CCTGGAAGACAAAGAGAGAGAGCAC,1
CTGGAAGACAAAGAGAGAGAGCACA,1
TGGAAGACAAAGAGAGAGAGCACAG,1
GGAAGACAAAGAGAGAGAGCACAGA,1
GAAGACAAAGAGAGAGAGCACAGAG,1
AAGACAAAGAGAGAGAGCACAGAGA,1
AGACAAAGAGAGAGAGCACAGAGAC,1
GACAAAGAGAGAGAGCACAGAGACT,1
ACAAAGAGAGAGAGCACAGAGACTC,1
CAAAGAGAGAGAGCACAGAGACTCG,1
AAAGAGAGAGAGCACAGAGACTCGG,1
AAGAGAGAGAGCACAGAGACTCGGC,1
AGAGAGAGAGCACAGAGACTCGGCC,1
GAGAGAGAGCACAGAGACTCGGCCG,1
AGAGAGAGCACAGAGACTCGGCCGG,1
GAGAGAGCACAGAGACTCGGCCGGN,1
AGAGAGCACAGAGACTCGGCCGGNN,1
GAGAGCACAGAGACTCGGCCGGNNG,1
AGAGCACAGAGACTCGGCCGGNNGN,1
GAGCACAGAGACTCGGCCGGNNGNN,1
AGCACAGAGACTCGGCCGGNNGNNN,1
GCACAGAGACTCGGCCGGNNGNNNN,1
CACAGAGACTCGGCCGGNNGNNNNA,1
ACAGAGACTCGGCCGGNNGNNNNAN,1
CAGAGACTCGGCCGGNNGNNNNANN,1
AGAGACTCGGCCGGNNGNNNNANNC,1
GAGACTCGGCCGGNNGNNNNANNCN,1
AGACTCGGCCGGNNGNNNNANNCNN,1
GACTCGGCCGGNNGNNNNANNCNNT,1
ACTCGGCCGGNNGNNNNANNCNNTC,1
CTCGGCCGGNNGNNNNANNCNNTCG,1
TCGGCCGGNNGNNNNANNCNNTCGG,1
CGGCCGGNNGNNNNANNCNNTCGGT,1
GGCCGGNNGNNNNANNCNNTCGGTT,1
GCCGGNNGNNNNANNCNNTCGGTTG,1
CCGGNNGNNNNANNCNNTCGGTTGT,1
CGGNNGNNNNANNCNNTCGGTTGTA,1
GGNNGNNNNANNCNNTCGGTTGTAG,1
GNNGNNNNANNCNNTCGGTTGTAGC,1
NNGNNNNANNCNNTCGGTTGTAGCC,1
NGNNNNANNCNNTCGGTTGTAGCCC,1
GNNNNANNCNNTCGGTTGTAGCCCC,1
NNNNANNCNNTCGGTTGTAGCCCCC,1
NNNANNCNNTCGGTTGTAGCCCCCA,1
ATTTTGTTGCAATTGGCACGCAGTG,1
TTTTGTTGCAATTGGCACGCAGTGC,1
TTTGTTGCAATTGGCACGCAGTGCA,1
TTGTTGCAATTGGCACGCAGTGCAG,1
TGTTGCAATTGGCACGCAGTGCAGA,1
GTTGCAATTGGCACGCAGTGCAGAT,1
TTGCAATTGGCACGCAGTGCAGATG,1
TGCAATTGGCACGCAGTGCAGATGA,1
GCAATTGGCACGCAGTGCAGATGAT,1
CAATTGGCACGCAGTGCAGATGATC,1
AATTGGCACGCAGTGCAGATGATCA,1
ATTGGCACGCAGTGCAGATGATCAC,1
TTGGCACGCAGTGCAGATGATCACT,1
TGGCACGCAGTGCAGATGATCACTA,1
GGCACGCAGTGCAGATGATCACTAA,1
GCACGCAGTGCAGATGATCACTAAC,1
CACGCAGTGCAGATGATCACTAACA,1
ACGCAGTGCAGATGATCACTAACAG,1
CGCAGTGCAGATGATCACTAACAGT,1
GCAGTGCAGATGATCACTAACAGTT,1
CAGTGCAGATGATCACTAACAGTTT,1
AGTGCAGATGATCACTAACAGTTTG,1
GTGCAGATGATCACTAACAGTTTGC,1
TGCAGATGATCACTAACAGTTTGCA,1
GCAGATGATCACTAACAGTTTGCAT,1
CAGATGATCACTAACAGTTTGCATA,1
AGATGATCACTAACAGTTTGCATAA,1
GATGATCACTAACAGTTTGCATAAT,1
ATGATCACTAACAGTTTGCATAATG,1
TGATCACTAACAGTTTGCATAATGC,1
GATCACTAACAGTTTGCATAATGCC,1
ATCACTAACAGTTTGCATAATGCCT,1
TCACTAACAGTTTGCATAATGCCTC,1
CACTAACAGTTTGCATAATGCCTCC,1
ACTAACAGTTTGCATAATGCCTCCA,1
CTAACAGTTTGCATAATGCCTCCAT,1
TAACAGTTTGCATAATGCCTCCATC,1
AACAGTTTGCATAATGCCTCCATCG,1
ACAGTTTGCATAATGCCTCCATCGG,1
CAGTTTGCATAATGCCTCCATCGGT,1
AGTTTGCATAATGCCTCCATCGGTA,1
GTTTGCATAATGCCTCCATCGGTAG,1
TTTGCATAATGCCTCCATCGGTAGC,1
TTGCATAATGCCTCCATCGGTAGCT,1
TGCATAATGCCTCCATCGGTAGCTG,1
GCATAATGCCTCCATCGGTAGCTGT,1
CATAATGCCTCCATCGGTAGCTGTC,1
ATAATGCCTCCATCGGTAGCTGTCC,1
TAATGCCTCCATCGGTAGCTGTCCN,1
AATGCCTCCATCGGTAGCTGTCCNC,1
ATGCCTCCATCGGTAGCTGTCCNCT,1
TGCCTCCATCGGTAGCTGTCCNCTG,1
GCCTCCATCGGTAGCTGTCCNCTGN,1
CCTCCATCGGTAGCTGTCCNCTGNG,1
CTCCATCGGTAGCTGTCCNCTGNGA,1
TCCATCGGTAGCTGTCCNCTGNGAA,1
CCATCGGTAGCTGTCCNCTGNGAAN,1
CATCGGTAGCTGTCCNCTGNGAANG,1
ATCGGTAGCTGTCCNCTGNGAANGT,1
TCGGTAGCTGTCCNCTGNGAANGTT,1
CGGTAGCTGTCCNCTGNGAANGTTC,1
GGTAGCTGTCCNCTGNGAANGTTCT,1
GTAGCTGTCCNCTGNGAANGTTCTG,1
TAGCTGTCCNCTGNGAANGTTCTGC,1
AGCTGTCCNCTGNGAANGTTCTGCT,1
GCTGTCCNCTGNGAANGTTCTGCTT,1
CTGTCCNCTGNGAANGTTCTGCTTT,1
TGTCCNCTGNGAANGTTCTGCTTTC,1
GTCCNCTGNGAANGTTCTGCTTTCT,1
TCCNCTGNGAANGTTCTGCTTTCTC,1
CCNCTGNGAANGTTCTGCTTTCTCT,1
CNCTGNGAANGTTCTGCTTTCTCTT,1
NCTGNGAANGTTCTGCTTTCTCTTA,1
CTGNGAANGTTCTGCTTTCTCTTAG,1
TGNGAANGTTCTGCTTTCTCTTAGA,1
GNGAANGTTCTGCTTTCTCTTAGAT,1
TTTTTCTTCTGTGCAACCTCCTCTT,1
TTTTCTTCTGTGCAACCTCCTCTTC,1
TTTCTTCTGTGCAACCTCCTCTTCT,1
TTCTTCTGTGCAACCTCCTCTTCTG,1
TCTTCTGTGCAACCTCCTCTTCTGG,1
CTTCTGTGCAACCTCCTCTTCTGGC,1
TTCTGTGCAACCTCCTCTTCTGGCT,1
TCTGTGCAACCTCCTCTTCTGGCTT,1
CTGTGCAACCTCCTCTTCTGGCTTT,1
TGTGCAACCTCCTCTTCTGGCTTTG,1
GTGCAACCTCCTCTTCTGGCTTTGG,1
TGCAACCTCCTCTTCTGGCTTTGGA,1
GCAACCTCCTCTTCTGGCTTTGGAA,1
CAACCTCCTCTTCTGGCTTTGGAAC,1
AACCTCCTCTTCTGGCTTTGGAACG,1
ACCTCCTCTTCTGGCTTTGGAACGA,1
CCTCCTCTTCTGGCTTTGGAACGAT,1
CTCCTCTTCTGGCTTTGGAACGATC,1
TCCTCTTCTGGCTTTGGAACGATCT,1
CCTCTTCTGGCTTTGGAACGATCTG,1
CTCTTCTGGCTTTGGAACGATCTGT,1
TCTTCTGGCTTTGGAACGATCTGTT,1
CTTCTGGCTTTGGAACGATCTGTTC,1
TTCTGGCTTTGGAACGATCTGTTCC,1
TCTGGCTTTGGAACGATCTGTTCCT,1
CTGGCTTTGGAACGATCTGTTCCTT,1
TGGCTTTGGAACGATCTGTTCCTTC,1
GGCTTTGGAACGATCTGTTCCTTCT,1
GCTTTGGAACGATCTGTTCCTTCTC,1
CTTTGGAACGATCTGTTCCTTCTCA,1
TTTGGAACGATCTGTTCCTTCTCAG,1
TTGGAACGATCTGTTCCTTCTCAGT,1
TGGAACGATCTGTTCCTTCTCAGTG,1
GGAACGATCTGTTCCTTCTCAGTGA,1
GAACGATCTGTTCCTTCTCAGTGAG,1
AACGATCTGTTCCTTCTCAGTGAGG,1
ACGATCTGTTCCTTCTCAGTGAGGA,1
CGATCTGTTCCTTCTCAGTGAGGAT,1
GATCTGTTCCTTCTCAGTGAGGATC,1
ATCTGTTCCTTCTCAGTGAGGATCA,1
TCTGTTCCTTCTCAGTGAGGATCAT,1
CTGTTCCTTCTCAGTGAGGATCATC,1
TGTTCCTTCTCAGTGAGGATCATCT,1
GTTCCTTCTCAGTGAGGATCATCTC,1
TTCCTTCTCAGTGAGGATCATCTCA,1
TCCTTCTCAGTGAGGATCATCTCAA,1
CCTTCTCAGTGAGGATCATCTCAAT,1
CTTCTCAGTGAGGATCATCTCAATN,1
TTCTCAGTGAGGATCATCTCAATNN,1
TCTCAGTGAGGATCATCTCAATNNG,1
CTCAGTGAGGATCATCTCAATNNGG,1
TCAGTGAGGATCATCTCAATNNGGC,1
CAGTGAGGATCATCTCAATNNGGCN,1
AGTGAGGATCATCTCAATNNGGCNN,1
GTGAGGATCATCTCAATNNGGCNNG,1
TGAGGATCATCTCAATNNGGCNNGG,1
GAGGATCATCTCAATNNGGCNNGGN,1
AGGATCATCTCAATNNGGCNNGGNG,1
GGATCATCTCAATNNGGCNNGGNGA,1
GATCATCTCAATNNGGCNNGGNGAG,1
ATCATCTCAATNNGGCNNGGNGAGC,1
TCATCTCAATNNGGCNNGGNGAGCT,1
CATCTCAATNNGGCNNGGNGAGCTC,1
ATCTCAATNNGGCNNGGNGAGCTCA,1
TCTCAATNNGGCNNGGNGAGCTCAT,1
CTCAATNNGGCNNGGNGAGCTCATG,1
TCAATNNGGCNNGGNGAGCTCATGT,1
CAATNNGGCNNGGNGAGCTCATGTA,1
AATNNGGCNNGGNGAGCTCATGTAT,1
ATNNGGCNNGGNGAGCTCATGTATG,1
TNNGGCNNGGNGAGCTCATGTATGG,1
NNGGCNNGGNGAGCTCATGTATGGG,1
NGGCNNGGNGAGCTCATGTATGGGT,1
GGCNNGGNGAGCTCATGTATGGGTT,1
GCNNGGNGAGCTCATGTATGGGTTA,1
CNNGGNGAGCTCATGTATGGGTTAA,1
TCGTTCAGCTGCTCGATCCACTGGT,1
CGTTCAGCTGCTCGATCCACTGGTC,1
GTTCAGCTGCTCGATCCACTGGTCC,1
TTCAGCTGCTCGATCCACTGGTCCA,1
TCAGCTGCTCGATCCACTGGTCCAG,1
CAGCTGCTCGATCCACTGGTCCAGC,1
AGCTGCTCGATCCACTGGTCCAGCT,1
GCTGCTCGATCCACTGGTCCAGCTC,1
CTGCTCGATCCACTGGTCCAGCTCC,1
TGCTCGATCCACTGGTCCAGCTCCT,1
GCTCGATCCACTGGTCCAGCTCCTT,1
CTCGATCCACTGGTCCAGCTCCTTG,1
TCGATCCACTGGTCCAGCTCCTTGG,1
CGATCCACTGGTCCAGCTCCTTGGT,1
GATCCACTGGTCCAGCTCCTTGGTG,1
ATCCACTGGTCCAGCTCCTTGGTGA,1
TCCACTGGTCCAGCTCCTTGGTGAA,1
CCACTGGTCCAGCTCCTTGGTGAAC,1
CACTGGTCCAGCTCCTTGGTGAACA,1
ACTGGTCCAGCTCCTTGGTGAACAA,1
CTGGTCCAGCTCCTTGGTGAACAAC,1
TGGTCCAGCTCCTTGGTGAACAACT,1
GGTCCAGCTCCTTGGTGAACAACTT,1
GTCCAGCTCCTTGGTGAACAACTTC,1
TCCAGCTCCTTGGTGAACAACTTCT,1
CCAGCTCCTTGGTGAACAACTTCTC,1
CAGCTCCTTGGTGAACAACTTCTCG,1
AGCTCCTTGGTGAACAACTTCTCGT,1
GCTCCTTGGTGAACAACTTCTCGTC,1
CTCCTTGGTGAACAACTTCTCGTCC,1
TCCTTGGTGAACAACTTCTCGTCCA,1
CCTTGGTGAACAACTTCTCGTCCAT,1
CTTGGTGAACAACTTCTCGTCCATG,1
TTGGTGAACAACTTCTCGTCCATGA,1
TGGTGAACAACTTCTCGTCCATGAT,1
GGTGAACAACTTCTCGTCCATGATG,1
GTGAACAACTTCTCGTCCATGATGC,1
TGAACAACTTCTCGTCCATGATGCC,1
GAACAACTTCTCGTCCATGATGCCG,1
AACAACTTCTCGTCCATGATGCCGC,1
ACAACTTCTCGTCCATGATGCCGCC,1
CAACTTCTCGTCCATGATGCCGCCC,1
AACTTCTCGTCCATGATGCCGCCCG,1
ACTTCTCGTCCATGATGCCGCCCGC,1
CTTCTCGTCCATGATGCCGCCCGCC,1
TTCTCGTCCATGATGCCGCCCGCCC,1
TCTCGTCCATGATGCCGCCCGCCCG,1
CTCGTCCATGATGCCGCCCGCCCGA,1
TCGTCCATGATGCCGCCCGCCCGAN,1
CGTCCATGATGCCGCCCGCCCGANC,1
GTCCATGATGCCGCCCGCCCGANCC,1
TCCATGATGCCGCCCGCCCGANCCG,1
CCATGATGCCGCCCGCCCGANCCGN,1
CATGATGCCGCCCGCCCGANCCGNC,1
ATGATGCCGCCCGCCCGANCCGNCT,1
TGATGCCGCCCGCCCGANCCGNCTG,1
GATGCCGCCCGCCCGANCCGNCTGN,1
ATGCCGCCCGCCCGANCCGNCTGNC,1
TGCCGCCCGCCCGANCCGNCTGNCG,1
GCCGCCCGCCCGANCCGNCTGNCGC,1
CCGCCCGCCCGANCCGNCTGNCGCT,1
CGCCCGCCCGANCCGNCTGNCGCTC,1
GCCCGCCCGANCCGNCTGNCGCTCC,1
CCCGCCCGANCCGNCTGNCGCTCCG,1
CCGCCCGANCCGNCTGNCGCTCCGC,1
CGCCCGANCCGNCTGNCGCTCCGCG,1
GCCCGANCCGNCTGNCGCTCCGCGC,1
CCCGANCCGNCTGNCGCTCCGCGCG,1
CCGANCCGNCTGNCGCTCCGCGCGG,1
CGANCCGNCTGNCGCTCCGCGCGGC,1
GANCCGNCTGNCGCTCCGCGCGGCG,1
ANCCGNCTGNCGCTCCGCGCGGCGC,1
NCCGNCTGNCGCTCCGCGCGGCGCC,1
CCGNCTGNCGCTCCGCGCGGCGCCC,1
CGNCTGNCGCTCCGCGCGGCGCCCC,1
GNCTGNCGCTCCGCGCGGCGCCCCC,1
GGTTCCCGGCGGGGCCGCCGCGGCC,1
GTTCCCGGCGGGGCCGCCGCGGCCT,1
TTCCCGGCGGGGCCGCCGCGGCCTC,1
TCCCGGCGGGGCCGCCGCGGCCTCC,1
CCCGGCGGGGCCGCCGCGGCCTCCG,1
CCGGCGGGGCCGCCGCGGCCTCCGC,1
CGGCGGGGCCGCCGCGGCCTCCGCC,1
GGCGGGGCCGCCGCGGCCTCCGCCA,1
GCGGGGCCGCCGCGGCCTCCGCCAC,1
CGGGGCCGCCGCGGCCTCCGCCACC,1
GGGGCCGCCGCGGCCTCCGCCACCC,1
GGGCCGCCGCGGCCTCCGCCACCCC,1
GGCCGCCGCGGCCTCCGCCACCCCC,1
GCCGCCGCGGCCTCCGCCACCCCCG,1
CCGCCGCGGCCTCCGCCACCCCCGC,1
CGCCGCGGCCTCCGCCACCCCCGCC,1
GCCGCGGCCTCCGCCACCCCCGCCG,1
CCGCGGCCTCCGCCACCCCCGCCGC,1
CGCGGCCTCCGCCACCCCCGCCGCC,1
GCGGCCTCCGCCACCCCCGCCGCCG,1
CGGCCTCCGCCACCCCCGCCGCCGC,1
GGCCTCCGCCACCCCCGCCGCCGCC,1
GCCTCCGCCACCCCCGCCGCCGCCC,1
CCTCCGCCACCCCCGCCGCCGCCCA,1
CTCCGCCACCCCCGCCGCCGCCCAG,1
TCCGCCACCCCCGCCGCCGCCCAGG,1
CCGCCACCCCCGCCGCCGCCCAGGC,1
CGCCACCCCCGCCGCCGCCCAGGCC,1
GCCACCCCCGCCGCCGCCCAGGCCA,1
CCACCCCCGCCGCCGCCCAGGCCAC,1
CACCCCCGCCGCCGCCCAGGCCACC,1
ACCCCCGCCGCCGCCCAGGCCACCC,1
CCCCCGCCGCCGCCCAGGCCACCCC,1
CCCCGCCGCCGCCCAGGCCACCCCC,1
CCCGCCGCCGCCCAGGCCACCCCCG,1
CCGCCGCCGCCCAGGCCACCCCCGA,1
CGCCGCCGCCCAGGCCACCCCCGAG,1
GCCGCCGCCCAGGCCACCCCCGAGC,1
CCGCCGCCCAGGCCACCCCCGAGCT,1
CGCCGCCCAGGCCACCCCCGAGCTG,1
GCCGCCCAGGCCACCCCCGAGCTGG,1
CCGCCCAGGCCACCCCCGAGCTGGG,1
CGCCCAGGCCACCCCCGAGCTGGGC,1
GCCCAGGCCACCCCCGAGCTGGGCA,1
CCCAGGCCACCCCCGAGCTGGGCAG,1
CCAGGCCACCCCCGAGCTGGGCAGC,1
CAGGCCACCCCCGAGCTGGGCAGCA,1
AGGCCACCCCCGAGCTGGGCAGCAN,1
GGCCACCCCCGAGCTGGGCAGCANN,1
GCCACCCCCGAGCTGGGCAGCANNC,1
CCACCCCCGAGCTGGGCAGCANNCT,1
CACCCCCGAGCTGGGCAGCANNCTC,1
ACCCCCGAGCTGGGCAGCANNCTCN,1
CCCCCGAGCTGGGCAGCANNCTCNN,1
CCCCGAGCTGGGCAGCANNCTCNNG,1
CCCGAGCTGGGCAGCANNCTCNNGA,1
CCGAGCTGGGCAGCANNCTCNNGAN,1
CGAGCTGGGCAGCANNCTCNNGANG,1
GAGCTGGGCAGCANNCTCNNGANGA,1
AGCTGGGCAGCANNCTCNNGANGAA,1
GCTGGGCAGCANNCTCNNGANGAAG,1
CTGGGCAGCANNCTCNNGANGAAGA,1
TGGGCAGCANNCTCNNGANGAAGAA,1
GGGCAGCANNCTCNNGANGAAGAAG,1
GGCAGCANNCTCNNGANGAAGAAGC,1
GCAGCANNCTCNNGANGAAGAAGCG,1
CAGCANNCTCNNGANGAAGAAGCGG,1
AGCANNCTCNNGANGAAGAAGCGGC,1
GCANNCTCNNGANGAAGAAGCGGCT,1
CANNCTCNNGANGAAGAAGCGGCTC,1
ANNCTCNNGANGAAGAAGCGGCTCT,1
NNCTCNNGANGAAGAAGCGGCTCTC,1
NCTCNNGANGAAGAAGCGGCTCTCG,1
CTCNNGANGAAGAAGCGGCTCTCGC,1
TCNNGANGAAGAAGCGGCTCTCGCA,1
CNNGANGAAGAAGCGGCTCTCGCAG,1
CAAGCTCAAAGTATAATAGAACTTG,1
AAGCTCAAAGTATAATAGAACTTGN,1
AGCTCAAAGTATAATAGAACTTGNG,1
GCTCAAAGTATAATAGAACTTGNGC,1
CTCAAAGTATAATAGAACTTGNGCC,1
TCAAAGTATAATAGAACTTGNGCCT,1
CAAAGTATAATAGAACTTGNGCCTT,1
AAAGTATAATAGAACTTGNGCCTTA,1
AAGTATAATAGAACTTGNGCCTTAT,1
AGTATAATAGAACTTGNGCCTTATT,1
GTATAATAGAACTTGNGCCTTATTT,1
TATAATAGAACTTGNGCCTTATTTT,1
ATAATAGAACTTGNGCCTTATTTTG,1
TAATAGAACTTGNGCCTTATTTTGG,1
AATAGAACTTGNGCCTTATTTTGGT,1
ATAGAACTTGNGCCTTATTTTGGTT,1
TAGAACTTGNGCCTTATTTTGGTTT,1
AGAACTTGNGCCTTATTTTGGTTTC,1
GAACTTGNGCCTTATTTTGGTTTCA,1
AACTTGNGCCTTATTTTGGTTTCAA,1
ACTTGNGCCTTATTTTGGTTTCAAA,1
CTTGNGCCTTATTTTGGTTTCAAAC,1
TTGNGCCTTATTTTGGTTTCAAACC,1
TGNGCCTTATTTTGGTTTCAAACCC,1
GNGCCTTATTTTGGTTTCAAACCCC,1
NGCCTTATTTTGGTTTCAAACCCCC,1
GCCTTATTTTGGTTTCAAACCCCCA,1
CCTTATTTTGGTTTCAAACCCCCAT,1
CTTATTTTGGTTTCAAACCCCCATC,1
TTATTTTGGTTTCAAACCCCCATCT,1
TATTTTGGTTTCAAACCCCCATCTT,1
ATTTTGGTTTCAAACCCCCATCTTT,1
TTTTGGTTTCAAACCCCCATCTTTA,1
TTTGGTTTCAAACCCCCATCTTTAG,1
TTGGTTTCAAACCCCCATCTTTAGA,1
TGGTTTCAAACCCCCATCTTTAGAT,1
GGTTTCAAACCCCCATCTTTAGATC,1
GTTTCAAACCCCCATCTTTAGATCA,1
TTTCAAACCCCCATCTTTAGATCAC,1
TTCAAACCCCCATCTTTAGATCACA,1
TCAAACCCCCATCTTTAGATCACAC,1
CAAACCCCCATCTTTAGATCACACA,1
AAACCCCCATCTTTAGATCACACAT,1
AACCCCCATCTTTAGATCACACATA,1
ACCCCCATCTTTAGATCACACATAA,1
CCCCCATCTTTAGATCACACATAAA,1
CCCCATCTTTAGATCACACATAAAA,1
CCCATCTTTAGATCACACATAAAAN,1
CCATCTTTAGATCACACATAAAANN,1
CATCTTTAGATCACACATAAAANNA,1
ATCTTTAGATCACACATAAAANNAN,1
TCTTTAGATCACACATAAAANNANN,1
CTTTAGATCACACATAAAANNANNN,1
TTTAGATCACACATAAAANNANNNN,1
TTAGATCACACATAAAANNANNNNC,1
TAGATCACACATAAAANNANNNNCN,1
AGATCACACATAAAANNANNNNCNN,1
GATCACACATAAAANNANNNNCNNC,1
ATCACACATAAAANNANNNNCNNCN,1
TCACACATAAAANNANNNNCNNCNN,1
CACACATAAAANNANNNNCNNCNNT,1
ACACATAAAANNANNNNCNNCNNTC,1
CACATAAAANNANNNNCNNCNNTCA,1
ACATAAAANNANNNNCNNCNNTCAG,1
CATAAAANNANNNNCNNCNNTCAGG,1
ATAAAANNANNNNCNNCNNTCAGGG,1
TAAAANNANNNNCNNCNNTCAGGGT,1
AAAANNANNNNCNNCNNTCAGGGTG,1
AAANNANNNNCNNCNNTCAGGGTGC,1
AANNANNNNCNNCNNTCAGGGTGCC,1
ANNANNNNCNNCNNTCAGGGTGCCA,1
NNANNNNCNNCNNTCAGGGTGCCAT,1
NANNNNCNNCNNTCAGGGTGCCATG,1
ANNNNCNNCNNTCAGGGTGCCATGG,1
NNNNCNNCNNTCAGGGTGCCATGGC,1
NNNCNNCNNTCAGGGTGCCATGGCC,1
AAATTCCTTAAGCAGCAAAGATGAC,1
AATTCCTTAAGCAGCAAAGATGACC,1
ATTCCTTAAGCAGCAAAGATGACCT,1
TTCCTTAAGCAGCAAAGATGACCTT,1
TCCTTAAGCAGCAAAGATGACCTTG,1
CCTTAAGCAGCAAAGATGACCTTGA,1
CTTAAGCAGCAAAGATGACCTTGAC,1
TTAAGCAGCAAAGATGACCTTGACC,1
TAAGCAGCAAAGATGACCTTGACCT,1
AAGCAGCAAAGATGACCTTGACCTC,1
AGCAGCAAAGATGACCTTGACCTCT,1
GCAGCAAAGATGACCTTGACCTCTC,1
CAGCAAAGATGACCTTGACCTCTCA,1
AGCAAAGATGACCTTGACCTCTCAA,1
GCAAAGATGACCTTGACCTCTCAAG,1
CAAAGATGACCTTGACCTCTCAAGT,1
AAAGATGACCTTGACCTCTCAAGTG,1
AAGATGACCTTGACCTCTCAAGTGC,1
AGATGACCTTGACCTCTCAAGTGCT,1
GATGACCTTGACCTCTCAAGTGCTG,1
ATGACCTTGACCTCTCAAGTGCTGA,1
TGACCTTGACCTCTCAAGTGCTGAA,1
GACCTTGACCTCTCAAGTGCTGAAA,1
ACCTTGACCTCTCAAGTGCTGAAAT,1
CCTTGACCTCTCAAGTGCTGAAATG,1
CTTGACCTCTCAAGTGCTGAAATGA,1
TTGACCTCTCAAGTGCTGAAATGAT,1
TGACCTCTCAAGTGCTGAAATGATG,1
GACCTCTCAAGTGCTGAAATGATGG,1
ACCTCTCAAGTGCTGAAATGATGGG,1
CCTCTCAAGTGCTGAAATGATGGGT,1
CTCTCAAGTGCTGAAATGATGGGTG,1
TCTCAAGTGCTGAAATGATGGGTGT,1
CTCAAGTGCTGAAATGATGGGTGTA,1
TCAAGTGCTGAAATGATGGGTGTAC,1
CAAGTGCTGAAATGATGGGTGTACA,1
AAGTGCTGAAATGATGGGTGTACAA,1
AGTGCTGAAATGATGGGTGTACAAC,1
GTGCTGAAATGATGGGTGTACAACC,1
TGCTGAAATGATGGGTGTACAACCG,1
GCTGAAATGATGGGTGTACAACCGC,1
CTGAAATGATGGGTGTACAACCGCA,1
TGAAATGATGGGTGTACAACCGCAT,1
GAAATGATGGGTGTACAACCGCATA,1
AAATGATGGGTGTACAACCGCATAC,1
AATGATGGGTGTACAACCGCATACT,1
ATGATGGGTGTACAACCGCATACTG,1
TGATGGGTGTACAACCGCATACTGN,1
GATGGGTGTACAACCGCATACTGNN,1
ATGGGTGTACAACCGCATACTGNNT,1
TGGGTGTACAACCGCATACTGNNTG,1
GGGTGTACAACCGCATACTGNNTGN,1
GGTGTACAACCGCATACTGNNTGNN,1
GTGTACAACCGCATACTGNNTGNNN,1
TGTACAACCGCATACTGNNTGNNNC,1
GTACAACCGCATACTGNNTGNNNCA,1
TACAACCGCATACTGNNTGNNNCAN,1
ACAACCGCATACTGNNTGNNNCANA,1
CAACCGCATACTGNNTGNNNCANAG,1
AACCGCATACTGNNTGNNNCANAGG,1
ACCGCATACTGNNTGNNNCANAGGG,1
CCGCATACTGNNTGNNNCANAGGGC,1
CGCATACTGNNTGNNNCANAGGGCT,1
GCATACTGNNTGNNNCANAGGGCTC,1
CATACTGNNTGNNNCANAGGGCTCT,1
ATACTGNNTGNNNCANAGGGCTCTG,1
TACTGNNTGNNNCANAGGGCTCTGT,1
ACTGNNTGNNNCANAGGGCTCTGTC,1
CTGNNTGNNNCANAGGGCTCTGTCA,1
TGNNTGNNNCANAGGGCTCTGTCAG,1
GNNTGNNNCANAGGGCTCTGTCAGC,1
NNTGNNNCANAGGGCTCTGTCAGCT,1
NTGNNNCANAGGGCTCTGTCAGCTG,1
TGNNNCANAGGGCTCTGTCAGCTGA,1
GNNNCANAGGGCTCTGTCAGCTGAG,1
NNNCANAGGGCTCTGTCAGCTGAGG,1
TTTACATCTTGCCTACCATTGCATG,1
TTACATCTTGCCTACCATTGCATGA,1
TACATCTTGCCTACCATTGCATGAA,1
ACATCTTGCCTACCATTGCATGAAA,1
CATCTTGCCTACCATTGCATGAAAC,1
ATCTTGCCTACCATTGCATGAAACA,1
TCTTGCCTACCATTGCATGAAACAT,1
CTTGCCTACCATTGCATGAAACATT,1
TTGCCTACCATTGCATGAAACATTG,1
TGCCTACCATTGCATGAAACATTGG,1
GCCTACCATTGCATGAAACATTGGG,1
CCTACCATTGCATGAAACATTGGGG,1
CTACCATTGCATGAAACATTGGGGT,1
TACCATTGCATGAAACATTGGGGTT,1
ACCATTGCATGAAACATTGGGGTTT,1
CCATTGCATGAAACATTGGGGTTTC,1
CATTGCATGAAACATTGGGGTTTCT,1
ATTGCATGAAACATTGGGGTTTCTT,1
TTGCATGAAACATTGGGGTTTCTTC,1
TGCATGAAACATTGGGGTTTCTTCA,1
GCATGAAACATTGGGGTTTCTTCAA,1
CATGAAACATTGGGGTTTCTTCAAA,1
ATGAAACATTGGGGTTTCTTCAAAA,1
TGAAACATTGGGGTTTCTTCAAAAT,1
GAAACATTGGGGTTTCTTCAAAATG,1
AAACATTGGGGTTTCTTCAAAATGT,1
AACATTGGGGTTTCTTCAAAATGTG,1
ACATTGGGGTTTCTTCAAAATGTGT,1
CATTGGGGTTTCTTCAAAATGTGTG,1
ATTGGGGTTTCTTCAAAATGTGTGT,1
TTGGGGTTTCTTCAAAATGTGTGTG,1
TGGGGTTTCTTCAAAATGTGTGTGT,1
GGGGTTTCTTCAAAATGTGTGTGTC,1
GGGTTTCTTCAAAATGTGTGTGTCA,1
GGTTTCTTCAAAATGTGTGTGTCAT,1
GTTTCTTCAAAATGTGTGTGTCATA,1
TTTCTTCAAAATGTGTGTGTCATAC,1
TTCTTCAAAATGTGTGTGTCATACT,1
TCTTCAAAATGTGTGTGTCATACTT,1
CTTCAAAATGTGTGTGTCATACTTC,1
TTCAAAATGTGTGTGTCATACTTCT,1
TCAAAATGTGTGTGTCATACTTCTT,1
CAAAATGTGTGTGTCATACTTCTTT,1
AAAATGTGTGTGTCATACTTCTTTT,1
AAATGTGTGTGTCATACTTCTTTTG,1
AATGTGTGTGTCATACTTCTTTTGG,1
ATGTGTGTGTCATACTTCTTTTGGG,1
TGTGTGTGTCATACTTCTTTTGGGA,1
GTGTGTGTCATACTTCTTTTGGGAN,1
TGTGTGTCATACTTCTTTTGGGANG,1
GTGTGTCATACTTCTTTTGGGANGG,1
TGTGTCATACTTCTTTTGGGANGGG,1
GTGTCATACTTCTTTTGGGANGGGN,1
TGTCATACTTCTTTTGGGANGGGNT,1
GTCATACTTCTTTTGGGANGGGNTT,1
TCATACTTCTTTTGGGANGGGNTTG,1
CATACTTCTTTTGGGANGGGNTTGN,1
ATACTTCTTTTGGGANGGGNTTGNT,1
TACTTCTTTTGGGANGGGNTTGNTT,1
ACTTCTTTTGGGANGGGNTTGNTTT,1
CTTCTTTTGGGANGGGNTTGNTTTC,1
TTCTTTTGGGANGGGNTTGNTTTCT,1
TCTTTTGGGANGGGNTTGNTTTCTT,1
CTTTTGGGANGGGNTTGNTTTCTTC,1
TTTTGGGANGGGNTTGNTTTCTTCT,1
TTTGGGANGGGNTTGNTTTCTTCTT,1
TTGGGANGGGNTTGNTTTCTTCTTT,1
TGGGANGGGNTTGNTTTCTTCTTTT,1
GGGANGGGNTTGNTTTCTTCTTTTA,1
GGANGGGNTTGNTTTCTTCTTTTAT,1
GANGGGNTTGNTTTCTTCTTTTATG,1
ANGGGNTTGNTTTCTTCTTTTATGA,1
NGGGNTTGNTTTCTTCTTTTATGAA,1
GGGNTTGNTTTCTTCTTTTATGAAA,1
GGNTTGNTTTCTTCTTTTATGAAAC,1
GNTTGNTTTCTTCTTTTATGAAACT,1
CTCAGACTTTACGAGTTCGGACCAA,1
TCAGACTTTACGAGTTCGGACCAAG,1
CAGACTTTACGAGTTCGGACCAAGC,1
AGACTTTACGAGTTCGGACCAAGCA,1
GACTTTACGAGTTCGGACCAAGCAC,1
ACTTTACGAGTTCGGACCAAGCACA,1
CTTTACGAGTTCGGACCAAGCACAC,1
TTTACGAGTTCGGACCAAGCACACT,1
TTACGAGTTCGGACCAAGCACACTT,1
TACGAGTTCGGACCAAGCACACTTC,1
ACGAGTTCGGACCAAGCACACTTCA,1
CGAGTTCGGACCAAGCACACTTCAG,1
GAGTTCGGACCAAGCACACTTCAGG,1
AGTTCGGACCAAGCACACTTCAGGT,1
GTTCGGACCAAGCACACTTCAGGTC,1
TTCGGACCAAGCACACTTCAGGTCT,1
TCGGACCAAGCACACTTCAGGTCTC,1
CGGACCAAGCACACTTCAGGTCTCA,1
GGACCAAGCACACTTCAGGTCTCAG,1
GACCAAGCACACTTCAGGTCTCAGT,1
ACCAAGCACACTTCAGGTCTCAGTT,1
CCAAGCACACTTCAGGTCTCAGTTA,1
CAAGCACACTTCAGGTCTCAGTTAC,1
AAGCACACTTCAGGTCTCAGTTACG,1
AGCACACTTCAGGTCTCAGTTACGG,1
GCACACTTCAGGTCTCAGTTACGGG,1
CACACTTCAGGTCTCAGTTACGGGC,1
ACACTTCAGGTCTCAGTTACGGGCA,1
CACTTCAGGTCTCAGTTACGGGCAA,1
ACTTCAGGTCTCAGTTACGGGCAAG,1
CTTCAGGTCTCAGTTACGGGCAAGA,1
TTCAGGTCTCAGTTACGGGCAAGAA,1
TCAGGTCTCAGTTACGGGCAAGAAT,1
CAGGTCTCAGTTACGGGCAAGAATC,1
AGGTCTCAGTTACGGGCAAGAATCT,1
GGTCTCAGTTACGGGCAAGAATCTG,1
GTCTCAGTTACGGGCAAGAATCTGG,1
TCTCAGTTACGGGCAAGAATCTGGA,1
CTCAGTTACGGGCAAGAATCTGGAC,1
TCAGTTACGGGCAAGAATCTGGACC,1
CAGTTACGGGCAAGAATCTGGACCA,1
AGTTACGGGCAAGAATCTGGACCAG,1
GTTACGGGCAAGAATCTGGACCAGA,1
TTACGGGCAAGAATCTGGACCAGAT,1
TACGGGCAAGAATCTGGACCAGATG,1
ACGGGCAAGAATCTGGACCAGATGA,1
CGGGCAAGAATCTGGACCAGATGAC,1
GGGCAAGAATCTGGACCAGATGACA,1
GGCAAGAATCTGGACCAGATGACAN,1
GCAAGAATCTGGACCAGATGACANC,1
CAAGAATCTGGACCAGATGACANCA,1
AAGAATCTGGACCAGATGACANCAA,1
AGAATCTGGACCAGATGACANCAAG,1
GAATCTGGACCAGATGACANCAAGC,1
AATCTGGACCAGATGACANCAAGCC,1
ATCTGGACCAGATGACANCAAGCCA,1
TCTGGACCAGATGACANCAAGCCAT,1
CTGGACCAGATGACANCAAGCCATG,1
TGGACCAGATGACANCAAGCCATGC,1
GGACCAGATGACANCAAGCCATGCC,1
GACCAGATGACANCAAGCCATGCCC,1
ACCAGATGACANCAAGCCATGCCCA,1
CCAGATGACANCAAGCCATGCCCAC,1
CAGATGACANCAAGCCATGCCCACG,1
AGATGACANCAAGCCATGCCCACGA,1
GATGACANCAAGCCATGCCCACGAT,1
ATGACANCAAGCCATGCCCACGATG,1
TGACANCAAGCCATGCCCACGATGC,1
GACANCAAGCCATGCCCACGATGCA,1
ACANCAAGCCATGCCCACGATGCAG,1
CANCAAGCCATGCCCACGATGCAGT,1
ANCAAGCCATGCCCACGATGCAGTG,1
NCAAGCCATGCCCACGATGCAGTGC,1
CAAGCCATGCCCACGATGCAGTGCT,1
AAGCCATGCCCACGATGCAGTGCTT,1
AGCCATGCCCACGATGCAGTGCTTA,1
TCTGTTTATTAACTGACCAGATTAC,1
CTGTTTATTAACTGACCAGATTACN,1
TGTTTATTAACTGACCAGATTACNA,1
GTTTATTAACTGACCAGATTACNAA,1
TTTATTAACTGACCAGATTACNAAA,1
TTATTAACTGACCAGATTACNAAAA,1
TATTAACTGACCAGATTACNAAAAT,1
ATTAACTGACCAGATTACNAAAATA,1
TTAACTGACCAGATTACNAAAATAC,1
TAACTGACCAGATTACNAAAATACA,1
AACTGACCAGATTACNAAAATACAA,1
ACTGACCAGATTACNAAAATACAAT,1
CTGACCAGATTACNAAAATACAATG,1
TGACCAGATTACNAAAATACAATGG,1
GACCAGATTACNAAAATACAATGGG,1
ACCAGATTACNAAAATACAATGGGT,1
CCAGATTACNAAAATACAATGGGTG,1
CAGATTACNAAAATACAATGGGTGA,1
AGATTACNAAAATACAATGGGTGAC,1
GATTACNAAAATACAATGGGTGACA,1
ATTACNAAAATACAATGGGTGACAC,1
TTACNAAAATACAATGGGTGACACC,1
TACNAAAATACAATGGGTGACACCT,1
ACNAAAATACAATGGGTGACACCTT,1
CNAAAATACAATGGGTGACACCTTA,1
NAAAATACAATGGGTGACACCTTAG,1
AAAATACAATGGGTGACACCTTAGT,1
AAATACAATGGGTGACACCTTAGTT,1
AATACAATGGGTGACACCTTAGTTC,1
ATACAATGGGTGACACCTTAGTTCA,1
TACAATGGGTGACACCTTAGTTCAT,1
ACAATGGGTGACACCTTAGTTCATC,1
CAATGGGTGACACCTTAGTTCATCC,1
AATGGGTGACACCTTAGTTCATCCG,1
ATGGGTGACACCTTAGTTCATCCGT,1
TGGGTGACACCTTAGTTCATCCGTC,1
GGGTGACACCTTAGTTCATCCGTCT,1
GGTGACACCTTAGTTCATCCGTCTA,1
GTGACACCTTAGTTCATCCGTCTAA,1
TGACACCTTAGTTCATCCGTCTAAT,1
GACACCTTAGTTCATCCGTCTAATA,1
ACACCTTAGTTCATCCGTCTAATAA,1
CACCTTAGTTCATCCGTCTAATAAG,1
ACCTTAGTTCATCCGTCTAATAAGC,1
CCTTAGTTCATCCGTCTAATAAGCC,1
CTTAGTTCATCCGTCTAATAAGCCT,1
TTAGTTCATCCGTCTAATAAGCCTG,1
TAGTTCATCCGTCTAATAAGCCTGN,1
AGTTCATCCGTCTAATAAGCCTGNN,1
GTTCATCCGTCTAATAAGCCTGNNT,1
TTCATCCGTCTAATAAGCCTGNNTN,1
TCATCCGTCTAATAAGCCTGNNTNN,1
CATCCGTCTAATAAGCCTGNNTNNN,1
ATCCGTCTAATAAGCCTGNNTNNNN,1
TCCGTCTAATAAGCCTGNNTNNNNG,1
CCGTCTAATAAGCCTGNNTNNNNGN,1
CGTCTAATAAGCCTGNNTNNNNGNN,1
GTCTAATAAGCCTGNNTNNNNGNNC,1
TCTAATAAGCCTGNNTNNNNGNNCN,1
CTAATAAGCCTGNNTNNNNGNNCNN,1
TAATAAGCCTGNNTNNNNGNNCNNC,1
AATAAGCCTGNNTNNNNGNNCNNCC,1
ATAAGCCTGNNTNNNNGNNCNNCCC,1
TAAGCCTGNNTNNNNGNNCNNCCCT,1
AAGCCTGNNTNNNNGNNCNNCCCTG,1
AGCCTGNNTNNNNGNNCNNCCCTGT,1
GCCTGNNTNNNNGNNCNNCCCTGTT,1
CCTGNNTNNNNGNNCNNCCCTGTTG,1
CTGNNTNNNNGNNCNNCCCTGTTGC,1
TGNNTNNNNGNNCNNCCCTGTTGCC,1
GNNTNNNNGNNCNNCCCTGTTGCCA,1
NNTNNNNGNNCNNCCCTGTTGCCAG,1
NTNNNNGNNCNNCCCTGTTGCCAGC,1
TNNNNGNNCNNCCCTGTTGCCAGCA,1
NNNNGNNCNNCCCTGTTGCCAGCAT,1
NNNGNNCNNCCCTGTTGCCAGCATC,1
TGCACTTGCAGTTCTTGCAGGCGCA,1
GCACTTGCAGTTCTTGCAGGCGCAG,1
CACTTGCAGTTCTTGCAGGCGCAGG,1
ACTTGCAGTTCTTGCAGGCGCAGGA,1
CTTGCAGTTCTTGCAGGCGCAGGAG,1
TTGCAGTTCTTGCAGGCGCAGGAGC,1
TGCAGTTCTTGCAGGCGCAGGAGCT,1
GCAGTTCTTGCAGGCGCAGGAGCTG,1
CAGTTCTTGCAGGCGCAGGAGCTGG,1
AGTTCTTGCAGGCGCAGGAGCTGGT,1
GTTCTTGCAGGCGCAGGAGCTGGTG,1
TTCTTGCAGGCGCAGGAGCTGGTGC,1
TCTTGCAGGCGCAGGAGCTGGTGCA,1
CTTGCAGGCGCAGGAGCTGGTGCAA,1
TTGCAGGCGCAGGAGCTGGTGCAAG,1
TGCAGGCGCAGGAGCTGGTGCAAGT,1
GCAGGCGCAGGAGCTGGTGCAAGTG,1
CAGGCGCAGGAGCTGGTGCAAGTGC,1
AGGCGCAGGAGCTGGTGCAAGTGCA,1
GGCGCAGGAGCTGGTGCAAGTGCAG,1
GCGCAGGAGCTGGTGCAAGTGCAGG,1
CGCAGGAGCTGGTGCAAGTGCAGGA,1
GCAGGAGCTGGTGCAAGTGCAGGAG,1
CAGGAGCTGGTGCAAGTGCAGGAGC,1
AGGAGCTGGTGCAAGTGCAGGAGCC,1
GGAGCTGGTGCAAGTGCAGGAGCCG,1
GAGCTGGTGCAAGTGCAGGAGCCGC,1
AGCTGGTGCAAGTGCAGGAGCCGCC,1
GCTGGTGCAAGTGCAGGAGCCGCCG,1
CTGGTGCAAGTGCAGGAGCCGCCGG,1
TGGTGCAAGTGCAGGAGCCGCCGGT,1
GGTGCAAGTGCAGGAGCCGCCGGTG,1
GTGCAAGTGCAGGAGCCGCCGGTGG,1
TGCAAGTGCAGGAGCCGCCGGTGGA,1
GCAAGTGCAGGAGCCGCCGGTGGAG,1
CAAGTGCAGGAGCCGCCGGTGGAGC,1
AAGTGCAGGAGCCGCCGGTGGAGCA,1
AGTGCAGGAGCCGCCGGTGGAGCAG,1
GTGCAGGAGCCGCCGGTGGAGCAGG,1
TGCAGGAGCCGCCGGTGGAGCAGGA,1
GCAGGAGCCGCCGGTGGAGCAGGAG,1
CAGGAGCCGCCGGTGGAGCAGGAGC,1
AGGAGCCGCCGGTGGAGCAGGAGCA,1
GGAGCCGCCGGTGGAGCAGGAGCAG,1
GAGCCGCCGGTGGAGCAGGAGCAGT,1
AGCCGCCGGTGGAGCAGGAGCAGTT,1
GCCGCCGGTGGAGCAGGAGCAGTTG,1
CCGCCGGTGGAGCAGGAGCAGTTGG,1
CGCCGGTGGAGCAGGAGCAGTTGGN,1
GCCGGTGGAGCAGGAGCAGTTGGNG,1
CCGGTGGAGCAGGAGCAGTTGGNGT,1
CGGTGGAGCAGGAGCAGTTGGNGTC,1
GGTGGAGCAGGAGCAGTTGGNGTCN,1
GTGGAGCAGGAGCAGTTGGNGTCNA,1
TGGAGCAGGAGCAGTTGGNGTCNAT,1
GGAGCAGGAGCAGTTGGNGTCNATT,1
GAGCAGGAGCAGTTGGNGTCNATTN,1
AGCAGGAGCAGTTGGNGTCNATTNC,1
GCAGGAGCAGTTGGNGTCNATTNCG,1
CAGGAGCAGTTGGNGTCNATTNCGA,1
AGGAGCAGTTGGNGTCNATTNCGAG,1
GGAGCAGTTGGNGTCNATTNCGAGA,1
GAGCAGTTGGNGTCNATTNCGAGAT,1
AGCAGTTGGNGTCNATTNCGAGATC,1
GCAGTTGGNGTCNATTNCGAGATCT,1
CAGTTGGNGTCNATTNCGAGATCTG,1
AGTTGGNGTCNATTNCGAGATCTGG,1
GTTGGNGTCNATTNCGAGATCTGGT,1
TTGGNGTCNATTNCGAGATCTGGTG,1
TGGNGTCNATTNCGAGATCTGGTGA,1
GGNGTCNATTNCGAGATCTGGTGAA,1
GNGTCNATTNCGAGATCTGGTGAAG,1
NGTCNATTNCGAGATCTGGTGAAGC,1
GTCNATTNCGAGATCTGGTGAAGCT,1
TCNATTNCGAGATCTGGTGAAGCTG,1
CNATTNCGAGATCTGGTGAAGCTGG,1
CCTAGTTAATCTCAAAGGCAGAAAA,1
CTAGTTAATCTCAAAGGCAGAAAAA,1
TAGTTAATCTCAAAGGCAGAAAAAC,1
AGTTAATCTCAAAGGCAGAAAAACT,1
GTTAATCTCAAAGGCAGAAAAACTG,1
TTAATCTCAAAGGCAGAAAAACTGA,1
TAATCTCAAAGGCAGAAAAACTGAA,1
AATCTCAAAGGCAGAAAAACTGAAA,1
ATCTCAAAGGCAGAAAAACTGAAAT,1
TCTCAAAGGCAGAAAAACTGAAATT,1
CTCAAAGGCAGAAAAACTGAAATTA,1
TCAAAGGCAGAAAAACTGAAATTAT,1
CAAAGGCAGAAAAACTGAAATTATC,1
AAAGGCAGAAAAACTGAAATTATCC,1
AAGGCAGAAAAACTGAAATTATCCT,1
AGGCAGAAAAACTGAAATTATCCTG,1
GGCAGAAAAACTGAAATTATCCTGG,1
GCAGAAAAACTGAAATTATCCTGGG,1
CAGAAAAACTGAAATTATCCTGGGT,1
AGAAAAACTGAAATTATCCTGGGTA,1
GAAAAACTGAAATTATCCTGGGTAT,1
AAAAACTGAAATTATCCTGGGTATT,1
AAAACTGAAATTATCCTGGGTATTT,1
AAACTGAAATTATCCTGGGTATTTG,1
AACTGAAATTATCCTGGGTATTTGG,1
ACTGAAATTATCCTGGGTATTTGGC,1
CTGAAATTATCCTGGGTATTTGGCT,1
TGAAATTATCCTGGGTATTTGGCTC,1
GAAATTATCCTGGGTATTTGGCTCT,1
AAATTATCCTGGGTATTTGGCTCTT,1
AATTATCCTGGGTATTTGGCTCTTA,1
ATTATCCTGGGTATTTGGCTCTTAC,1
TTATCCTGGGTATTTGGCTCTTACA,1
TATCCTGGGTATTTGGCTCTTACAA,1
ATCCTGGGTATTTGGCTCTTACAAC,1
TCCTGGGTATTTGGCTCTTACAACT,1
CCTGGGTATTTGGCTCTTACAACTT,1
CTGGGTATTTGGCTCTTACAACTTA,1
TGGGTATTTGGCTCTTACAACTTAA,1
GGGTATTTGGCTCTTACAACTTAAA,1
GGTATTTGGCTCTTACAACTTAAAT,1
GTATTTGGCTCTTACAACTTAAATC,1
TATTTGGCTCTTACAACTTAAATCA,1
ATTTGGCTCTTACAACTTAAATCAC,1
TTTGGCTCTTACAACTTAAATCACA,1
TTGGCTCTTACAACTTAAATCACAC,1
TGGCTCTTACAACTTAAATCACACC,1
GGCTCTTACAACTTAAATCACACCA,1
GCTCTTACAACTTAAATCACACCAN,1
CTCTTACAACTTAAATCACACCANC,1
TCTTACAACTTAAATCACACCANCT,1
CTTACAACTTAAATCACACCANCTC,1
TTACAACTTAAATCACACCANCTCN,1
TACAACTTAAATCACACCANCTCNA,1
ACAACTTAAATCACACCANCTCNAA,1
CAACTTAAATCACACCANCTCNAAA,1
AACTTAAATCACACCANCTCNAAAN,1
ACTTAAATCACACCANCTCNAAANA,1
CTTAAATCACACCANCTCNAAANAG,1
TTAAATCACACCANCTCNAAANAGA,1
TAAATCACACCANCTCNAAANAGAT,1
AAATCACACCANCTCNAAANAGATA,1
AATCACACCANCTCNAAANAGATAG,1
ATCACACCANCTCNAAANAGATAGT,1
TCACACCANCTCNAAANAGATAGTT,1
CACACCANCTCNAAANAGATAGTTC,1
ACACCANCTCNAAANAGATAGTTCA,1
CACCANCTCNAAANAGATAGTTCAA,1
ACCANCTCNAAANAGATAGTTCAAC,1
CCANCTCNAAANAGATAGTTCAACT,1
CANCTCNAAANAGATAGTTCAACTC,1
ANCTCNAAANAGATAGTTCAACTCA,1
NCTCNAAANAGATAGTTCAACTCAC,1
CTCNAAANAGATAGTTCAACTCACT,1
TCNAAANAGATAGTTCAACTCACTC,1
CNAAANAGATAGTTCAACTCACTCG,1
CCGAGCAGGAGGCGCCATCATGGGT,1
CGAGCAGGAGGCGCCATCATGGGTG,1
GAGCAGGAGGCGCCATCATGGGTGT,1
AGCAGGAGGCGCCATCATGGGTGTT,1
GCAGGAGGCGCCATCATGGGTGTTG,1
CAGGAGGCGCCATCATGGGTGTTGA,1
AGGAGGCGCCATCATGGGTGTTGAC,1
GGAGGCGCCATCATGGGTGTTGACA,1
GAGGCGCCATCATGGGTGTTGACAT,1
AGGCGCCATCATGGGTGTTGACATT,1
GGCGCCATCATGGGTGTTGACATTC,1
GCGCCATCATGGGTGTTGACATTCG,1
CGCCATCATGGGTGTTGACATTCGC,1
GCCATCATGGGTGTTGACATTCGCC,1
CCATCATGGGTGTTGACATTCGCCA,1
CATCATGGGTGTTGACATTCGCCAC,1
ATCATGGGTGTTGACATTCGCCACA,1
TCATGGGTGTTGACATTCGCCACAA,1
CATGGGTGTTGACATTCGCCACAAC,1
ATGGGTGTTGACATTCGCCACAACA,1
TGGGTGTTGACATTCGCCACAACAA,1
GGGTGTTGACATTCGCCACAACAAG,1
GGTGTTGACATTCGCCACAACAAGG,1
GTGTTGACATTCGCCACAACAAGGA,1
TGTTGACATTCGCCACAACAAGGAC,1
GTTGACATTCGCCACAACAAGGACC,1
TTGACATTCGCCACAACAAGGACCG,1
TGACATTCGCCACAACAAGGACCGA,1
GACATTCGCCACAACAAGGACCGAA,1
ACATTCGCCACAACAAGGACCGAAA,1
CATTCGCCACAACAAGGACCGAAAG,1
ATTCGCCACAACAAGGACCGAAAGG,1
TTCGCCACAACAAGGACCGAAAGGT,1
TCGCCACAACAAGGACCGAAAGGTT,1
CGCCACAACAAGGACCGAAAGGTTC,1
GCCACAACAAGGACCGAAAGGTTCG,1
CCACAACAAGGACCGAAAGGTTCGG,1
CACAACAAGGACCGAAAGGTTCGGC,1
ACAACAAGGACCGAAAGGTTCGGCG,1
CAACAAGGACCGAAAGGTTCGGCGC,1
AACAAGGACCGAAAGGTTCGGCGCA,1
ACAAGGACCGAAAGGTTCGGCGCAA,1
CAAGGACCGAAAGGTTCGGCGCAAG,1
AAGGACCGAAAGGTTCGGCGCAAGG,1
AGGACCGAAAGGTTCGGCGCAAGGA,1
GGACCGAAAGGTTCGGCGCAAGGAG,1
GACCGAAAGGTTCGGCGCAAGGAGC,1
ACCGAAAGGTTCGGCGCAAGGAGCN,1
CCGAAAGGTTCGGCGCAAGGAGCNN,1
CGAAAGGTTCGGCGCAAGGAGCNNA,1
GAAAGGTTCGGCGCAAGGAGCNNAA,1
AAAGGTTCGGCGCAAGGAGCNNAAN,1
AAGGTTCGGCGCAAGGAGCNNAANN,1
AGGTTCGGCGCAAGGAGCNNAANNN,1
GGTTCGGCGCAAGGAGCNNAANNNC,1
GTTCGGCGCAAGGAGCNNAANNNCC,1
TTCGGCGCAAGGAGCNNAANNNCCN,1
TCGGCGCAAGGAGCNNAANNNCCNG,1
CGGCGCAAGGAGCNNAANNNCCNGG,1
GGCGCAAGGAGCNNAANNNCCNGGA,1
GCGCAAGGAGCNNAANNNCCNGGAC,1
CGCAAGGAGCNNAANNNCCNGGACA,1
GCAAGGAGCNNAANNNCCNGGACAT,1
CAAGGAGCNNAANNNCCNGGACATC,1
AAGGAGCNNAANNNCCNGGACATCT,1
AGGAGCNNAANNNCCNGGACATCTA,1
GGAGCNNAANNNCCNGGACATCTAC,1
GAGCNNAANNNCCNGGACATCTACC,1
AGCNNAANNNCCNGGACATCTACCT,1
GCNNAANNNCCNGGACATCTACCTG,1
CNNAANNNCCNGGACATCTACCTGC,1
NNAANNNCCNGGACATCTACCTGCG,1
NAANNNCCNGGACATCTACCTGCGG,1
AANNNCCNGGACATCTACCTGCGGC,1
ANNNCCNGGACATCTACCTGCGGCT,1
NNNCCNGGACATCTACCTGCGGCTG,1
GTTTTCTCCTGATTGCTCCTGTGTA,1
TTTTCTCCTGATTGCTCCTGTGTAA,1
TTTCTCCTGATTGCTCCTGTGTAAA,1
TTCTCCTGATTGCTCCTGTGTAAAG,1
TCTCCTGATTGCTCCTGTGTAAAGA,1
CTCCTGATTGCTCCTGTGTAAAGAT,1
TCCTGATTGCTCCTGTGTAAAGATG,1
CCTGATTGCTCCTGTGTAAAGATGC,1
CTGATTGCTCCTGTGTAAAGATGCC,1
TGATTGCTCCTGTGTAAAGATGCCT,1
GATTGCTCCTGTGTAAAGATGCCTT,1
ATTGCTCCTGTGTAAAGATGCCTTG,1
TTGCTCCTGTGTAAAGATGCCTTGT,1
TGCTCCTGTGTAAAGATGCCTTGTC,1
GCTCCTGTGTAAAGATGCCTTGTCG,1
CTCCTGTGTAAAGATGCCTTGTCGT,1
TCCTGTGTAAAGATGCCTTGTCGTG,1
CCTGTGTAAAGATGCCTTGTCGTGC,1
CTGTGTAAAGATGCCTTGTCGTGCA,1
TGTGTAAAGATGCCTTGTCGTGCAG,1
GTGTAAAGATGCCTTGTCGTGCAGA,1
TGTAAAGATGCCTTGTCGTGCAGAA,1
GTAAAGATGCCTTGTCGTGCAGAAA,1
TAAAGATGCCTTGTCGTGCAGAAAC,1
AAAGATGCCTTGTCGTGCAGAAACA,1
AAGATGCCTTGTCGTGCAGAAACAA,1
AGATGCCTTGTCGTGCAGAAACAAA,1
GATGCCTTGTCGTGCAGAAACAAAT,1
ATGCCTTGTCGTGCAGAAACAAATG,1
TGCCTTGTCGTGCAGAAACAAATGG,1
GCCTTGTCGTGCAGAAACAAATGGC,1
CCTTGTCGTGCAGAAACAAATGGCT,1
CTTGTCGTGCAGAAACAAATGGCTG,1
TTGTCGTGCAGAAACAAATGGCTGT,1
TGTCGTGCAGAAACAAATGGCTGTC,1
GTCGTGCAGAAACAAATGGCTGTCC,1
TCGTGCAGAAACAAATGGCTGTCCA,1
CGTGCAGAAACAAATGGCTGTCCAG,1
GTGCAGAAACAAATGGCTGTCCAGT,1
TGCAGAAACAAATGGCTGTCCAGTT,1
GCAGAAACAAATGGCTGTCCAGTTT,1
CAGAAACAAATGGCTGTCCAGTTTA,1
AGAAACAAATGGCTGTCCAGTTTAT,1
GAAACAAATGGCTGTCCAGTTTATT,1
AAACAAATGGCTGTCCAGTTTATTA,1
AACAAATGGCTGTCCAGTTTATTAA,1
ACAAATGGCTGTCCAGTTTATTAAA,1
CAAATGGCTGTCCAGTTTATTAAAN,1
AAATGGCTGTCCAGTTTATTAAANN,1
AATGGCTGTCCAGTTTATTAAANNG,1
ATGGCTGTCCAGTTTATTAAANNGN,1
TGGCTGTCCAGTTTATTAAANNGNN,1
GGCTGTCCAGTTTATTAAANNGNNN,1
GCTGTCCAGTTTATTAAANNGNNNN,1
CTGTCCAGTTTATTAAANNGNNNNA,1
TGTCCAGTTTATTAAANNGNNNNAN,1
GTCCAGTTTATTAAANNGNNNNANN,1
TCCAGTTTATTAAANNGNNNNANNA,1
CCAGTTTATTAAANNGNNNNANNAC,1
CAGTTTATTAAANNGNNNNANNACT,1
AGTTTATTAAANNGNNNNANNACTG,1
GTTTATTAAANNGNNNNANNACTGC,1
TTTATTAAANNGNNNNANNACTGCA,1
TTATTAAANNGNNNNANNACTGCAC,1
TATTAAANNGNNNNANNACTGCACT,1
ATTAAANNGNNNNANNACTGCACTT,1
TTAAANNGNNNNANNACTGCACTTC,1
TAAANNGNNNNANNACTGCACTTCC,1
AAANNGNNNNANNACTGCACTTCCA,1
AANNGNNNNANNACTGCACTTCCAG,1
ANNGNNNNANNACTGCACTTCCAGA,1
NNGNNNNANNACTGCACTTCCAGAG,1
NGNNNNANNACTGCACTTCCAGAGA,1
GNNNNANNACTGCACTTCCAGAGAT,1
NNNNANNACTGCACTTCCAGAGATC,1
NNNANNACTGCACTTCCAGAGATCG,1
GTTTGTAATGATCGGTCAGTGCGTC,1
TTTGTAATGATCGGTCAGTGCGTCC,1
TTGTAATGATCGGTCAGTGCGTCCT,1
TGTAATGATCGGTCAGTGCGTCCTG,1
GTAATGATCGGTCAGTGCGTCCTGG,1
TAATGATCGGTCAGTGCGTCCTGGA,1
AATGATCGGTCAGTGCGTCCTGGAG,1
ATGATCGGTCAGTGCGTCCTGGAGC,1
TGATCGGTCAGTGCGTCCTGGAGCG,1
GATCGGTCAGTGCGTCCTGGAGCGC,1
ATCGGTCAGTGCGTCCTGGAGCGCC,1
TCGGTCAGTGCGTCCTGGAGCGCCC,1
CGGTCAGTGCGTCCTGGAGCGCCCT,1
GGTCAGTGCGTCCTGGAGCGCCCTA,1
GTCAGTGCGTCCTGGAGCGCCCTAC,1
TCAGTGCGTCCTGGAGCGCCCTACT,1
CAGTGCGTCCTGGAGCGCCCTACTG,1
AGTGCGTCCTGGAGCGCCCTACTGA,1
GTGCGTCCTGGAGCGCCCTACTGAA,1
TGCGTCCTGGAGCGCCCTACTGAAA,1
GCGTCCTGGAGCGCCCTACTGAAAA,1
CGTCCTGGAGCGCCCTACTGAAAAC,1
GTCCTGGAGCGCCCTACTGAAAACC,1
TCCTGGAGCGCCCTACTGAAAACCT,1
CCTGGAGCGCCCTACTGAAAACCTT,1
CTGGAGCGCCCTACTGAAAACCTTG,1
TGGAGCGCCCTACTGAAAACCTTGA,1
GGAGCGCCCTACTGAAAACCTTGAG,1
GAGCGCCCTACTGAAAACCTTGAGT,1
AGCGCCCTACTGAAAACCTTGAGTC,1
GCGCCCTACTGAAAACCTTGAGTCT,1
CGCCCTACTGAAAACCTTGAGTCTC,1
GCCCTACTGAAAACCTTGAGTCTCT,1
CCCTACTGAAAACCTTGAGTCTCTG,1
CCTACTGAAAACCTTGAGTCTCTGC,1
CTACTGAAAACCTTGAGTCTCTGCT,1
TACTGAAAACCTTGAGTCTCTGCTC,1
ACTGAAAACCTTGAGTCTCTGCTCG,1
CTGAAAACCTTGAGTCTCTGCTCGC,1
TGAAAACCTTGAGTCTCTGCTCGCT,1
GAAAACCTTGAGTCTCTGCTCGCTC,1
AAAACCTTGAGTCTCTGCTCGCTCA,1
AAACCTTGAGTCTCTGCTCGCTCAC,1
AACCTTGAGTCTCTGCTCGCTCACG,1
ACCTTGAGTCTCTGCTCGCTCACGC,1
CCTTGAGTCTCTGCTCGCTCACGCA,1
CTTGAGTCTCTGCTCGCTCACGCAG,1
TTGAGTCTCTGCTCGCTCACGCAGN,1
TGAGTCTCTGCTCGCTCACGCAGNN,1
GAGTCTCTGCTCGCTCACGCAGNNC,1
AGTCTCTGCTCGCTCACGCAGNNCC,1
GTCTCTGCTCGCTCACGCAGNNCCG,1
TCTCTGCTCGCTCACGCAGNNCCGN,1
CTCTGCTCGCTCACGCAGNNCCGNG,1
TCTGCTCGCTCACGCAGNNCCGNGT,1
CTGCTCGCTCACGCAGNNCCGNGTC,1
TGCTCGCTCACGCAGNNCCGNGTCN,1
GCTCGCTCACGCAGNNCCGNGTCNT,1
CTCGCTCACGCAGNNCCGNGTCNTC,1
TCGCTCACGCAGNNCCGNGTCNTCA,1
CGCTCACGCAGNNCCGNGTCNTCAG,1
GCTCACGCAGNNCCGNGTCNTCAGG,1
CTCACGCAGNNCCGNGTCNTCAGGA,1
TCACGCAGNNCCGNGTCNTCAGGAG,1
CACGCAGNNCCGNGTCNTCAGGAGA,1
ACGCAGNNCCGNGTCNTCAGGAGAC,1
CGCAGNNCCGNGTCNTCAGGAGACT,1
GCAGNNCCGNGTCNTCAGGAGACTG,1
CAGNNCCGNGTCNTCAGGAGACTGG,1
AGNNCCGNGTCNTCAGGAGACTGGA,1
GNNCCGNGTCNTCAGGAGACTGGAG,1
NNCCGNGTCNTCAGGAGACTGGAGA,1
NCCGNGTCNTCAGGAGACTGGAGAG,1
CCGNGTCNTCAGGAGACTGGAGAGG,1
CGNGTCNTCAGGAGACTGGAGAGGA,1
GNGTCNTCAGGAGACTGGAGAGGAA,1
GGCTCTGCCCCTCCCCAGGGACTCC,1
GCTCTGCCCCTCCCCAGGGACTCCC,1
CTCTGCCCCTCCCCAGGGACTCCCA,1
TCTGCCCCTCCCCAGGGACTCCCAT,1
CTGCCCCTCCCCAGGGACTCCCATT,1
TGCCCCTCCCCAGGGACTCCCATTG,1
GCCCCTCCCCAGGGACTCCCATTGA,1
CCCCTCCCCAGGGACTCCCATTGAA,1
CCCTCCCCAGGGACTCCCATTGAAG,1
CCTCCCCAGGGACTCCCATTGAAGT,1
CTCCCCAGGGACTCCCATTGAAGTG,1
TCCCCAGGGACTCCCATTGAAGTGC,1
CCCCAGGGACTCCCATTGAAGTGCA,1
CCCAGGGACTCCCATTGAAGTGCAT,1
CCAGGGACTCCCATTGAAGTGCATT,1
CAGGGACTCCCATTGAAGTGCATTC,1
AGGGACTCCCATTGAAGTGCATTCT,1
GGGACTCCCATTGAAGTGCATTCTT,1
GGACTCCCATTGAAGTGCATTCTTC,1
GACTCCCATTGAAGTGCATTCTTCC,1
ACTCCCATTGAAGTGCATTCTTCCT,1
CTCCCATTGAAGTGCATTCTTCCTT,1
TCCCATTGAAGTGCATTCTTCCTTA,1
CCCATTGAAGTGCATTCTTCCTTAG,1
CCATTGAAGTGCATTCTTCCTTAGC,1
CATTGAAGTGCATTCTTCCTTAGCA,1
ATTGAAGTGCATTCTTCCTTAGCAT,1
TTGAAGTGCATTCTTCCTTAGCATC,1
TGAAGTGCATTCTTCCTTAGCATCA,1
GAAGTGCATTCTTCCTTAGCATCAC,1
AAGTGCATTCTTCCTTAGCATCACT,1
AGTGCATTCTTCCTTAGCATCACTA,1
GTGCATTCTTCCTTAGCATCACTAG,1
TGCATTCTTCCTTAGCATCACTAGT,1
GCATTCTTCCTTAGCATCACTAGTT,1
CATTCTTCCTTAGCATCACTAGTTA,1
ATTCTTCCTTAGCATCACTAGTTAA,1
TTCTTCCTTAGCATCACTAGTTAAC,1
TCTTCCTTAGCATCACTAGTTAACA,1
CTTCCTTAGCATCACTAGTTAACAT,1
TTCCTTAGCATCACTAGTTAACATC,1
TCCTTAGCATCACTAGTTAACATCC,1
CCTTAGCATCACTAGTTAACATCCT,1
CTTAGCATCACTAGTTAACATCCTA,1
TTAGCATCACTAGTTAACATCCTAC,1
TAGCATCACTAGTTAACATCCTACG,1
AGCATCACTAGTTAACATCCTACGT,1
GCATCACTAGTTAACATCCTACGTN,1
CATCACTAGTTAACATCCTACGTNN,1
ATCACTAGTTAACATCCTACGTNNC,1
TCACTAGTTAACATCCTACGTNNCN,1
CACTAGTTAACATCCTACGTNNCNN,1
ACTAGTTAACATCCTACGTNNCNNN,1
CTAGTTAACATCCTACGTNNCNNNN,1
TAGTTAACATCCTACGTNNCNNNNG,1
AGTTAACATCCTACGTNNCNNNNGN,1
GTTAACATCCTACGTNNCNNNNGNN,1
TTAACATCCTACGTNNCNNNNGNNT,1
TAACATCCTACGTNNCNNNNGNNTA,1
AACATCCTACGTNNCNNNNGNNTAA,1
ACATCCTACGTNNCNNNNGNNTAAA,1
CATCCTACGTNNCNNNNGNNTAAAT,1
ATCCTACGTNNCNNNNGNNTAAATG,1
TCCTACGTNNCNNNNGNNTAAATGC,1
CCTACGTNNCNNNNGNNTAAATGCC,1
CTACGTNNCNNNNGNNTAAATGCCT,1
TACGTNNCNNNNGNNTAAATGCCTT,1
ACGTNNCNNNNGNNTAAATGCCTTG,1
CGTNNCNNNNGNNTAAATGCCTTGG,1
GTNNCNNNNGNNTAAATGCCTTGGT,1
TNNCNNNNGNNTAAATGCCTTGGTT,1
NNCNNNNGNNTAAATGCCTTGGTTC,1
NCNNNNGNNTAAATGCCTTGGTTCA,1
CNNNNGNNTAAATGCCTTGGTTCAG,1
NNNNGNNTAAATGCCTTGGTTCAGC,1
NNNGNNTAAATGCCTTGGTTCAGCC,1
CACCTACAGAGGATCCTGGCCAGTG,1
ACCTACAGAGGATCCTGGCCAGTGA,1
CCTACAGAGGATCCTGGCCAGTGAT,1
CTACAGAGGATCCTGGCCAGTGATT,1
TACAGAGGATCCTGGCCAGTGATTC,1
ACAGAGGATCCTGGCCAGTGATTCC,1
CAGAGGATCCTGGCCAGTGATTCCT,1
AGAGGATCCTGGCCAGTGATTCCTG,1
GAGGATCCTGGCCAGTGATTCCTGT,1
AGGATCCTGGCCAGTGATTCCTGTG,1
GGATCCTGGCCAGTGATTCCTGTGG,1
GATCCTGGCCAGTGATTCCTGTGGC,1
ATCCTGGCCAGTGATTCCTGTGGCC,1
TCCTGGCCAGTGATTCCTGTGGCCC,1
CCTGGCCAGTGATTCCTGTGGCCCC,1
CTGGCCAGTGATTCCTGTGGCCCCA,1
TGGCCAGTGATTCCTGTGGCCCCAC,1
GGCCAGTGATTCCTGTGGCCCCACC,1
GCCAGTGATTCCTGTGGCCCCACCC,1
CCAGTGATTCCTGTGGCCCCACCCT,1
CAGTGATTCCTGTGGCCCCACCCTC,1
AGTGATTCCTGTGGCCCCACCCTCA,1
GTGATTCCTGTGGCCCCACCCTCAC,1
TGATTCCTGTGGCCCCACCCTCACT,1
GATTCCTGTGGCCCCACCCTCACTG,1
ATTCCTGTGGCCCCACCCTCACTGG,1
TTCCTGTGGCCCCACCCTCACTGGC,1
TCCTGTGGCCCCACCCTCACTGGCA,1
CCTGTGGCCCCACCCTCACTGGCAG,1
CTGTGGCCCCACCCTCACTGGCAGT,1
TGTGGCCCCACCCTCACTGGCAGTA,1
GTGGCCCCACCCTCACTGGCAGTAT,1
TGGCCCCACCCTCACTGGCAGTATG,1
GGCCCCACCCTCACTGGCAGTATGG,1
GCCCCACCCTCACTGGCAGTATGGG,1
CCCCACCCTCACTGGCAGTATGGGA,1
CCCACCCTCACTGGCAGTATGGGAA,1
CCACCCTCACTGGCAGTATGGGAAG,1
CACCCTCACTGGCAGTATGGGAAGT,1
ACCCTCACTGGCAGTATGGGAAGTG,1
CCCTCACTGGCAGTATGGGAAGTGA,1
CCTCACTGGCAGTATGGGAAGTGAC,1
CTCACTGGCAGTATGGGAAGTGACA,1
TCACTGGCAGTATGGGAAGTGACAA,1
CACTGGCAGTATGGGAAGTGACAAG,1
ACTGGCAGTATGGGAAGTGACAAGC,1
CTGGCAGTATGGGAAGTGACAAGCC,1
TGGCAGTATGGGAAGTGACAAGCCN,1
GGCAGTATGGGAAGTGACAAGCCNN,1
GCAGTATGGGAAGTGACAAGCCNNC,1
CAGTATGGGAAGTGACAAGCCNNCC,1
AGTATGGGAAGTGACAAGCCNNCCT,1
GTATGGGAAGTGACAAGCCNNCCTN,1
TATGGGAAGTGACAAGCCNNCCTNN,1
ATGGGAAGTGACAAGCCNNCCTNNG,1
TGGGAAGTGACAAGCCNNCCTNNGA,1
GGGAAGTGACAAGCCNNCCTNNGAN,1
GGAAGTGACAAGCCNNCCTNNGANC,1
GAAGTGACAAGCCNNCCTNNGANCC,1
AAGTGACAAGCCNNCCTNNGANCCT,1
AGTGACAAGCCNNCCTNNGANCCTC,1
GTGACAAGCCNNCCTNNGANCCTCA,1
TGACAAGCCNNCCTNNGANCCTCAG,1
GACAAGCCNNCCTNNGANCCTCAGG,1
ACAAGCCNNCCTNNGANCCTCAGGG,1
CAAGCCNNCCTNNGANCCTCAGGGC,1
AAGCCNNCCTNNGANCCTCAGGGCC,1
AGCCNNCCTNNGANCCTCAGGGCCA,1
GCCNNCCTNNGANCCTCAGGGCCAC,1
CCNNCCTNNGANCCTCAGGGCCACC,1
CNNCCTNNGANCCTCAGGGCCACCC,1
NNCCTNNGANCCTCAGGGCCACCCC,1
NCCTNNGANCCTCAGGGCCACCCCA,1
CCTNNGANCCTCAGGGCCACCCCAT,1
CTNNGANCCTCAGGGCCACCCCATC,1
TNNGANCCTCAGGGCCACCCCATCT,1
TCTGCATCTGGATCTGGATGCCCTT,1
CTGCATCTGGATCTGGATGCCCTTC,1
TGCATCTGGATCTGGATGCCCTTCT,1
GCATCTGGATCTGGATGCCCTTCTG,1
CATCTGGATCTGGATGCCCTTCTGC,1
ATCTGGATCTGGATGCCCTTCTGCC,1
TCTGGATCTGGATGCCCTTCTGCCA,1
CTGGATCTGGATGCCCTTCTGCCAG,1
TGGATCTGGATGCCCTTCTGCCAGT,1
GGATCTGGATGCCCTTCTGCCAGTA,1
GATCTGGATGCCCTTCTGCCAGTAA,1
ATCTGGATGCCCTTCTGCCAGTAAG,1
TCTGGATGCCCTTCTGCCAGTAAGC,1
CTGGATGCCCTTCTGCCAGTAAGCG,1
TGGATGCCCTTCTGCCAGTAAGCGC,1
GGATGCCCTTCTGCCAGTAAGCGCT,1
GATGCCCTTCTGCCAGTAAGCGCTG,1
ATGCCCTTCTGCCAGTAAGCGCTGC,1
TGCCCTTCTGCCAGTAAGCGCTGCC,1
GCCCTTCTGCCAGTAAGCGCTGCCT,1
CCCTTCTGCCAGTAAGCGCTGCCTG,1
CCTTCTGCCAGTAAGCGCTGCCTGA,1
CTTCTGCCAGTAAGCGCTGCCTGAT,1
TTCTGCCAGTAAGCGCTGCCTGATT,1
TCTGCCAGTAAGCGCTGCCTGATTT,1
CTGCCAGTAAGCGCTGCCTGATTTC,1
TGCCAGTAAGCGCTGCCTGATTTCC,1
GCCAGTAAGCGCTGCCTGATTTCCT,1
CCAGTAAGCGCTGCCTGATTTCCTC,1
CAGTAAGCGCTGCCTGATTTCCTCA,1
AGTAAGCGCTGCCTGATTTCCTCAA,1
GTAAGCGCTGCCTGATTTCCTCAAG,1
TAAGCGCTGCCTGATTTCCTCAAGC,1
AAGCGCTGCCTGATTTCCTCAAGCT,1
AGCGCTGCCTGATTTCCTCAAGCTC,1
GCGCTGCCTGATTTCCTCAAGCTCT,1
CGCTGCCTGATTTCCTCAAGCTCTT,1
GCTGCCTGATTTCCTCAAGCTCTTC,1
CTGCCTGATTTCCTCAAGCTCTTCC,1
TGCCTGATTTCCTCAAGCTCTTCCT,1
GCCTGATTTCCTCAAGCTCTTCCTT,1
CCTGATTTCCTCAAGCTCTTCCTTC,1
CTGATTTCCTCAAGCTCTTCCTTCT,1
TGATTTCCTCAAGCTCTTCCTTCTC,1
GATTTCCTCAAGCTCTTCCTTCTCT,1
ATTTCCTCAAGCTCTTCCTTCTCTC,1
TTTCCTCAAGCTCTTCCTTCTCTCT,1
TTCCTCAAGCTCTTCCTTCTCTCTN,1
TCCTCAAGCTCTTCCTTCTCTCTNN,1
CCTCAAGCTCTTCCTTCTCTCTNNT,1
CTCAAGCTCTTCCTTCTCTCTNNTC,1
TCAAGCTCTTCCTTCTCTCTNNTCC,1
CAAGCTCTTCCTTCTCTCTNNTCCN,1
AAGCTCTTCCTTCTCTCTNNTCCNG,1
AGCTCTTCCTTCTCTCTNNTCCNGT,1
GCTCTTCCTTCTCTCTNNTCCNGTC,1
CTCTTCCTTCTCTCTNNTCCNGTCN,1
TCTTCCTTCTCTCTNNTCCNGTCNC,1
CTTCCTTCTCTCTNNTCCNGTCNCG,1
TTCCTTCTCTCTNNTCCNGTCNCGT,1
TCCTTCTCTCTNNTCCNGTCNCGTT,1
CCTTCTCTCTNNTCCNGTCNCGTTC,1
CTTCTCTCTNNTCCNGTCNCGTTCA,1
TTCTCTCTNNTCCNGTCNCGTTCAT,1
TCTCTCTNNTCCNGTCNCGTTCATC,1
CTCTCTNNTCCNGTCNCGTTCATCA,1
TCTCTNNTCCNGTCNCGTTCATCAG,1
CTCTNNTCCNGTCNCGTTCATCAGC,1
TCTNNTCCNGTCNCGTTCATCAGCT,1
CTNNTCCNGTCNCGTTCATCAGCTT,1
TNNTCCNGTCNCGTTCATCAGCTTC,1
NNTCCNGTCNCGTTCATCAGCTTCC,1
NTCCNGTCNCGTTCATCAGCTTCCA,1
TCCNGTCNCGTTCATCAGCTTCCAT,1
CCNGTCNCGTTCATCAGCTTCCATT,1
CNGTCNCGTTCATCAGCTTCCATTT,1
CCAGCATTCTCAACCCTGAGCTACC,1
CAGCATTCTCAACCCTGAGCTACCT,1
AGCATTCTCAACCCTGAGCTACCTC,1
GCATTCTCAACCCTGAGCTACCTCT,1
CATTCTCAACCCTGAGCTACCTCTC,1
ATTCTCAACCCTGAGCTACCTCTCT,1
TTCTCAACCCTGAGCTACCTCTCTA,1
TCTCAACCCTGAGCTACCTCTCTAA,1
CTCAACCCTGAGCTACCTCTCTAAC,1
TCAACCCTGAGCTACCTCTCTAACA,1
CAACCCTGAGCTACCTCTCTAACAC,1
AACCCTGAGCTACCTCTCTAACACC,1
ACCCTGAGCTACCTCTCTAACACCC,1
CCCTGAGCTACCTCTCTAACACCCC,1
CCTGAGCTACCTCTCTAACACCCCA,1
CTGAGCTACCTCTCTAACACCCCAA,1
TGAGCTACCTCTCTAACACCCCAAC,1
GAGCTACCTCTCTAACACCCCAACA,1
AGCTACCTCTCTAACACCCCAACAT,1
GCTACCTCTCTAACACCCCAACATA,1
CTACCTCTCTAACACCCCAACATAA,1
TACCTCTCTAACACCCCAACATAAT,1
ACCTCTCTAACACCCCAACATAATT,1
CCTCTCTAACACCCCAACATAATTT,1
CTCTCTAACACCCCAACATAATTTT,1
TCTCTAACACCCCAACATAATTTTA,1
CTCTAACACCCCAACATAATTTTAT,1
TCTAACACCCCAACATAATTTTATT,1
CTAACACCCCAACATAATTTTATTT,1
TAACACCCCAACATAATTTTATTTT,1
AACACCCCAACATAATTTTATTTTA,1
ACACCCCAACATAATTTTATTTTAA,1
CACCCCAACATAATTTTATTTTAAT,1
ACCCCAACATAATTTTATTTTAATG,1
CCCCAACATAATTTTATTTTAATGG,1
CCCAACATAATTTTATTTTAATGGA,1
CCAACATAATTTTATTTTAATGGAA,1
CAACATAATTTTATTTTAATGGAAT,1
AACATAATTTTATTTTAATGGAATC,1
ACATAATTTTATTTTAATGGAATCC,1
CATAATTTTATTTTAATGGAATCCA,1
ATAATTTTATTTTAATGGAATCCAT,1
TAATTTTATTTTAATGGAATCCATT,1
AATTTTATTTTAATGGAATCCATTT,1
ATTTTATTTTAATGGAATCCATTTA,1
TTTTATTTTAATGGAATCCATTTAT,1
TTTATTTTAATGGAATCCATTTATG,1
TTATTTTAATGGAATCCATTTATGC,1
TATTTTAATGGAATCCATTTATGCN,1
ATTTTAATGGAATCCATTTATGCNT,1
TTTTAATGGAATCCATTTATGCNTA,1
TTTAATGGAATCCATTTATGCNTAT,1
TTAATGGAATCCATTTATGCNTATN,1
TAATGGAATCCATTTATGCNTATNC,1
AATGGAATCCATTTATGCNTATNCT,1
ATGGAATCCATTTATGCNTATNCTA,1
TGGAATCCATTTATGCNTATNCTAN,1
GGAATCCATTTATGCNTATNCTANC,1
GAATCCATTTATGCNTATNCTANCA,1
AATCCATTTATGCNTATNCTANCAA,1
ATCCATTTATGCNTATNCTANCAAG,1
TCCATTTATGCNTATNCTANCAAGG,1
CCATTTATGCNTATNCTANCAAGGA,1
CATTTATGCNTATNCTANCAAGGAA,1
ATTTATGCNTATNCTANCAAGGAAG,1
TTTATGCNTATNCTANCAAGGAAGA,1
TTATGCNTATNCTANCAAGGAAGAA,1
TATGCNTATNCTANCAAGGAAGAAA,1
ATGCNTATNCTANCAAGGAAGAAAA,1
TGCNTATNCTANCAAGGAAGAAAAC,1
GCNTATNCTANCAAGGAAGAAAACA,1
CNTATNCTANCAAGGAAGAAAACAT,1
NTATNCTANCAAGGAAGAAAACATT,1
TATNCTANCAAGGAAGAAAACATTT,1
ATNCTANCAAGGAAGAAAACATTTT,1
TNCTANCAAGGAAGAAAACATTTTC,1
ATTCCTGGGCCTGGCGCTGGCCCTC,1
TTCCTGGGCCTGGCGCTGGCCCTCT,1
TCCTGGGCCTGGCGCTGGCCCTCTG,1
CCTGGGCCTGGCGCTGGCCCTCTGC,1
CTGGGCCTGGCGCTGGCCCTCTGCC,1
TGGGCCTGGCGCTGGCCCTCTGCCC,1
GGGCCTGGCGCTGGCCCTCTGCCCG,1
GGCCTGGCGCTGGCCCTCTGCCCGA,1
GCCTGGCGCTGGCCCTCTGCCCGAG,1
CCTGGCGCTGGCCCTCTGCCCGAGT,1
ACTCCAGATGCAGAAGGACCCCATN,1
CTCCAGATGCAGAAGGACCCCATNG,1
TCCAGATGCAGAAGGACCCCATNGA,1
CCAGATGCAGAAGGACCCCATNGAG,1
CAGATGCAGAAGGACCCCATNGAGN,1
AGATGCAGAAGGACCCCATNGAGNT,1
GATGCAGAAGGACCCCATNGAGNTG,1
ATGCAGAAGGACCCCATNGAGNTGC,1
TGCAGAAGGACCCCATNGAGNTGCN,1
GCAGAAGGACCCCATNGAGNTGCNC,1
CAGAAGGACCCCATNGAGNTGCNCC,1
AGAAGGACCCCATNGAGNTGCNCCA,1
GAAGGACCCCATNGAGNTGCNCCAT,1
AAGGACCCCATNGAGNTGCNCCATC,1
AGGACCCCATNGAGNTGCNCCATCT,1
GGACCCCATNGAGNTGCNCCATCTG,1
GACCCCATNGAGNTGCNCCATCTGT,1
ACCCCATNGAGNTGCNCCATCTGTG,1
CCCCATNGAGNTGCNCCATCTGTGC,1
CCCATNGAGNTGCNCCATCTGTGCC,1
CCATNGAGNTGCNCCATCTGTGCCT,1
CATNGAGNTGCNCCATCTGTGCCTT,1
ATNGAGNTGCNCCATCTGTGCCTTG,1
TNGAGNTGCNCCATCTGTGCCTTGT,1
NGAGNTGCNCCATCTGTGCCTTGTA,1
GAGNTGCNCCATCTGTGCCTTGTAT,1
AGNTGCNCCATCTGTGCCTTGTATC,1
GNTGCNCCATCTGTGCCTTGTATCG,1
CGGCCCTTGAATTTGATTTGACCCA,1
GGCCCTTGAATTTGATTTGACCCAG,1
GCCCTTGAATTTGATTTGACCCAGC,1
CCCTTGAATTTGATTTGACCCAGCC,1
CCTTGAATTTGATTTGACCCAGCCT,1
CTTGAATTTGATTTGACCCAGCCTC,1
TTGAATTTGATTTGACCCAGCCTCC,1
TGAATTTGATTTGACCCAGCCTCCT,1
GAATTTGATTTGACCCAGCCTCCTC,1
AATTTGATTTGACCCAGCCTCCTCT,1
ATTTGATTTGACCCAGCCTCCTCTC,1
TTTGATTTGACCCAGCCTCCTCTCC,1
TTGATTTGACCCAGCCTCCTCTCCC,1
TGATTTGACCCAGCCTCCTCTCCCT,1
GATTTGACCCAGCCTCCTCTCCCTG,1
ATTTGACCCAGCCTCCTCTCCCTGG,1
TTTGACCCAGCCTCCTCTCCCTGGG,1
TTGACCCAGCCTCCTCTCCCTGGGC,1
TGACCCAGCCTCCTCTCCCTGGGCT,1
GACCCAGCCTCCTCTCCCTGGGCTA,1
ACCCAGCCTCCTCTCCCTGGGCTAA,1
CCCAGCCTCCTCTCCCTGGGCTAAC,1
CCAGCCTCCTCTCCCTGGGCTAACC,1
CAGCCTCCTCTCCCTGGGCTAACCT,1
AGCCTCCTCTCCCTGGGCTAACCTT,1
GCCTCCTCTCCCTGGGCTAACCTTG,1
CCTCCTCTCCCTGGGCTAACCTTGC,1
CTCCTCTCCCTGGGCTAACCTTGCC,1
TCCTCTCCCTGGGCTAACCTTGCCT,1
CCTCTCCCTGGGCTAACCTTGCCTG,1
CTCTCCCTGGGCTAACCTTGCCTGT,1
TCTCCCTGGGCTAACCTTGCCTGTT,1
CTCCCTGGGCTAACCTTGCCTGTTA,1
TCCCTGGGCTAACCTTGCCTGTTAG,1
CCCTGGGCTAACCTTGCCTGTTAGC,1
CCTGGGCTAACCTTGCCTGTTAGCT,1
CTGGGCTAACCTTGCCTGTTAGCTC,1
TGGGCTAACCTTGCCTGTTAGCTCC,1
GGGCTAACCTTGCCTGTTAGCTCCA,1
GGCTAACCTTGCCTGTTAGCTCCAT,1
GCTAACCTTGCCTGTTAGCTCCATC,1
CTAACCTTGCCTGTTAGCTCCATCT,1
TAACCTTGCCTGTTAGCTCCATCTG,1
AACCTTGCCTGTTAGCTCCATCTGG,1
ACCTTGCCTGTTAGCTCCATCTGGA,1
CCTTGCCTGTTAGCTCCATCTGGAC,1
CTTGCCTGTTAGCTCCATCTGGACC,1
TTGCCTGTTAGCTCCATCTGGACCN,1
TGCCTGTTAGCTCCATCTGGACCNN,1
GCCTGTTAGCTCCATCTGGACCNNA,1
CCTGTTAGCTCCATCTGGACCNNAN,1
CTGTTAGCTCCATCTGGACCNNANN,1
TGTTAGCTCCATCTGGACCNNANNN,1
GTTAGCTCCATCTGGACCNNANNNN,1
TTAGCTCCATCTGGACCNNANNNNT,1
TAGCTCCATCTGGACCNNANNNNTN,1
AGCTCCATCTGGACCNNANNNNTNN,1
GCTCCATCTGGACCNNANNNNTNNA,1
CTCCATCTGGACCNNANNNNTNNAA,1
TCCATCTGGACCNNANNNNTNNAAC,1
CCATCTGGACCNNANNNNTNNAACC,1
CATCTGGACCNNANNNNTNNAACCT,1
ATCTGGACCNNANNNNTNNAACCTG,1
TCTGGACCNNANNNNTNNAACCTGT,1
CTGGACCNNANNNNTNNAACCTGTG,1
TGGACCNNANNNNTNNAACCTGTGG,1
GGACCNNANNNNTNNAACCTGTGGG,1
GACCNNANNNNTNNAACCTGTGGGT,1
ACCNNANNNNTNNAACCTGTGGGTC,1
CCNNANNNNTNNAACCTGTGGGTCA,1
CNNANNNNTNNAACCTGTGGGTCAT,1
NNANNNNTNNAACCTGTGGGTCATG,1
NANNNNTNNAACCTGTGGGTCATGA,1
ANNNNTNNAACCTGTGGGTCATGAC,1
NNNNTNNAACCTGTGGGTCATGACC,1
NNNTNNAACCTGTGGGTCATGACCT,1
CCGAACGAGAAGGGCCTCTGAGTGA,1
CGAACGAGAAGGGCCTCTGAGTGAG,1
GAACGAGAAGGGCCTCTGAGTGAGT,1
AACGAGAAGGGCCTCTGAGTGAGTC,1
ACGAGAAGGGCCTCTGAGTGAGTCC,1
CGAGAAGGGCCTCTGAGTGAGTCCA,1
GAGAAGGGCCTCTGAGTGAGTCCAT,1
AGAAGGGCCTCTGAGTGAGTCCATA,1
GAAGGGCCTCTGAGTGAGTCCATAA,1
AAGGGCCTCTGAGTGAGTCCATAAG,1
AGGGCCTCTGAGTGAGTCCATAAGG,1
GGGCCTCTGAGTGAGTCCATAAGGA,1
GGCCTCTGAGTGAGTCCATAAGGAG,1
GCCTCTGAGTGAGTCCATAAGGAGG,1
CCTCTGAGTGAGTCCATAAGGAGGA,1
CTCTGAGTGAGTCCATAAGGAGGAT,1
TCTGAGTGAGTCCATAAGGAGGATA,1
CTGAGTGAGTCCATAAGGAGGATAC,1
TGAGTGAGTCCATAAGGAGGATACA,1
GAGTGAGTCCATAAGGAGGATACAA,1
AGTGAGTCCATAAGGAGGATACAAG,1
GTGAGTCCATAAGGAGGATACAAGG,1
TGAGTCCATAAGGAGGATACAAGGT,1
GAGTCCATAAGGAGGATACAAGGTT,1
AGTCCATAAGGAGGATACAAGGTTG,1
GTCCATAAGGAGGATACAAGGTTGT,1
TCCATAAGGAGGATACAAGGTTGTT,1
CCATAAGGAGGATACAAGGTTGTTT,1
CATAAGGAGGATACAAGGTTGTTTA,1
ATAAGGAGGATACAAGGTTGTTTAC,1
TAAGGAGGATACAAGGTTGTTTACA,1
AAGGAGGATACAAGGTTGTTTACAG,1
AGGAGGATACAAGGTTGTTTACAGA,1
GGAGGATACAAGGTTGTTTACAGAC,1
GAGGATACAAGGTTGTTTACAGACA,1
AGGATACAAGGTTGTTTACAGACAG,1
GGATACAAGGTTGTTTACAGACAGT,1
GATACAAGGTTGTTTACAGACAGTA,1
ATACAAGGTTGTTTACAGACAGTAG,1
TACAAGGTTGTTTACAGACAGTAGG,1
ACAAGGTTGTTTACAGACAGTAGGC,1
CAAGGTTGTTTACAGACAGTAGGCT,1
AAGGTTGTTTACAGACAGTAGGCTT,1
AGGTTGTTTACAGACAGTAGGCTTT,1
GGTTGTTTACAGACAGTAGGCTTTA,1
GTTGTTTACAGACAGTAGGCTTTAA,1
TTGTTTACAGACAGTAGGCTTTAAA,1
TGTTTACAGACAGTAGGCTTTAAAN,1
GTTTACAGACAGTAGGCTTTAAANN,1
TTTACAGACAGTAGGCTTTAAANNC,1
TTACAGACAGTAGGCTTTAAANNCC,1
TACAGACAGTAGGCTTTAAANNCCN,1
ACAGACAGTAGGCTTTAAANNCCNN,1
CAGACAGTAGGCTTTAAANNCCNNN,1
AGACAGTAGGCTTTAAANNCCNNNG,1
GACAGTAGGCTTTAAANNCCNNNGT,1
ACAGTAGGCTTTAAANNCCNNNGTN,1
CAGTAGGCTTTAAANNCCNNNGTNC,1
AGTAGGCTTTAAANNCCNNNGTNCT,1
GTAGGCTTTAAANNCCNNNGTNCTA,1
TAGGCTTTAAANNCCNNNGTNCTAT,1
AGGCTTTAAANNCCNNNGTNCTATT,1
GGCTTTAAANNCCNNNGTNCTATTT,1
GCTTTAAANNCCNNNGTNCTATTTC,1
CTTTAAANNCCNNNGTNCTATTTCT,1
TTTAAANNCCNNNGTNCTATTTCTG,1
TTAAANNCCNNNGTNCTATTTCTGA,1
TAAANNCCNNNGTNCTATTTCTGAA,1
AAANNCCNNNGTNCTATTTCTGAAC,1
AANNCCNNNGTNCTATTTCTGAACT,1
ANNCCNNNGTNCTATTTCTGAACTG,1
NNCCNNNGTNCTATTTCTGAACTGT,1
NCCNNNGTNCTATTTCTGAACTGTA,1
CCNNNGTNCTATTTCTGAACTGTAG,1
CNNNGTNCTATTTCTGAACTGTAGT,1
NNNGTNCTATTTCTGAACTGTAGTT,1
CTTGAACTCCCCCACACTTCTAGCC,1
TTGAACTCCCCCACACTTCTAGCCC,1
TGAACTCCCCCACACTTCTAGCCCT,1
GAACTCCCCCACACTTCTAGCCCTG,1
AACTCCCCCACACTTCTAGCCCTGT,1
ACTCCCCCACACTTCTAGCCCTGTA,1
CTCCCCCACACTTCTAGCCCTGTAA,1
TCCCCCACACTTCTAGCCCTGTAAC,1
CCCCCACACTTCTAGCCCTGTAACC,1
CCCCACACTTCTAGCCCTGTAACCC,1
CCCACACTTCTAGCCCTGTAACCCT,1
CCACACTTCTAGCCCTGTAACCCTG,1
CACACTTCTAGCCCTGTAACCCTGT,1
ACACTTCTAGCCCTGTAACCCTGTG,1
CACTTCTAGCCCTGTAACCCTGTGC,1
ACTTCTAGCCCTGTAACCCTGTGCT,1
CTTCTAGCCCTGTAACCCTGTGCTC,1
TTCTAGCCCTGTAACCCTGTGCTCC,1
TCTAGCCCTGTAACCCTGTGCTCCT,1
CTAGCCCTGTAACCCTGTGCTCCTC,1
TAGCCCTGTAACCCTGTGCTCCTCT,1
AGCCCTGTAACCCTGTGCTCCTCTG,1
GCCCTGTAACCCTGTGCTCCTCTGG,1
CCCTGTAACCCTGTGCTCCTCTGGC,1
CCTGTAACCCTGTGCTCCTCTGGCC,1
CTGTAACCCTGTGCTCCTCTGGCCA,1
TGTAACCCTGTGCTCCTCTGGCCAG,1
GTAACCCTGTGCTCCTCTGGCCAGC,1
TAACCCTGTGCTCCTCTGGCCAGCT,1
AACCCTGTGCTCCTCTGGCCAGCTC,1
ACCCTGTGCTCCTCTGGCCAGCTCT,1
CCCTGTGCTCCTCTGGCCAGCTCTG,1
CCTGTGCTCCTCTGGCCAGCTCTGG,1
CTGTGCTCCTCTGGCCAGCTCTGGA,1
TGTGCTCCTCTGGCCAGCTCTGGAG,1
GTGCTCCTCTGGCCAGCTCTGGAGG,1
TGCTCCTCTGGCCAGCTCTGGAGGA,1
GCTCCTCTGGCCAGCTCTGGAGGAA,1
CTCCTCTGGCCAGCTCTGGAGGAAT,1
TCCTCTGGCCAGCTCTGGAGGAATC,1
CCTCTGGCCAGCTCTGGAGGAATCC,1
CTCTGGCCAGCTCTGGAGGAATCCT,1
TCTGGCCAGCTCTGGAGGAATCCTC,1
CTGGCCAGCTCTGGAGGAATCCTCA,1
TGGCCAGCTCTGGAGGAATCCTCAT,1
GGCCAGCTCTGGAGGAATCCTCATC,1
GCCAGCTCTGGAGGAATCCTCATCC,1
CCAGCTCTGGAGGAATCCTCATCCA,1
CAGCTCTGGAGGAATCCTCATCCAN,1
AGCTCTGGAGGAATCCTCATCCANC,1
GCTCTGGAGGAATCCTCATCCANCA,1
CTCTGGAGGAATCCTCATCCANCAT,1
TCTGGAGGAATCCTCATCCANCATN,1
CTGGAGGAATCCTCATCCANCATNA,1
TGGAGGAATCCTCATCCANCATNAC,1
GGAGGAATCCTCATCCANCATNACC,1
GAGGAATCCTCATCCANCATNACCN,1
AGGAATCCTCATCCANCATNACCNC,1
GGAATCCTCATCCANCATNACCNCA,1
GAATCCTCATCCANCATNACCNCAC,1
AATCCTCATCCANCATNACCNCACC,1
ATCCTCATCCANCATNACCNCACCC,1
TCCTCATCCANCATNACCNCACCCT,1
CCTCATCCANCATNACCNCACCCTT,1
CTCATCCANCATNACCNCACCCTTC,1
TCATCCANCATNACCNCACCCTTCC,1
CATCCANCATNACCNCACCCTTCCC,1
ATCCANCATNACCNCACCCTTCCCA,1
TCCANCATNACCNCACCCTTCCCAG,1
CCANCATNACCNCACCCTTCCCAGG,1
CANCATNACCNCACCCTTCCCAGGG,1
ANCATNACCNCACCCTTCCCAGGGA,1
NCATNACCNCACCCTTCCCAGGGAC,1
CATNACCNCACCCTTCCCAGGGACC,1
ATNACCNCACCCTTCCCAGGGACCA,1
TNACCNCACCCTTCCCAGGGACCAG,1
CAATGCGTCAGTTTGACCATCCTCA,1
AATGCGTCAGTTTGACCATCCTCAC,1
ATGCGTCAGTTTGACCATCCTCACA,1
TGCGTCAGTTTGACCATCCTCACAT,1
GCGTCAGTTTGACCATCCTCACATC,1
CGTCAGTTTGACCATCCTCACATCG,1
GTCAGTTTGACCATCCTCACATCGT,1
TCAGTTTGACCATCCTCACATCGTG,1
CAGTTTGACCATCCTCACATCGTGA,1
AGTTTGACCATCCTCACATCGTGAA,1
GTTTGACCATCCTCACATCGTGAAG,1
TTTGACCATCCTCACATCGTGAAGC,1
TTGACCATCCTCACATCGTGAAGCT,1
TGACCATCCTCACATCGTGAAGCTG,1
GACCATCCTCACATCGTGAAGCTGA,1
ACCATCCTCACATCGTGAAGCTGAT,1
CCATCCTCACATCGTGAAGCTGATT,1
CATCCTCACATCGTGAAGCTGATTG,1
ATCCTCACATCGTGAAGCTGATTGG,1
TCCTCACATCGTGAAGCTGATTGGA,1
CCTCACATCGTGAAGCTGATTGGAG,1
CTCACATCGTGAAGCTGATTGGAGT,1
TCACATCGTGAAGCTGATTGGAGTC,1
CACATCGTGAAGCTGATTGGAGTCA,1
ACATCGTGAAGCTGATTGGAGTCAT,1
CATCGTGAAGCTGATTGGAGTCATT,1
ATCGTGAAGCTGATTGGAGTCATTA,1
TCGTGAAGCTGATTGGAGTCATTAC,1
CGTGAAGCTGATTGGAGTCATTACA,1
GTGAAGCTGATTGGAGTCATTACAG,1
TGAAGCTGATTGGAGTCATTACAGA,1
GAAGCTGATTGGAGTCATTACAGAG,1
AAGCTGATTGGAGTCATTACAGAGA,1
AGCTGATTGGAGTCATTACAGAGAA,1
GCTGATTGGAGTCATTACAGAGAAC,1
CTGATTGGAGTCATTACAGAGAACC,1
TGATTGGAGTCATTACAGAGAACCC,1
GATTGGAGTCATTACAGAGAACCCT,1
ATTGGAGTCATTACAGAGAACCCTG,1
TTGGAGTCATTACAGAGAACCCTGT,1
TGGAGTCATTACAGAGAACCCTGTC,1
GGAGTCATTACAGAGAACCCTGTCT,1
GAGTCATTACAGAGAACCCTGTCTG,1
AGTCATTACAGAGAACCCTGTCTGG,1
GTCATTACAGAGAACCCTGTCTGGA,1
TCATTACAGAGAACCCTGTCTGGAT,1
CATTACAGAGAACCCTGTCTGGATA,1
ATTACAGAGAACCCTGTCTGGATAN,1
TTACAGAGAACCCTGTCTGGATANN,1
TACAGAGAACCCTGTCTGGATANNC,1
ACAGAGAACCCTGTCTGGATANNCN,1
CAGAGAACCCTGTCTGGATANNCNN,1
AGAGAACCCTGTCTGGATANNCNNN,1
GAGAACCCTGTCTGGATANNCNNNN,1
AGAACCCTGTCTGGATANNCNNNNA,1
GAACCCTGTCTGGATANNCNNNNAN,1
AACCCTGTCTGGATANNCNNNNANN,1
ACCCTGTCTGGATANNCNNNNANNT,1
CCCTGTCTGGATANNCNNNNANNTG,1
CCTGTCTGGATANNCNNNNANNTGT,1
CTGTCTGGATANNCNNNNANNTGTG,1
TGTCTGGATANNCNNNNANNTGTGC,1
GTCTGGATANNCNNNNANNTGTGCA,1
TCTGGATANNCNNNNANNTGTGCAC,1
CTGGATANNCNNNNANNTGTGCACA,1
TGGATANNCNNNNANNTGTGCACAC,1
GGATANNCNNNNANNTGTGCACACT,1
GATANNCNNNNANNTGTGCACACTT,1
ATANNCNNNNANNTGTGCACACTTG,1
TANNCNNNNANNTGTGCACACTTGG,1
ANNCNNNNANNTGTGCACACTTGGA,1
NNCNNNNANNTGTGCACACTTGGAG,1
NCNNNNANNTGTGCACACTTGGAGA,1
CNNNNANNTGTGCACACTTGGAGAG,1
NNNNANNTGTGCACACTTGGAGAGC,1
NNNANNTGTGCACACTTGGAGAGCT,1
CGTCCGGAGCGGACGGAGCGGACCT,1
GTCCGGAGCGGACGGAGCGGACCTG,1
TCCGGAGCGGACGGAGCGGACCTGG,1
CCGGAGCGGACGGAGCGGACCTGGC,1
CGGAGCGGACGGAGCGGACCTGGCT,1
GGAGCGGACGGAGCGGACCTGGCTG,1
GAGCGGACGGAGCGGACCTGGCTGG,1
AGCGGACGGAGCGGACCTGGCTGGC,1
GCGGACGGAGCGGACCTGGCTGGCC,1
CGGACGGAGCGGACCTGGCTGGCCG,1
GGACGGAGCGGACCTGGCTGGCCGC,1
GACGGAGCGGACCTGGCTGGCCGCG,1
ACGGAGCGGACCTGGCTGGCCGCGC,1
CGGAGCGGACCTGGCTGGCCGCGCA,1
GGAGCGGACCTGGCTGGCCGCGCAT,1
GAGCGGACCTGGCTGGCCGCGCATC,1
AGCGGACCTGGCTGGCCGCGCATCG,1
GCGGACCTGGCTGGCCGCGCATCGC,1
CGGACCTGGCTGGCCGCGCATCGCC,1
GGACCTGGCTGGCCGCGCATCGCCC,1
GACCTGGCTGGCCGCGCATCGCCCT,1
ACCTGGCTGGCCGCGCATCGCCCTC,1
CCTGGCTGGCCGCGCATCGCCCTCG,1
CTGGCTGGCCGCGCATCGCCCTCGC,1
TGGCTGGCCGCGCATCGCCCTCGCC,1
GGCTGGCCGCGCATCGCCCTCGCCT,1
GCTGGCCGCGCATCGCCCTCGCCTG,1
CTGGCCGCGCATCGCCCTCGCCTGG,1
TGGCCGCGCATCGCCCTCGCCTGGG,1
GGCCGCGCATCGCCCTCGCCTGGGG,1
GCCGCGCATCGCCCTCGCCTGGGGC,1
CCGCGCATCGCCCTCGCCTGGGGCC,1
CGCGCATCGCCCTCGCCTGGGGCCA,1
GCGCATCGCCCTCGCCTGGGGCCAT,1
CGCATCGCCCTCGCCTGGGGCCATG,1
GCATCGCCCTCGCCTGGGGCCATGA,1
CATCGCCCTCGCCTGGGGCCATGAA,1
ATCGCCCTCGCCTGGGGCCATGAAG,1
TCGCCCTCGCCTGGGGCCATGAAGT,1
CGCCCTCGCCTGGGGCCATGAAGTA,1
GCCCTCGCCTGGGGCCATGAAGTAG,1
CCCTCGCCTGGGGCCATGAAGTAGC,1
CCTCGCCTGGGGCCATGAAGTAGCT,1
CTCGCCTGGGGCCATGAAGTAGCTG,1
TCGCCTGGGGCCATGAAGTAGCTGC,1
CGCCTGGGGCCATGAAGTAGCTGCG,1
GCCTGGGGCCATGAAGTAGCTGCGG,1
CCTGGGGCCATGAAGTAGCTGCGGN,1
CTGGGGCCATGAAGTAGCTGCGGNN,1
TGGGGCCATGAAGTAGCTGCGGNNG,1
GGGGCCATGAAGTAGCTGCGGNNGC,1
GGGCCATGAAGTAGCTGCGGNNGCN,1
GGCCATGAAGTAGCTGCGGNNGCNN,1
GCCATGAAGTAGCTGCGGNNGCNNN,1
CCATGAAGTAGCTGCGGNNGCNNNC,1
CATGAAGTAGCTGCGGNNGCNNNCC,1
ATGAAGTAGCTGCGGNNGCNNNCCN,1
TGAAGTAGCTGCGGNNGCNNNCCNT,1
GAAGTAGCTGCGGNNGCNNNCCNTG,1
AAGTAGCTGCGGNNGCNNNCCNTGC,1
AGTAGCTGCGGNNGCNNNCCNTGCC,1
GTAGCTGCGGNNGCNNNCCNTGCCC,1
TAGCTGCGGNNGCNNNCCNTGCCCC,1
AGCTGCGGNNGCNNNCCNTGCCCCC,1
GCTGCGGNNGCNNNCCNTGCCCCCC,1
CTGCGGNNGCNNNCCNTGCCCCCCC,1
TGCGGNNGCNNNCCNTGCCCCCCCG,1
GCGGNNGCNNNCCNTGCCCCCCCGC,1
CGGNNGCNNNCCNTGCCCCCCCGCT,1
GGNNGCNNNCCNTGCCCCCCCGCTG,1
GNNGCNNNCCNTGCCCCCCCGCTGG,1
NNGCNNNCCNTGCCCCCCCGCTGGC,1
NGCNNNCCNTGCCCCCCCGCTGGCC,1
GCNNNCCNTGCCCCCCCGCTGGCCC,1
CNNNCCNTGCCCCCCCGCTGGCCCG,1
NNNCCNTGCCCCCCCGCTGGCCCGG,1
TGTAGACTTGGTCCCTTCAGTGTTA,1
GTAGACTTGGTCCCTTCAGTGTTAC,1
TAGACTTGGTCCCTTCAGTGTTACA,1
AGACTTGGTCCCTTCAGTGTTACAT,1
GACTTGGTCCCTTCAGTGTTACATC,1
ACTTGGTCCCTTCAGTGTTACATCT,1
CTTGGTCCCTTCAGTGTTACATCTG,1
TTGGTCCCTTCAGTGTTACATCTGG,1
TGGTCCCTTCAGTGTTACATCTGGT,1
GGTCCCTTCAGTGTTACATCTGGTG,1
GTCCCTTCAGTGTTACATCTGGTGC,1
TCCCTTCAGTGTTACATCTGGTGCC,1
CCCTTCAGTGTTACATCTGGTGCCC,1
CCTTCAGTGTTACATCTGGTGCCCC,1
CTTCAGTGTTACATCTGGTGCCCCA,1
TTCAGTGTTACATCTGGTGCCCCAA,1
TCAGTGTTACATCTGGTGCCCCAAC,1
CAGTGTTACATCTGGTGCCCCAACA,1
AGTGTTACATCTGGTGCCCCAACAC,1
GTGTTACATCTGGTGCCCCAACACT,1
TGTTACATCTGGTGCCCCAACACTG,1
GTTACATCTGGTGCCCCAACACTGA,1
TTACATCTGGTGCCCCAACACTGAG,1
TACATCTGGTGCCCCAACACTGAGT,1
ACATCTGGTGCCCCAACACTGAGTG,1
CATCTGGTGCCCCAACACTGAGTGC,1
ATCTGGTGCCCCAACACTGAGTGCT,1
TCTGGTGCCCCAACACTGAGTGCTG,1
CTGGTGCCCCAACACTGAGTGCTGT,1
TGGTGCCCCAACACTGAGTGCTGTT,1
GGTGCCCCAACACTGAGTGCTGTTG,1
GTGCCCCAACACTGAGTGCTGTTGT,1
TGCCCCAACACTGAGTGCTGTTGTG,1
GCCCCAACACTGAGTGCTGTTGTGG,1
CCCCAACACTGAGTGCTGTTGTGGC,1
CCCAACACTGAGTGCTGTTGTGGCA,1
CCAACACTGAGTGCTGTTGTGGCAT,1
CAACACTGAGTGCTGTTGTGGCATC,1
AACACTGAGTGCTGTTGTGGCATCA,1
ACACTGAGTGCTGTTGTGGCATCAA,1
CACTGAGTGCTGTTGTGGCATCAAT,1
ACTGAGTGCTGTTGTGGCATCAATC,1
CTGAGTGCTGTTGTGGCATCAATCC,1
TGAGTGCTGTTGTGGCATCAATCCC,1
GAGTGCTGTTGTGGCATCAATCCCT,1
AGTGCTGTTGTGGCATCAATCCCTG,1
GTGCTGTTGTGGCATCAATCCCTGA,1
TGCTGTTGTGGCATCAATCCCTGAN,1
GCTGTTGTGGCATCAATCCCTGANN,1
CTGTTGTGGCATCAATCCCTGANNT,1
TGTTGTGGCATCAATCCCTGANNTN,1
GTTGTGGCATCAATCCCTGANNTNN,1
TTGTGGCATCAATCCCTGANNTNNN,1
TGTGGCATCAATCCCTGANNTNNNN,1
GTGGCATCAATCCCTGANNTNNNNA,1
TGGCATCAATCCCTGANNTNNNNAN,1
GGCATCAATCCCTGANNTNNNNANN,1
GCATCAATCCCTGANNTNNNNANNC,1
CATCAATCCCTGANNTNNNNANNCN,1
ATCAATCCCTGANNTNNNNANNCNN,1
TCAATCCCTGANNTNNNNANNCNNT,1
CAATCCCTGANNTNNNNANNCNNTC,1
AATCCCTGANNTNNNNANNCNNTCT,1
ATCCCTGANNTNNNNANNCNNTCTG,1
TCCCTGANNTNNNNANNCNNTCTGC,1
CCCTGANNTNNNNANNCNNTCTGCT,1
CCTGANNTNNNNANNCNNTCTGCTC,1
CTGANNTNNNNANNCNNTCTGCTCC,1
TGANNTNNNNANNCNNTCTGCTCCT,1
GANNTNNNNANNCNNTCTGCTCCTA,1
ANNTNNNNANNCNNTCTGCTCCTAT,1
NNTNNNNANNCNNTCTGCTCCTATA,1
NTNNNNANNCNNTCTGCTCCTATAT,1
TNNNNANNCNNTCTGCTCCTATATG,1
NNNNANNCNNTCTGCTCCTATATGT,1
NNNANNCNNTCTGCTCCTATATGTA,1
GTGCTCGGTCCTTCCGAGGGAGCTA,1
TGCTCGGTCCTTCCGAGGGAGCTAA,1
GCTCGGTCCTTCCGAGGGAGCTAAG,1
CTCGGTCCTTCCGAGGGAGCTAAGG,1
TCGGTCCTTCCGAGGGAGCTAAGGC,1
CGGTCCTTCCGAGGGAGCTAAGGCC,1
GGTCCTTCCGAGGGAGCTAAGGCCG,1
GTCCTTCCGAGGGAGCTAAGGCCGC,1
TCCTTCCGAGGGAGCTAAGGCCGCG,1
CCTTCCGAGGGAGCTAAGGCCGCGT,1
CTTCCGAGGGAGCTAAGGCCGCGTT,1
TTCCGAGGGAGCTAAGGCCGCGTTG,1
TCCGAGGGAGCTAAGGCCGCGTTGG,1
CCGAGGGAGCTAAGGCCGCGTTGGG,1
CGAGGGAGCTAAGGCCGCGTTGGGG,1
GAGGGAGCTAAGGCCGCGTTGGGGT,1
AGGGAGCTAAGGCCGCGTTGGGGTG,1
GGGAGCTAAGGCCGCGTTGGGGTGA,1
GGAGCTAAGGCCGCGTTGGGGTGAG,1
GAGCTAAGGCCGCGTTGGGGTGAGG,1
AGCTAAGGCCGCGTTGGGGTGAGGC,1
GCTAAGGCCGCGTTGGGGTGAGGCC,1
CTAAGGCCGCGTTGGGGTGAGGCCC,1
TAAGGCCGCGTTGGGGTGAGGCCCT,1
AAGGCCGCGTTGGGGTGAGGCCCTC,1
AGGCCGCGTTGGGGTGAGGCCCTCA,1
GGCCGCGTTGGGGTGAGGCCCTCAC,1
GCCGCGTTGGGGTGAGGCCCTCACT,1
CCGCGTTGGGGTGAGGCCCTCACTT,1
CGCGTTGGGGTGAGGCCCTCACTTC,1
GCGTTGGGGTGAGGCCCTCACTTCA,1
CGTTGGGGTGAGGCCCTCACTTCAT,1
GTTGGGGTGAGGCCCTCACTTCATC,1
TTGGGGTGAGGCCCTCACTTCATCC,1
TGGGGTGAGGCCCTCACTTCATCCG,1
GGGGTGAGGCCCTCACTTCATCCGG,1
GGGTGAGGCCCTCACTTCATCCGGC,1
GGTGAGGCCCTCACTTCATCCGGCG,1
GTGAGGCCCTCACTTCATCCGGCGA,1
TGAGGCCCTCACTTCATCCGGCGAC,1
GAGGCCCTCACTTCATCCGGCGACT,1
AGGCCCTCACTTCATCCGGCGACTA,1
GGCCCTCACTTCATCCGGCGACTAG,1
GCCCTCACTTCATCCGGCGACTAGC,1
CCCTCACTTCATCCGGCGACTAGCA,1
CCTCACTTCATCCGGCGACTAGCAC,1
CTCACTTCATCCGGCGACTAGCACC,1
TCACTTCATCCGGCGACTAGCACCN,1
CACTTCATCCGGCGACTAGCACCNN,1
ACTTCATCCGGCGACTAGCACCNNG,1
CTTCATCCGGCGACTAGCACCNNGC,1
TTCATCCGGCGACTAGCACCNNGCC,1
TCATCCGGCGACTAGCACCNNGCCN,1
CATCCGGCGACTAGCACCNNGCCNG,1
ATCCGGCGACTAGCACCNNGCCNGC,1
TCCGGCGACTAGCACCNNGCCNGCA,1
CCGGCGACTAGCACCNNGCCNGCAN,1
CGGCGACTAGCACCNNGCCNGCANT,1
GGCGACTAGCACCNNGCCNGCANTC,1
GCGACTAGCACCNNGCCNGCANTCT,1
CGACTAGCACCNNGCCNGCANTCTA,1
GACTAGCACCNNGCCNGCANTCTAC,1
ACTAGCACCNNGCCNGCANTCTACA,1
CTAGCACCNNGCCNGCANTCTACAG,1
TAGCACCNNGCCNGCANTCTACAGC,1
AGCACCNNGCCNGCANTCTACAGCA,1
GCACCNNGCCNGCANTCTACAGCAT,1
CACCNNGCCNGCANTCTACAGCATG,1
ACCNNGCCNGCANTCTACAGCATGG,1
CCNNGCCNGCANTCTACAGCATGGC,1
CNNGCCNGCANTCTACAGCATGGCT,1
NNGCCNGCANTCTACAGCATGGCTT,1
NGCCNGCANTCTACAGCATGGCTTC,1
GCCNGCANTCTACAGCATGGCTTCC,1
CCNGCANTCTACAGCATGGCTTCCG,1
CNGCANTCTACAGCATGGCTTCCGT,1
CTGAGCCTTTCCTCTTCTTTGACCG,1
TGAGCCTTTCCTCTTCTTTGACCGG,1
GAGCCTTTCCTCTTCTTTGACCGGG,1
AGCCTTTCCTCTTCTTTGACCGGGA,1
GCCTTTCCTCTTCTTTGACCGGGAC,1
CCTTTCCTCTTCTTTGACCGGGACT,1
CTTTCCTCTTCTTTGACCGGGACTT,1
TTTCCTCTTCTTTGACCGGGACTTG,1
TTCCTCTTCTTTGACCGGGACTTGA,1
TCCTCTTCTTTGACCGGGACTTGAA,1
CCTCTTCTTTGACCGGGACTTGAAG,1
CTCTTCTTTGACCGGGACTTGAAGA,1
TCTTCTTTGACCGGGACTTGAAGAC,1
CTTCTTTGACCGGGACTTGAAGACG,1
TTCTTTGACCGGGACTTGAAGACGG,1
TCTTTGACCGGGACTTGAAGACGGG,1
CTTTGACCGGGACTTGAAGACGGGG,1
TTTGACCGGGACTTGAAGACGGGGT,1
TTGACCGGGACTTGAAGACGGGGTT,1
TGACCGGGACTTGAAGACGGGGTTA,1
GACCGGGACTTGAAGACGGGGTTAT,1
ACCGGGACTTGAAGACGGGGTTATC,1
CCGGGACTTGAAGACGGGGTTATCT,1
CGGGACTTGAAGACGGGGTTATCTT,1
GGGACTTGAAGACGGGGTTATCTTC,1
GGACTTGAAGACGGGGTTATCTTCG,1
GACTTGAAGACGGGGTTATCTTCGT,1
ACTTGAAGACGGGGTTATCTTCGTC,1
CTTGAAGACGGGGTTATCTTCGTCA,1
TTGAAGACGGGGTTATCTTCGTCAG,1
TGAAGACGGGGTTATCTTCGTCAGA,1
GAAGACGGGGTTATCTTCGTCAGAC,1
AAGACGGGGTTATCTTCGTCAGACT,1
AGACGGGGTTATCTTCGTCAGACTC,1
GACGGGGTTATCTTCGTCAGACTCC,1
ACGGGGTTATCTTCGTCAGACTCCA,1
CGGGGTTATCTTCGTCAGACTCCAG,1
GGGGTTATCTTCGTCAGACTCCAGT,1
GGGTTATCTTCGTCAGACTCCAGTG,1
GGTTATCTTCGTCAGACTCCAGTGA,1
GTTATCTTCGTCAGACTCCAGTGAG,1
TTATCTTCGTCAGACTCCAGTGAGG,1
TATCTTCGTCAGACTCCAGTGAGGG,1
ATCTTCGTCAGACTCCAGTGAGGGG,1
TCTTCGTCAGACTCCAGTGAGGGGT,1
CTTCGTCAGACTCCAGTGAGGGGTA,1
TTCGTCAGACTCCAGTGAGGGGTAA,1
TCGTCAGACTCCAGTGAGGGGTAAN,1
CGTCAGACTCCAGTGAGGGGTAANN,1
GTCAGACTCCAGTGAGGGGTAANNA,1
TCAGACTCCAGTGAGGGGTAANNAT,1
CAGACTCCAGTGAGGGGTAANNATA,1
AGACTCCAGTGAGGGGTAANNATAN,1
GACTCCAGTGAGGGGTAANNATANT,1
ACTCCAGTGAGGGGTAANNATANTC,1
CTCCAGTGAGGGGTAANNATANTCT,1
TCCAGTGAGGGGTAANNATANTCTN,1
CCAGTGAGGGGTAANNATANTCTNA,1
CAGTGAGGGGTAANNATANTCTNAG,1
AGTGAGGGGTAANNATANTCTNAGT,1
GTGAGGGGTAANNATANTCTNAGTC,1
TGAGGGGTAANNATANTCTNAGTCC,1
GAGGGGTAANNATANTCTNAGTCCT,1
AGGGGTAANNATANTCTNAGTCCTT,1
GGGGTAANNATANTCTNAGTCCTTG,1
GGGTAANNATANTCTNAGTCCTTGA,1
GGTAANNATANTCTNAGTCCTTGAA,1
GTAANNATANTCTNAGTCCTTGAAG,1
TAANNATANTCTNAGTCCTTGAAGC,1
AANNATANTCTNAGTCCTTGAAGCA,1
ANNATANTCTNAGTCCTTGAAGCAG,1
NNATANTCTNAGTCCTTGAAGCAGG,1
NATANTCTNAGTCCTTGAAGCAGGC,1
ATANTCTNAGTCCTTGAAGCAGGCA,1
TANTCTNAGTCCTTGAAGCAGGCAT,1
ANTCTNAGTCCTTGAAGCAGGCATC,1
CGACACCAGACAGGATCCGACCTCG,1
GACACCAGACAGGATCCGACCTCGG,1
ACACCAGACAGGATCCGACCTCGGA,1
CACCAGACAGGATCCGACCTCGGAT,1
ACCAGACAGGATCCGACCTCGGATG,1
CCAGACAGGATCCGACCTCGGATGG,1
CAGACAGGATCCGACCTCGGATGGA,1
AGACAGGATCCGACCTCGGATGGAG,1
GACAGGATCCGACCTCGGATGGAGA,1
ACAGGATCCGACCTCGGATGGAGAC,1
CAGGATCCGACCTCGGATGGAGACG,1
AGGATCCGACCTCGGATGGAGACGT,1
GGATCCGACCTCGGATGGAGACGTT,1
GATCCGACCTCGGATGGAGACGTTA,1
ATCCGACCTCGGATGGAGACGTTAC,1
TCCGACCTCGGATGGAGACGTTACC,1
CCGACCTCGGATGGAGACGTTACCA,1
CGACCTCGGATGGAGACGTTACCAG,1
GACCTCGGATGGAGACGTTACCAGT,1
ACCTCGGATGGAGACGTTACCAGTG,1
CCTCGGATGGAGACGTTACCAGTGA,1
CTCGGATGGAGACGTTACCAGTGAA,1
TCGGATGGAGACGTTACCAGTGAAG,1
CGGATGGAGACGTTACCAGTGAAGG,1
GGATGGAGACGTTACCAGTGAAGGG,1
GATGGAGACGTTACCAGTGAAGGGG,1
ATGGAGACGTTACCAGTGAAGGGGC,1
TGGAGACGTTACCAGTGAAGGGGCA,1
GGAGACGTTACCAGTGAAGGGGCAT,1
GAGACGTTACCAGTGAAGGGGCATT,1
AGACGTTACCAGTGAAGGGGCATTT,1
GACGTTACCAGTGAAGGGGCATTTC,1
ACGTTACCAGTGAAGGGGCATTTCT,1
CGTTACCAGTGAAGGGGCATTTCTT,1
GTTACCAGTGAAGGGGCATTTCTTG,1
TTACCAGTGAAGGGGCATTTCTTGT,1
TACCAGTGAAGGGGCATTTCTTGTC,1
ACCAGTGAAGGGGCATTTCTTGTCT,1
CCAGTGAAGGGGCATTTCTTGTCTA,1
CAGTGAAGGGGCATTTCTTGTCTAT,1
AGTGAAGGGGCATTTCTTGTCTATG,1
GTGAAGGGGCATTTCTTGTCTATGT,1
TGAAGGGGCATTTCTTGTCTATGTA,1
GAAGGGGCATTTCTTGTCTATGTAG,1
AAGGGGCATTTCTTGTCTATGTAGG,1
AGGGGCATTTCTTGTCTATGTAGGT,1
GGGGCATTTCTTGTCTATGTAGGTA,1
GGGCATTTCTTGTCTATGTAGGTAN,1
GGCATTTCTTGTCTATGTAGGTANN,1
GCATTTCTTGTCTATGTAGGTANNC,1
CATTTCTTGTCTATGTAGGTANNCN,1
ATTTCTTGTCTATGTAGGTANNCNN,1
TTTCTTGTCTATGTAGGTANNCNNN,1
TTCTTGTCTATGTAGGTANNCNNNN,1
TCTTGTCTATGTAGGTANNCNNNNT,1
CTTGTCTATGTAGGTANNCNNNNTN,1
TTGTCTATGTAGGTANNCNNNNTNN,1
TGTCTATGTAGGTANNCNNNNTNNC,1
GTCTATGTAGGTANNCNNNNTNNCC,1
TCTATGTAGGTANNCNNNNTNNCCT,1
CTATGTAGGTANNCNNNNTNNCCTC,1
TATGTAGGTANNCNNNNTNNCCTCT,1
ATGTAGGTANNCNNNNTNNCCTCTT,1
TGTAGGTANNCNNNNTNNCCTCTTT,1
GTAGGTANNCNNNNTNNCCTCTTTA,1
TAGGTANNCNNNNTNNCCTCTTTAG,1
AGGTANNCNNNNTNNCCTCTTTAGG,1
GGTANNCNNNNTNNCCTCTTTAGGC,1
GTANNCNNNNTNNCCTCTTTAGGCG,1
TANNCNNNNTNNCCTCTTTAGGCGT,1
ANNCNNNNTNNCCTCTTTAGGCGTC,1
NNCNNNNTNNCCTCTTTAGGCGTCT,1
NCNNNNTNNCCTCTTTAGGCGTCTT,1
CNNNNTNNCCTCTTTAGGCGTCTTG,1
NNNNTNNCCTCTTTAGGCGTCTTGA,1
NNNTNNCCTCTTTAGGCGTCTTGAA,1
AAAAATTTCAGAGAACTCGACATGA,1
AAAATTTCAGAGAACTCGACATGAA,1
AAATTTCAGAGAACTCGACATGAAT,1
AATTTCAGAGAACTCGACATGAATG,1
ATTTCAGAGAACTCGACATGAATGG,1
TTTCAGAGAACTCGACATGAATGGG,1
TTCAGAGAACTCGACATGAATGGGT,1
TCAGAGAACTCGACATGAATGGGTT,1
CAGAGAACTCGACATGAATGGGTTA,1
AGAGAACTCGACATGAATGGGTTAA,1
GAGAACTCGACATGAATGGGTTAAT,1
AGAACTCGACATGAATGGGTTAATC,1
GAACTCGACATGAATGGGTTAATCG,1
AACTCGACATGAATGGGTTAATCGT,1
ACTCGACATGAATGGGTTAATCGTG,1
CTCGACATGAATGGGTTAATCGTGG,1
TCGACATGAATGGGTTAATCGTGGC,1
CGACATGAATGGGTTAATCGTGGCA,1
GACATGAATGGGTTAATCGTGGCAT,1
ACATGAATGGGTTAATCGTGGCATG,1
CATGAATGGGTTAATCGTGGCATGA,1
ATGAATGGGTTAATCGTGGCATGAA,1
TGAATGGGTTAATCGTGGCATGAAG,1
GAATGGGTTAATCGTGGCATGAAGG,1
AATGGGTTAATCGTGGCATGAAGGG,1
ATGGGTTAATCGTGGCATGAAGGGC,1
TGGGTTAATCGTGGCATGAAGGGCA,1
GGGTTAATCGTGGCATGAAGGGCAA,1
GGTTAATCGTGGCATGAAGGGCAAG,1
GTTAATCGTGGCATGAAGGGCAAGC,1
TTAATCGTGGCATGAAGGGCAAGCA,1
TAATCGTGGCATGAAGGGCAAGCAG,1
AATCGTGGCATGAAGGGCAAGCAGA,1
ATCGTGGCATGAAGGGCAAGCAGAG,1
TCGTGGCATGAAGGGCAAGCAGAGG,1
CGTGGCATGAAGGGCAAGCAGAGGC,1
GTGGCATGAAGGGCAAGCAGAGGCT,1
TGGCATGAAGGGCAAGCAGAGGCTA,1
GGCATGAAGGGCAAGCAGAGGCTAC,1
GCATGAAGGGCAAGCAGAGGCTACT,1
CATGAAGGGCAAGCAGAGGCTACTC,1
ATGAAGGGCAAGCAGAGGCTACTCA,1
TGAAGGGCAAGCAGAGGCTACTCAG,1
GAAGGGCAAGCAGAGGCTACTCAGT,1
AAGGGCAAGCAGAGGCTACTCAGTA,1
AGGGCAAGCAGAGGCTACTCAGTAG,1
GGGCAAGCAGAGGCTACTCAGTAGA,1
GGCAAGCAGAGGCTACTCAGTAGAT,1
GCAAGCAGAGGCTACTCAGTAGATN,1
CAAGCAGAGGCTACTCAGTAGATNA,1
AAGCAGAGGCTACTCAGTAGATNAG,1
AGCAGAGGCTACTCAGTAGATNAGT,1
GCAGAGGCTACTCAGTAGATNAGTN,1
CAGAGGCTACTCAGTAGATNAGTNA,1
AGAGGCTACTCAGTAGATNAGTNAC,1
GAGGCTACTCAGTAGATNAGTNACT,1
AGGCTACTCAGTAGATNAGTNACTN,1
GGCTACTCAGTAGATNAGTNACTNA,1
GCTACTCAGTAGATNAGTNACTNAG,1
CTACTCAGTAGATNAGTNACTNAGG,1
TACTCAGTAGATNAGTNACTNAGGG,1
ACTCAGTAGATNAGTNACTNAGGGA,1
CTCAGTAGATNAGTNACTNAGGGAT,1
TCAGTAGATNAGTNACTNAGGGATC,1
CAGTAGATNAGTNACTNAGGGATCT,1
AGTAGATNAGTNACTNAGGGATCTG,1
GTAGATNAGTNACTNAGGGATCTGG,1
TAGATNAGTNACTNAGGGATCTGGG,1
AGATNAGTNACTNAGGGATCTGGGA,1
GATNAGTNACTNAGGGATCTGGGAC,1
ATNAGTNACTNAGGGATCTGGGACC,1
TNAGTNACTNAGGGATCTGGGACCA,1
NAGTNACTNAGGGATCTGGGACCAG,1
AGTNACTNAGGGATCTGGGACCAGC,1
GTNACTNAGGGATCTGGGACCAGCA,1
TNACTNAGGGATCTGGGACCAGCAG,1
GTCGTACGCCCGCTCTTCTTTAGTC,1
TCGTACGCCCGCTCTTCTTTAGTCC,1
CGTACGCCCGCTCTTCTTTAGTCCG,1
GTACGCCCGCTCTTCTTTAGTCCGA,1
TACGCCCGCTCTTCTTTAGTCCGAT,1
ACGCCCGCTCTTCTTTAGTCCGATC,1
CGCCCGCTCTTCTTTAGTCCGATCG,1
GCCCGCTCTTCTTTAGTCCGATCGT,1
CCCGCTCTTCTTTAGTCCGATCGTC,1
CCGCTCTTCTTTAGTCCGATCGTCG,1
CGCTCTTCTTTAGTCCGATCGTCGT,1
GCTCTTCTTTAGTCCGATCGTCGTC,1
CTCTTCTTTAGTCCGATCGTCGTCG,1
TCTTCTTTAGTCCGATCGTCGTCGG,1
CTTCTTTAGTCCGATCGTCGTCGGA,1
TTCTTTAGTCCGATCGTCGTCGGAG,1
TCTTTAGTCCGATCGTCGTCGGAGT,1
CTTTAGTCCGATCGTCGTCGGAGTC,1
TTTAGTCCGATCGTCGTCGGAGTCG,1
TTAGTCCGATCGTCGTCGGAGTCGT,1
TAGTCCGATCGTCGTCGGAGTCGTA,1
AGTCCGATCGTCGTCGGAGTCGTAC,1
GTCCGATCGTCGTCGGAGTCGTACT,1
TCCGATCGTCGTCGGAGTCGTACTC,1
CCGATCGTCGTCGGAGTCGTACTCG,1
CGATCGTCGTCGGAGTCGTACTCGG,1
GATCGTCGTCGGAGTCGTACTCGGA,1
ATCGTCGTCGGAGTCGTACTCGGAG,1
TCGTCGTCGGAGTCGTACTCGGAGT,1
CGTCGTCGGAGTCGTACTCGGAGTC,1
GTCGTCGGAGTCGTACTCGGAGTCT,1
TCGTCGGAGTCGTACTCGGAGTCTG,1
CGTCGGAGTCGTACTCGGAGTCTGA,1
GTCGGAGTCGTACTCGGAGTCTGAG,1
TCGGAGTCGTACTCGGAGTCTGAGC,1
CGGAGTCGTACTCGGAGTCTGAGCT,1
GGAGTCGTACTCGGAGTCTGAGCTA,1
GAGTCGTACTCGGAGTCTGAGCTAG,1
AGTCGTACTCGGAGTCTGAGCTAGC,1
GTCGTACTCGGAGTCTGAGCTAGCG,1
TCGTACTCGGAGTCTGAGCTAGCGT,1
CGTACTCGGAGTCTGAGCTAGCGTC,1
GTACTCGGAGTCTGAGCTAGCGTCT,1
TACTCGGAGTCTGAGCTAGCGTCTT,1
ACTCGGAGTCTGAGCTAGCGTCTTT,1
CTCGGAGTCTGAGCTAGCGTCTTTG,1
TCGGAGTCTGAGCTAGCGTCTTTGC,1
CGGAGTCTGAGCTAGCGTCTTTGCT,1
GGAGTCTGAGCTAGCGTCTTTGCTN,1
GAGTCTGAGCTAGCGTCTTTGCTNG,1
AGTCTGAGCTAGCGTCTTTGCTNGG,1
GTCTGAGCTAGCGTCTTTGCTNGGC,1
TCTGAGCTAGCGTCTTTGCTNGGCN,1
CTGAGCTAGCGTCTTTGCTNGGCNT,1
TGAGCTAGCGTCTTTGCTNGGCNTC,1
GAGCTAGCGTCTTTGCTNGGCNTCG,1
AGCTAGCGTCTTTGCTNGGCNTCGN,1
GCTAGCGTCTTTGCTNGGCNTCGNG,1
CTAGCGTCTTTGCTNGGCNTCGNGT,1
TAGCGTCTTTGCTNGGCNTCGNGTC,1
AGCGTCTTTGCTNGGCNTCGNGTCT,1
GCGTCTTTGCTNGGCNTCGNGTCTC,1
CGTCTTTGCTNGGCNTCGNGTCTCC,1
GTCTTTGCTNGGCNTCGNGTCTCCA,1
TCTTTGCTNGGCNTCGNGTCTCCAG,1
CTTTGCTNGGCNTCGNGTCTCCAGC,1
TTTGCTNGGCNTCGNGTCTCCAGCC,1
TTGCTNGGCNTCGNGTCTCCAGCCT,1
TGCTNGGCNTCGNGTCTCCAGCCTT,1
GCTNGGCNTCGNGTCTCCAGCCTTC,1
CTNGGCNTCGNGTCTCCAGCCTTCC,1
TNGGCNTCGNGTCTCCAGCCTTCCC,1
NGGCNTCGNGTCTCCAGCCTTCCCT,1
GGCNTCGNGTCTCCAGCCTTCCCTG,1
GCNTCGNGTCTCCAGCCTTCCCTGA,1
CNTCGNGTCTCCAGCCTTCCCTGAG,1
CCTCACTCTCCGCTGGCACCTGAGA,1
CTCACTCTCCGCTGGCACCTGAGAG,1
TCACTCTCCGCTGGCACCTGAGAGA,1
CACTCTCCGCTGGCACCTGAGAGAC,1
ACTCTCCGCTGGCACCTGAGAGACT,1
CTCTCCGCTGGCACCTGAGAGACTC,1
TCTCCGCTGGCACCTGAGAGACTCC,1
CTCCGCTGGCACCTGAGAGACTCCA,1
TCCGCTGGCACCTGAGAGACTCCAC,1
CCGCTGGCACCTGAGAGACTCCACC,1
CGCTGGCACCTGAGAGACTCCACCC,1
GCTGGCACCTGAGAGACTCCACCCA,1
CTGGCACCTGAGAGACTCCACCCAT,1
TGGCACCTGAGAGACTCCACCCATG,1
GGCACCTGAGAGACTCCACCCATGC,1
GCACCTGAGAGACTCCACCCATGCT,1
CACCTGAGAGACTCCACCCATGCTG,1
ACCTGAGAGACTCCACCCATGCTGC,1
CCTGAGAGACTCCACCCATGCTGCA,1
CTGAGAGACTCCACCCATGCTGCAG,1
TGAGAGACTCCACCCATGCTGCAGT,1
GAGAGACTCCACCCATGCTGCAGTG,1
AGAGACTCCACCCATGCTGCAGTGG,1
GAGACTCCACCCATGCTGCAGTGGC,1
AGACTCCACCCATGCTGCAGTGGCT,1
GACTCCACCCATGCTGCAGTGGCTG,1
ACTCCACCCATGCTGCAGTGGCTGC,1
CTCCACCCATGCTGCAGTGGCTGCC,1
TCCACCCATGCTGCAGTGGCTGCCA,1
CCACCCATGCTGCAGTGGCTGCCAG,1
CACCCATGCTGCAGTGGCTGCCAGG,1
ACCCATGCTGCAGTGGCTGCCAGGC,1
CCCATGCTGCAGTGGCTGCCAGGCC,1
CCATGCTGCAGTGGCTGCCAGGCCC,1
CATGCTGCAGTGGCTGCCAGGCCCC,1
ATGCTGCAGTGGCTGCCAGGCCCCA,1
TGCTGCAGTGGCTGCCAGGCCCCAG,1
GCTGCAGTGGCTGCCAGGCCCCAGA,1
CTGCAGTGGCTGCCAGGCCCCAGAG,1
TGCAGTGGCTGCCAGGCCCCAGAGG,1
GCAGTGGCTGCCAGGCCCCAGAGGC,1
CAGTGGCTGCCAGGCCCCAGAGGCA,1
AGTGGCTGCCAGGCCCCAGAGGCAG,1
GTGGCTGCCAGGCCCCAGAGGCAGA,1
TGGCTGCCAGGCCCCAGAGGCAGAC,1
GGCTGCCAGGCCCCAGAGGCAGACT,1
GCTGCCAGGCCCCAGAGGCAGACTC,1
CTGCCAGGCCCCAGAGGCAGACTCN,1
TGCCAGGCCCCAGAGGCAGACTCNN,1
GCCAGGCCCCAGAGGCAGACTCNNT,1
CCAGGCCCCAGAGGCAGACTCNNTN,1
CAGGCCCCAGAGGCAGACTCNNTNN,1
AGGCCCCAGAGGCAGACTCNNTNNN,1
GGCCCCAGAGGCAGACTCNNTNNNN,1
GCCCCAGAGGCAGACTCNNTNNNNG,1
CCCCAGAGGCAGACTCNNTNNNNGN,1
CCCAGAGGCAGACTCNNTNNNNGNN,1
CCAGAGGCAGACTCNNTNNNNGNNT,1
CAGAGGCAGACTCNNTNNNNGNNTC,1
AGAGGCAGACTCNNTNNNNGNNTCA,1
GAGGCAGACTCNNTNNNNGNNTCAG,1
AGGCAGACTCNNTNNNNGNNTCAGC,1
GGCAGACTCNNTNNNNGNNTCAGCT,1
GCAGACTCNNTNNNNGNNTCAGCTC,1
CAGACTCNNTNNNNGNNTCAGCTCT,1
AGACTCNNTNNNNGNNTCAGCTCTG,1
GACTCNNTNNNNGNNTCAGCTCTGA,1
ACTCNNTNNNNGNNTCAGCTCTGAG,1
CTCNNTNNNNGNNTCAGCTCTGAGG,1
TCNNTNNNNGNNTCAGCTCTGAGGT,1
CNNTNNNNGNNTCAGCTCTGAGGTC,1
NNTNNNNGNNTCAGCTCTGAGGTCT,1
NTNNNNGNNTCAGCTCTGAGGTCTC,1
TNNNNGNNTCAGCTCTGAGGTCTCG,1
NNNNGNNTCAGCTCTGAGGTCTCGG,1
NNNGNNTCAGCTCTGAGGTCTCGGA,1
TTGCTAAATGCTGTTCTTAGAGTTT,1
TGCTAAATGCTGTTCTTAGAGTTTC,1
GCTAAATGCTGTTCTTAGAGTTTCT,1
CTAAATGCTGTTCTTAGAGTTTCTT,1
TAAATGCTGTTCTTAGAGTTTCTTA,1
AAATGCTGTTCTTAGAGTTTCTTAA,1
AATGCTGTTCTTAGAGTTTCTTAAT,1
ATGCTGTTCTTAGAGTTTCTTAATT,1
TGCTGTTCTTAGAGTTTCTTAATTT,1
GCTGTTCTTAGAGTTTCTTAATTTT,1
CTGTTCTTAGAGTTTCTTAATTTTC,1
TGTTCTTAGAGTTTCTTAATTTTCA,1
GTTCTTAGAGTTTCTTAATTTTCAC,1
TTCTTAGAGTTTCTTAATTTTCACC,1
TCTTAGAGTTTCTTAATTTTCACCG,1
CTTAGAGTTTCTTAATTTTCACCGA,1
TTAGAGTTTCTTAATTTTCACCGAG,1
TAGAGTTTCTTAATTTTCACCGAGC,1
AGAGTTTCTTAATTTTCACCGAGCA,1
GAGTTTCTTAATTTTCACCGAGCAG,1
AGTTTCTTAATTTTCACCGAGCAGA,1
GTTTCTTAATTTTCACCGAGCAGAG,1
TTTCTTAATTTTCACCGAGCAGAGG,1
TTCTTAATTTTCACCGAGCAGAGGT,1
TCTTAATTTTCACCGAGCAGAGGTG,1
CTTAATTTTCACCGAGCAGAGGTGG,1
TTAATTTTCACCGAGCAGAGGTGGG,1
TAATTTTCACCGAGCAGAGGTGGGA,1
AATTTTCACCGAGCAGAGGTGGGAA,1
ATTTTCACCGAGCAGAGGTGGGAAA,1
TTTTCACCGAGCAGAGGTGGGAAAA,1
TTTCACCGAGCAGAGGTGGGAAAAT,1
TTCACCGAGCAGAGGTGGGAAAATA,1
TCACCGAGCAGAGGTGGGAAAATAC,1
CACCGAGCAGAGGTGGGAAAATACT,1
ACCGAGCAGAGGTGGGAAAATACTT,1
CCGAGCAGAGGTGGGAAAATACTTT,1
CGAGCAGAGGTGGGAAAATACTTTT,1
GAGCAGAGGTGGGAAAATACTTTTG,1
AGCAGAGGTGGGAAAATACTTTTGC,1
GCAGAGGTGGGAAAATACTTTTGCT,1
CAGAGGTGGGAAAATACTTTTGCTT,1
AGAGGTGGGAAAATACTTTTGCTTT,1
GAGGTGGGAAAATACTTTTGCTTTC,1
AGGTGGGAAAATACTTTTGCTTTCA,1
GGTGGGAAAATACTTTTGCTTTCAG,1
GTGGGAAAATACTTTTGCTTTCAGG,1
TGGGAAAATACTTTTGCTTTCAGGN,1
GGGAAAATACTTTTGCTTTCAGGNN,1
GGAAAATACTTTTGCTTTCAGGNNA,1
GAAAATACTTTTGCTTTCAGGNNAN,1
AAAATACTTTTGCTTTCAGGNNANN,1
AAATACTTTTGCTTTCAGGNNANNN,1
AATACTTTTGCTTTCAGGNNANNNN,1
ATACTTTTGCTTTCAGGNNANNNNG,1
TACTTTTGCTTTCAGGNNANNNNGT,1
ACTTTTGCTTTCAGGNNANNNNGTN,1
CTTTTGCTTTCAGGNNANNNNGTNT,1
TTTTGCTTTCAGGNNANNNNGTNTC,1
TTTGCTTTCAGGNNANNNNGTNTCA,1
TTGCTTTCAGGNNANNNNGTNTCAC,1
TGCTTTCAGGNNANNNNGTNTCACA,1
GCTTTCAGGNNANNNNGTNTCACAT,1
CTTTCAGGNNANNNNGTNTCACATT,1
TTTCAGGNNANNNNGTNTCACATTA,1
TTCAGGNNANNNNGTNTCACATTAA,1
TCAGGNNANNNNGTNTCACATTAAT,1
CAGGNNANNNNGTNTCACATTAATT,1
AGGNNANNNNGTNTCACATTAATTT,1
GGNNANNNNGTNTCACATTAATTTA,1
GNNANNNNGTNTCACATTAATTTAT,1
NNANNNNGTNTCACATTAATTTATT,1
NANNNNGTNTCACATTAATTTATTA,1
ANNNNGTNTCACATTAATTTATTAA,1
NNNNGTNTCACATTAATTTATTAAC,1
NNNGTNTCACATTAATTTATTAACG,1
GACCAGACCTGAAACCAGACAAACC,1
ACCAGACCTGAAACCAGACAAACCA,1
CCAGACCTGAAACCAGACAAACCAA,1
CAGACCTGAAACCAGACAAACCAAA,1
AGACCTGAAACCAGACAAACCAAAA,1
GACCTGAAACCAGACAAACCAAAAA,1
ACCTGAAACCAGACAAACCAAAAAC,1
CCTGAAACCAGACAAACCAAAAACA,1
CTGAAACCAGACAAACCAAAAACAA,1
TGAAACCAGACAAACCAAAAACAAA,1
GAAACCAGACAAACCAAAAACAAAA,1
AAACCAGACAAACCAAAAACAAAAC,1
AACCAGACAAACCAAAAACAAAACA,1
ACCAGACAAACCAAAAACAAAACAG,1
CCAGACAAACCAAAAACAAAACAGA,1
CAGACAAACCAAAAACAAAACAGAA,1
AGACAAACCAAAAACAAAACAGAAT,1
GACAAACCAAAAACAAAACAGAATC,1
ACAAACCAAAAACAAAACAGAATCA,1
CAAACCAAAAACAAAACAGAATCAG,1
AAACCAAAAACAAAACAGAATCAGA,1
AACCAAAAACAAAACAGAATCAGAA,1
ACCAAAAACAAAACAGAATCAGAAG,1
CCAAAAACAAAACAGAATCAGAAGG,1
CAAAAACAAAACAGAATCAGAAGGT,1
AAAAACAAAACAGAATCAGAAGGTG,1
AAAACAAAACAGAATCAGAAGGTGG,1
AAACAAAACAGAATCAGAAGGTGGT,1
AACAAAACAGAATCAGAAGGTGGTC,1
ACAAAACAGAATCAGAAGGTGGTCC,1
CAAAACAGAATCAGAAGGTGGTCCA,1
AAAACAGAATCAGAAGGTGGTCCAA,1
AAACAGAATCAGAAGGTGGTCCAAT,1
AACAGAATCAGAAGGTGGTCCAATG,1
ACAGAATCAGAAGGTGGTCCAATGG,1
CAGAATCAGAAGGTGGTCCAATGGA,1
AGAATCAGAAGGTGGTCCAATGGAG,1
GAATCAGAAGGTGGTCCAATGGAGG,1
AATCAGAAGGTGGTCCAATGGAGGA,1
ATCAGAAGGTGGTCCAATGGAGGAC,1
TCAGAAGGTGGTCCAATGGAGGACA,1
CAGAAGGTGGTCCAATGGAGGACAC,1
AGAAGGTGGTCCAATGGAGGACACA,1
GAAGGTGGTCCAATGGAGGACACAC,1
AAGGTGGTCCAATGGAGGACACACA,1
AGGTGGTCCAATGGAGGACACACAA,1
GGTGGTCCAATGGAGGACACACAAG,1
GTGGTCCAATGGAGGACACACAAGT,1
TGGTCCAATGGAGGACACACAAGTN,1
GGTCCAATGGAGGACACACAAGTNA,1
GTCCAATGGAGGACACACAAGTNAA,1
TCCAATGGAGGACACACAAGTNAAC,1
CCAATGGAGGACACACAAGTNAACN,1
CAATGGAGGACACACAAGTNAACNA,1
AATGGAGGACACACAAGTNAACNAG,1
ATGGAGGACACACAAGTNAACNAGA,1
TGGAGGACACACAAGTNAACNAGAN,1
GGAGGACACACAAGTNAACNAGANA,1
GAGGACACACAAGTNAACNAGANAC,1
AGGACACACAAGTNAACNAGANACA,1
GGACACACAAGTNAACNAGANACAC,1
GACACACAAGTNAACNAGANACACA,1
ACACACAAGTNAACNAGANACACAG,1
CACACAAGTNAACNAGANACACAGA,1
ACACAAGTNAACNAGANACACAGAC,1
CACAAGTNAACNAGANACACAGACA,1
ACAAGTNAACNAGANACACAGACAC,1
CAAGTNAACNAGANACACAGACACA,1
AAGTNAACNAGANACACAGACACAC,1
AGTNAACNAGANACACAGACACACA,1
GTNAACNAGANACACAGACACACAG,1
TNAACNAGANACACAGACACACAGA,1
NAACNAGANACACAGACACACAGAC,1
AACNAGANACACAGACACACAGACA,1
ACNAGANACACAGACACACAGACAT,1
CNAGANACACAGACACACAGACATA,1
CAGGGTTTCTGCCACAGACACATAT,1
AGGGTTTCTGCCACAGACACATATA,1
GGGTTTCTGCCACAGACACATATAT,1
GGTTTCTGCCACAGACACATATATA,1
GTTTCTGCCACAGACACATATATAG,1
TTTCTGCCACAGACACATATATAGC,1
TTCTGCCACAGACACATATATAGCA,1
TCTGCCACAGACACATATATAGCAG,1
CTGCCACAGACACATATATAGCAGC,1
TGCCACAGACACATATATAGCAGCA,1
GCCACAGACACATATATAGCAGCAC,1
CCACAGACACATATATAGCAGCACG,1
CACAGACACATATATAGCAGCACGT,1
ACAGACACATATATAGCAGCACGTT,1
CAGACACATATATAGCAGCACGTTC,1
AGACACATATATAGCAGCACGTTCT,1
GACACATATATAGCAGCACGTTCTG,1
ACACATATATAGCAGCACGTTCTGC,1
CACATATATAGCAGCACGTTCTGCT,1
ACATATATAGCAGCACGTTCTGCTG,1
CATATATAGCAGCACGTTCTGCTGA,1
ATATATAGCAGCACGTTCTGCTGAG,1
TATATAGCAGCACGTTCTGCTGAGC,1
ATATAGCAGCACGTTCTGCTGAGCT,1
TATAGCAGCACGTTCTGCTGAGCTA,1
ATAGCAGCACGTTCTGCTGAGCTAA,1
TAGCAGCACGTTCTGCTGAGCTAAC,1
AGCAGCACGTTCTGCTGAGCTAACT,1
GCAGCACGTTCTGCTGAGCTAACTC,1
CAGCACGTTCTGCTGAGCTAACTCC,1
AGCACGTTCTGCTGAGCTAACTCCA,1
GCACGTTCTGCTGAGCTAACTCCAG,1
CACGTTCTGCTGAGCTAACTCCAGG,1
ACGTTCTGCTGAGCTAACTCCAGGA,1
CGTTCTGCTGAGCTAACTCCAGGAA,1
GTTCTGCTGAGCTAACTCCAGGAAT,1
TTCTGCTGAGCTAACTCCAGGAATG,1
TCTGCTGAGCTAACTCCAGGAATGG,1
CTGCTGAGCTAACTCCAGGAATGGA,1
TGCTGAGCTAACTCCAGGAATGGAA,1
GCTGAGCTAACTCCAGGAATGGAAA,1
CTGAGCTAACTCCAGGAATGGAAAA,1
TGAGCTAACTCCAGGAATGGAAAAA,1
GAGCTAACTCCAGGAATGGAAAAAT,1
AGCTAACTCCAGGAATGGAAAAATC,1
GCTAACTCCAGGAATGGAAAAATCA,1
CTAACTCCAGGAATGGAAAAATCAC,1
TAACTCCAGGAATGGAAAAATCACN,1
AACTCCAGGAATGGAAAAATCACNN,1
ACTCCAGGAATGGAAAAATCACNNA,1
CTCCAGGAATGGAAAAATCACNNAA,1
TCCAGGAATGGAAAAATCACNNAAG,1
CCAGGAATGGAAAAATCACNNAAGN,1
CAGGAATGGAAAAATCACNNAAGNT,1
AGGAATGGAAAAATCACNNAAGNTC,1
GGAATGGAAAAATCACNNAAGNTCC,1
GAATGGAAAAATCACNNAAGNTCCN,1
AATGGAAAAATCACNNAAGNTCCNA,1
ATGGAAAAATCACNNAAGNTCCNAC,1
TGGAAAAATCACNNAAGNTCCNACC,1
GGAAAAATCACNNAAGNTCCNACCC,1
GAAAAATCACNNAAGNTCCNACCCT,1
AAAAATCACNNAAGNTCCNACCCTG,1
AAAATCACNNAAGNTCCNACCCTGC,1
AAATCACNNAAGNTCCNACCCTGCA,1
AATCACNNAAGNTCCNACCCTGCAC,1
ATCACNNAAGNTCCNACCCTGCACA,1
TCACNNAAGNTCCNACCCTGCACAT,1
CACNNAAGNTCCNACCCTGCACATG,1
ACNNAAGNTCCNACCCTGCACATGT,1
CNNAAGNTCCNACCCTGCACATGTT,1
NNAAGNTCCNACCCTGCACATGTTC,1
NAAGNTCCNACCCTGCACATGTTCC,1
AAGNTCCNACCCTGCACATGTTCCA,1
AGNTCCNACCCTGCACATGTTCCAT,1
GNTCCNACCCTGCACATGTTCCATT,1
GGCTTTTCGGTTCTTAGAGGACACA,1
GCTTTTCGGTTCTTAGAGGACACAT,1
CTTTTCGGTTCTTAGAGGACACATT,1
TTTTCGGTTCTTAGAGGACACATTG,1
TTTCGGTTCTTAGAGGACACATTGT,1
TTCGGTTCTTAGAGGACACATTGTG,1
TCGGTTCTTAGAGGACACATTGTGA,1
CGGTTCTTAGAGGACACATTGTGAG,1
GGTTCTTAGAGGACACATTGTGAGC,1
GTTCTTAGAGGACACATTGTGAGCA,1
TTCTTAGAGGACACATTGTGAGCAA,1
TCTTAGAGGACACATTGTGAGCAAT,1
CTTAGAGGACACATTGTGAGCAATC,1
TTAGAGGACACATTGTGAGCAATCT,1
TAGAGGACACATTGTGAGCAATCTC,1
AGAGGACACATTGTGAGCAATCTCA,1
GAGGACACATTGTGAGCAATCTCAG,1
AGGACACATTGTGAGCAATCTCAGC,1
GGACACATTGTGAGCAATCTCAGCA,1
GACACATTGTGAGCAATCTCAGCAC,1
ACACATTGTGAGCAATCTCAGCACA,1
CACATTGTGAGCAATCTCAGCACAG,1
ACATTGTGAGCAATCTCAGCACAGT,1
CATTGTGAGCAATCTCAGCACAGTA,1
ATTGTGAGCAATCTCAGCACAGTAA,1
TTGTGAGCAATCTCAGCACAGTAAG,1
TGTGAGCAATCTCAGCACAGTAAGA,1
GTGAGCAATCTCAGCACAGTAAGAT,1
TGAGCAATCTCAGCACAGTAAGATT,1
GAGCAATCTCAGCACAGTAAGATTT,1
AGCAATCTCAGCACAGTAAGATTTG,1
GCAATCTCAGCACAGTAAGATTTGT,1
CAATCTCAGCACAGTAAGATTTGTT,1
AATCTCAGCACAGTAAGATTTGTTG,1
ATCTCAGCACAGTAAGATTTGTTGC,1
TCTCAGCACAGTAAGATTTGTTGCA,1
CTCAGCACAGTAAGATTTGTTGCAC,1
TCAGCACAGTAAGATTTGTTGCACA,1
CAGCACAGTAAGATTTGTTGCACAT,1
AGCACAGTAAGATTTGTTGCACATC,1
GCACAGTAAGATTTGTTGCACATCA,1
CACAGTAAGATTTGTTGCACATCAG,1
ACAGTAAGATTTGTTGCACATCAGC,1
CAGTAAGATTTGTTGCACATCAGCA,1
AGTAAGATTTGTTGCACATCAGCAG,1
GTAAGATTTGTTGCACATCAGCAGC,1
TAAGATTTGTTGCACATCAGCAGCA,1
AAGATTTGTTGCACATCAGCAGCAN,1
AGATTTGTTGCACATCAGCAGCANN,1
GATTTGTTGCACATCAGCAGCANNT,1
ATTTGTTGCACATCAGCAGCANNTC,1
TTTGTTGCACATCAGCAGCANNTCC,1
TTGTTGCACATCAGCAGCANNTCCN,1
TGTTGCACATCAGCAGCANNTCCNG,1
GTTGCACATCAGCAGCANNTCCNGC,1
TTGCACATCAGCAGCANNTCCNGCT,1
TGCACATCAGCAGCANNTCCNGCTN,1
GCACATCAGCAGCANNTCCNGCTNC,1
CACATCAGCAGCANNTCCNGCTNCT,1
ACATCAGCAGCANNTCCNGCTNCTT,1
CATCAGCAGCANNTCCNGCTNCTTG,1
ATCAGCAGCANNTCCNGCTNCTTGA,1
TCAGCAGCANNTCCNGCTNCTTGAC,1
CAGCAGCANNTCCNGCTNCTTGACA,1
AGCAGCANNTCCNGCTNCTTGACAT,1
GCAGCANNTCCNGCTNCTTGACATT,1
CAGCANNTCCNGCTNCTTGACATTG,1
AGCANNTCCNGCTNCTTGACATTGT,1
GCANNTCCNGCTNCTTGACATTGTG,1
CANNTCCNGCTNCTTGACATTGTGG,1
ANNTCCNGCTNCTTGACATTGTGGA,1
NNTCCNGCTNCTTGACATTGTGGAC,1
NTCCNGCTNCTTGACATTGTGGACC,1
TCCNGCTNCTTGACATTGTGGACCA,1
CCNGCTNCTTGACATTGTGGACCAG,1
CNGCTNCTTGACATTGTGGACCAGG,1
GGATTCTGGCAGGGTAGAGAGGGGG,1
GATTCTGGCAGGGTAGAGAGGGGGC,1
ATTCTGGCAGGGTAGAGAGGGGGCC,1
TTCTGGCAGGGTAGAGAGGGGGCCA,1
TCTGGCAGGGTAGAGAGGGGGCCAT,1
CTGGCAGGGTAGAGAGGGGGCCATC,1
TGGCAGGGTAGAGAGGGGGCCATCA,1
GGCAGGGTAGAGAGGGGGCCATCAA,1
GCAGGGTAGAGAGGGGGCCATCAAT,1
CAGGGTAGAGAGGGGGCCATCAATG,1
AGGGTAGAGAGGGGGCCATCAATGT,1
GGGTAGAGAGGGGGCCATCAATGTG,1
GGTAGAGAGGGGGCCATCAATGTGG,1
GTAGAGAGGGGGCCATCAATGTGGC,1
TAGAGAGGGGGCCATCAATGTGGCC,1
AGAGAGGGGGCCATCAATGTGGCCA,1
GAGAGGGGGCCATCAATGTGGCCAC,1
AGAGGGGGCCATCAATGTGGCCACC,1
GAGGGGGCCATCAATGTGGCCACCT,1
AGGGGGCCATCAATGTGGCCACCTA,1
GGGGGCCATCAATGTGGCCACCTAG,1
GGGGCCATCAATGTGGCCACCTAGC,1
GGGCCATCAATGTGGCCACCTAGCC,1
GGCCATCAATGTGGCCACCTAGCCG,1
GCCATCAATGTGGCCACCTAGCCGC,1
CCATCAATGTGGCCACCTAGCCGCG,1
CATCAATGTGGCCACCTAGCCGCGC,1
ATCAATGTGGCCACCTAGCCGCGCT,1
TCAATGTGGCCACCTAGCCGCGCTG,1
CAATGTGGCCACCTAGCCGCGCTGA,1
AATGTGGCCACCTAGCCGCGCTGAG,1
ATGTGGCCACCTAGCCGCGCTGAGT,1
TGTGGCCACCTAGCCGCGCTGAGTG,1
GTGGCCACCTAGCCGCGCTGAGTGA,1
TGGCCACCTAGCCGCGCTGAGTGAG,1
GGCCACCTAGCCGCGCTGAGTGAGA,1
GCCACCTAGCCGCGCTGAGTGAGAG,1
CCACCTAGCCGCGCTGAGTGAGAGA,1
CACCTAGCCGCGCTGAGTGAGAGAG,1
ACCTAGCCGCGCTGAGTGAGAGAGC,1
CCTAGCCGCGCTGAGTGAGAGAGCT,1
CTAGCCGCGCTGAGTGAGAGAGCTC,1
TAGCCGCGCTGAGTGAGAGAGCTCT,1
AGCCGCGCTGAGTGAGAGAGCTCTG,1
GCCGCGCTGAGTGAGAGAGCTCTGG,1
CCGCGCTGAGTGAGAGAGCTCTGGC,1
CGCGCTGAGTGAGAGAGCTCTGGCT,1
GCGCTGAGTGAGAGAGCTCTGGCTC,1
CGCTGAGTGAGAGAGCTCTGGCTCN,1
GCTGAGTGAGAGAGCTCTGGCTCNT,1
CTGAGTGAGAGAGCTCTGGCTCNTT,1
TGAGTGAGAGAGCTCTGGCTCNTTC,1
GAGTGAGAGAGCTCTGGCTCNTTCN,1
AGTGAGAGAGCTCTGGCTCNTTCNG,1
GTGAGAGAGCTCTGGCTCNTTCNGA,1
TGAGAGAGCTCTGGCTCNTTCNGAG,1
GAGAGAGCTCTGGCTCNTTCNGAGN,1
AGAGAGCTCTGGCTCNTTCNGAGNA,1
GAGAGCTCTGGCTCNTTCNGAGNAT,1
AGAGCTCTGGCTCNTTCNGAGNATA,1
GAGCTCTGGCTCNTTCNGAGNATAC,1
AGCTCTGGCTCNTTCNGAGNATACA,1
GCTCTGGCTCNTTCNGAGNATACAC,1
CTCTGGCTCNTTCNGAGNATACACT,1
TCTGGCTCNTTCNGAGNATACACTG,1
CTGGCTCNTTCNGAGNATACACTGC,1
TGGCTCNTTCNGAGNATACACTGCT,1
GGCTCNTTCNGAGNATACACTGCTT,1
GCTCNTTCNGAGNATACACTGCTTC,1
CTCNTTCNGAGNATACACTGCTTCA,1
TCNTTCNGAGNATACACTGCTTCAG,1
CNTTCNGAGNATACACTGCTTCAGG,1
NTTCNGAGNATACACTGCTTCAGGA,1
TTCNGAGNATACACTGCTTCAGGAG,1
TCNGAGNATACACTGCTTCAGGAGT,1
CNGAGNATACACTGCTTCAGGAGTT,1
CCCTCTTTGGCCCACGCTTAGGACT,1
CCTCTTTGGCCCACGCTTAGGACTT,1
CTCTTTGGCCCACGCTTAGGACTTG,1
TCTTTGGCCCACGCTTAGGACTTGC,1
CTTTGGCCCACGCTTAGGACTTGCT,1
TTTGGCCCACGCTTAGGACTTGCTA,1
TTGGCCCACGCTTAGGACTTGCTAC,1
TGGCCCACGCTTAGGACTTGCTACT,1
GGCCCACGCTTAGGACTTGCTACTG,1
GCCCACGCTTAGGACTTGCTACTGT,1
CCCACGCTTAGGACTTGCTACTGTT,1
CCACGCTTAGGACTTGCTACTGTTA,1
CACGCTTAGGACTTGCTACTGTTAA,1
ACGCTTAGGACTTGCTACTGTTAAC,1
CGCTTAGGACTTGCTACTGTTAACT,1
GCTTAGGACTTGCTACTGTTAACTT,1
CTTAGGACTTGCTACTGTTAACTTT,1
TTAGGACTTGCTACTGTTAACTTTC,1
TAGGACTTGCTACTGTTAACTTTCC,1
AGGACTTGCTACTGTTAACTTTCCA,1
GGACTTGCTACTGTTAACTTTCCAT,1
GACTTGCTACTGTTAACTTTCCATT,1
ACTTGCTACTGTTAACTTTCCATTT,1
CTTGCTACTGTTAACTTTCCATTTG,1
TTGCTACTGTTAACTTTCCATTTGG,1
TGCTACTGTTAACTTTCCATTTGGA,1
GCTACTGTTAACTTTCCATTTGGAG,1
CTACTGTTAACTTTCCATTTGGAGA,1
TACTGTTAACTTTCCATTTGGAGAG,1
ACTGTTAACTTTCCATTTGGAGAGG,1
CTGTTAACTTTCCATTTGGAGAGGA,1
TGTTAACTTTCCATTTGGAGAGGAA,1
GTTAACTTTCCATTTGGAGAGGAAA,1
TTAACTTTCCATTTGGAGAGGAAAG,1
TAACTTTCCATTTGGAGAGGAAAGA,1
AACTTTCCATTTGGAGAGGAAAGAG,1
ACTTTCCATTTGGAGAGGAAAGAGG,1
CTTTCCATTTGGAGAGGAAAGAGGA,1
TTTCCATTTGGAGAGGAAAGAGGAG,1
TTCCATTTGGAGAGGAAAGAGGAGA,1
TCCATTTGGAGAGGAAAGAGGAGAC,1
CCATTTGGAGAGGAAAGAGGAGACG,1
CATTTGGAGAGGAAAGAGGAGACGG,1
ATTTGGAGAGGAAAGAGGAGACGGA,1
TTTGGAGAGGAAAGAGGAGACGGAC,1
TTGGAGAGGAAAGAGGAGACGGACC,1
TGGAGAGGAAAGAGGAGACGGACCA,1
GGAGAGGAAAGAGGAGACGGACCAN,1
GAGAGGAAAGAGGAGACGGACCANN,1
AGAGGAAAGAGGAGACGGACCANNT,1
GAGGAAAGAGGAGACGGACCANNTT,1
AGGAAAGAGGAGACGGACCANNTTT,1
GGAAAGAGGAGACGGACCANNTTTN,1
GAAAGAGGAGACGGACCANNTTTNG,1
AAAGAGGAGACGGACCANNTTTNGT,1
AAGAGGAGACGGACCANNTTTNGTA,1
AGAGGAGACGGACCANNTTTNGTAN,1
GAGGAGACGGACCANNTTTNGTANA,1
AGGAGACGGACCANNTTTNGTANAA,1
GGAGACGGACCANNTTTNGTANAAG,1
GAGACGGACCANNTTTNGTANAAGT,1
AGACGGACCANNTTTNGTANAAGTT,1
GACGGACCANNTTTNGTANAAGTTG,1
ACGGACCANNTTTNGTANAAGTTGA,1
CGGACCANNTTTNGTANAAGTTGAT,1
GGACCANNTTTNGTANAAGTTGATA,1
GACCANNTTTNGTANAAGTTGATAG,1
ACCANNTTTNGTANAAGTTGATAGA,1
CCANNTTTNGTANAAGTTGATAGAG,1
CANNTTTNGTANAAGTTGATAGAGA,1
ANNTTTNGTANAAGTTGATAGAGAA,1
NNTTTNGTANAAGTTGATAGAGAAT,1
NTTTNGTANAAGTTGATAGAGAATT,1
TTTNGTANAAGTTGATAGAGAATTA,1
TTNGTANAAGTTGATAGAGAATTAC,1
TNGTANAAGTTGATAGAGAATTACT,1
CCTGGCACATGTTAATTACTAGTAA,1
CTGGCACATGTTAATTACTAGTAAA,1
TGGCACATGTTAATTACTAGTAAAG,1
GGCACATGTTAATTACTAGTAAAGG,1
GCACATGTTAATTACTAGTAAAGGT,1
CACATGTTAATTACTAGTAAAGGTC,1
ACATGTTAATTACTAGTAAAGGTCA,1
CATGTTAATTACTAGTAAAGGTCAA,1
ATGTTAATTACTAGTAAAGGTCAAA,1
TGTTAATTACTAGTAAAGGTCAAAT,1
GTTAATTACTAGTAAAGGTCAAATA,1
TTAATTACTAGTAAAGGTCAAATAC,1
TAATTACTAGTAAAGGTCAAATACA,1
AATTACTAGTAAAGGTCAAATACAA,1
ATTACTAGTAAAGGTCAAATACAAT,1
TTACTAGTAAAGGTCAAATACAATG,1
TACTAGTAAAGGTCAAATACAATGT,1
ACTAGTAAAGGTCAAATACAATGTC,1
CTAGTAAAGGTCAAATACAATGTCA,1
TAGTAAAGGTCAAATACAATGTCAG,1
AGTAAAGGTCAAATACAATGTCAGA,1
GTAAAGGTCAAATACAATGTCAGAC,1
TAAAGGTCAAATACAATGTCAGACC,1
AAAGGTCAAATACAATGTCAGACCT,1
AAGGTCAAATACAATGTCAGACCTA,1
AGGTCAAATACAATGTCAGACCTAA,1
GGTCAAATACAATGTCAGACCTAAA,1
GTCAAATACAATGTCAGACCTAAAG,1
TCAAATACAATGTCAGACCTAAAGC,1
CAAATACAATGTCAGACCTAAAGCC,1
AAATACAATGTCAGACCTAAAGCCA,1
AATACAATGTCAGACCTAAAGCCAC,1
ATACAATGTCAGACCTAAAGCCACA,1
TACAATGTCAGACCTAAAGCCACAG,1
ACAATGTCAGACCTAAAGCCACAGG,1
CAATGTCAGACCTAAAGCCACAGGA,1
AATGTCAGACCTAAAGCCACAGGAG,1
ATGTCAGACCTAAAGCCACAGGAGG,1
TGTCAGACCTAAAGCCACAGGAGGA,1
GTCAGACCTAAAGCCACAGGAGGAG,1
TCAGACCTAAAGCCACAGGAGGAGG,1
CAGACCTAAAGCCACAGGAGGAGGA,1
AGACCTAAAGCCACAGGAGGAGGAT,1
GACCTAAAGCCACAGGAGGAGGATG,1
ACCTAAAGCCACAGGAGGAGGATGC,1
CCTAAAGCCACAGGAGGAGGATGCA,1
CTAAAGCCACAGGAGGAGGATGCAA,1
TAAAGCCACAGGAGGAGGATGCAAA,1
AAAGCCACAGGAGGAGGATGCAAAN,1
AAGCCACAGGAGGAGGATGCAAANC,1
AGCCACAGGAGGAGGATGCAAANCG,1
GCCACAGGAGGAGGATGCAAANCGT,1
CCACAGGAGGAGGATGCAAANCGTN,1
CACAGGAGGAGGATGCAAANCGTNC,1
ACAGGAGGAGGATGCAAANCGTNCA,1
CAGGAGGAGGATGCAAANCGTNCAA,1
AGGAGGAGGATGCAAANCGTNCAAN,1
GGAGGAGGATGCAAANCGTNCAANT,1
GAGGAGGATGCAAANCGTNCAANTC,1
AGGAGGATGCAAANCGTNCAANTCC,1
GGAGGATGCAAANCGTNCAANTCCA,1
GAGGATGCAAANCGTNCAANTCCAA,1
AGGATGCAAANCGTNCAANTCCAAA,1
GGATGCAAANCGTNCAANTCCAAAG,1
GATGCAAANCGTNCAANTCCAAAGA,1
ATGCAAANCGTNCAANTCCAAAGAG,1
TGCAAANCGTNCAANTCCAAAGAGA,1
GCAAANCGTNCAANTCCAAAGAGAA,1
CAAANCGTNCAANTCCAAAGAGAAC,1
AAANCGTNCAANTCCAAAGAGAACA,1
AANCGTNCAANTCCAAAGAGAACAG,1
ANCGTNCAANTCCAAAGAGAACAGT,1
NCGTNCAANTCCAAAGAGAACAGTC,1
CGTNCAANTCCAAAGAGAACAGTCA,1
GTNCAANTCCAAAGAGAACAGTCAG,1
TNCAANTCCAAAGAGAACAGTCAGA,1
CCTTGAACGTGGTGTCTGACATAGT,1
CTTGAACGTGGTGTCTGACATAGTT,1
TTGAACGTGGTGTCTGACATAGTTT,1
TGAACGTGGTGTCTGACATAGTTTG,1
GAACGTGGTGTCTGACATAGTTTGG,1
AACGTGGTGTCTGACATAGTTTGGT,1
ACGTGGTGTCTGACATAGTTTGGTA,1
CGTGGTGTCTGACATAGTTTGGTAA,1
GTGGTGTCTGACATAGTTTGGTAAT,1
TGGTGTCTGACATAGTTTGGTAATT,1
GGTGTCTGACATAGTTTGGTAATTT,1
GTGTCTGACATAGTTTGGTAATTTT,1
TGTCTGACATAGTTTGGTAATTTTC,1
GTCTGACATAGTTTGGTAATTTTCA,1
TCTGACATAGTTTGGTAATTTTCAC,1
CTGACATAGTTTGGTAATTTTCACT,1
TGACATAGTTTGGTAATTTTCACTA,1
GACATAGTTTGGTAATTTTCACTAA,1
ACATAGTTTGGTAATTTTCACTAAT,1
CATAGTTTGGTAATTTTCACTAATT,1
ATAGTTTGGTAATTTTCACTAATTG,1
TAGTTTGGTAATTTTCACTAATTGC,1
AGTTTGGTAATTTTCACTAATTGCT,1
GTTTGGTAATTTTCACTAATTGCTG,1
TTTGGTAATTTTCACTAATTGCTGT,1
TTGGTAATTTTCACTAATTGCTGTC,1
TGGTAATTTTCACTAATTGCTGTCT,1
GGTAATTTTCACTAATTGCTGTCTG,1
GTAATTTTCACTAATTGCTGTCTGA,1
TAATTTTCACTAATTGCTGTCTGAT,1
AATTTTCACTAATTGCTGTCTGATA,1
ATTTTCACTAATTGCTGTCTGATAC,1
TTTTCACTAATTGCTGTCTGATACT,1
TTTCACTAATTGCTGTCTGATACTC,1
TTCACTAATTGCTGTCTGATACTCA,1
TCACTAATTGCTGTCTGATACTCAT,1
CACTAATTGCTGTCTGATACTCATT,1
ACTAATTGCTGTCTGATACTCATTT,1
CTAATTGCTGTCTGATACTCATTTT,1
TAATTGCTGTCTGATACTCATTTTC,1
AATTGCTGTCTGATACTCATTTTCT,1
ATTGCTGTCTGATACTCATTTTCTG,1
TTGCTGTCTGATACTCATTTTCTGC,1
TGCTGTCTGATACTCATTTTCTGCA,1
GCTGTCTGATACTCATTTTCTGCAC,1
CTGTCTGATACTCATTTTCTGCACT,1
TGTCTGATACTCATTTTCTGCACTC,1
GTCTGATACTCATTTTCTGCACTCN,1
TCTGATACTCATTTTCTGCACTCNN,1
CTGATACTCATTTTCTGCACTCNNT,1
TGATACTCATTTTCTGCACTCNNTA,1
GATACTCATTTTCTGCACTCNNTAN,1
ATACTCATTTTCTGCACTCNNTANN,1
TACTCATTTTCTGCACTCNNTANNN,1
ACTCATTTTCTGCACTCNNTANNNT,1
CTCATTTTCTGCACTCNNTANNNTT,1
TCATTTTCTGCACTCNNTANNNTTN,1
CATTTTCTGCACTCNNTANNNTTNT,1
ATTTTCTGCACTCNNTANNNTTNTA,1
TTTTCTGCACTCNNTANNNTTNTAA,1
TTTCTGCACTCNNTANNNTTNTAAT,1
TTCTGCACTCNNTANNNTTNTAATA,1
TCTGCACTCNNTANNNTTNTAATAA,1
CTGCACTCNNTANNNTTNTAATAAA,1
TGCACTCNNTANNNTTNTAATAAAC,1
GCACTCNNTANNNTTNTAATAAACT,1
CACTCNNTANNNTTNTAATAAACTC,1
ACTCNNTANNNTTNTAATAAACTCC,1
CTCNNTANNNTTNTAATAAACTCCT,1
TCNNTANNNTTNTAATAAACTCCTT,1
CNNTANNNTTNTAATAAACTCCTTG,1
NNTANNNTTNTAATAAACTCCTTGG,1
NTANNNTTNTAATAAACTCCTTGGT,1
TANNNTTNTAATAAACTCCTTGGTA,1
ANNNTTNTAATAAACTCCTTGGTAG,1
NNNTTNTAATAAACTCCTTGGTAGT,1
TTCTTAGGAGGGGAAGACTTTGACC,1
TCTTAGGAGGGGAAGACTTTGACCA,1
CTTAGGAGGGGAAGACTTTGACCAA,1
TTAGGAGGGGAAGACTTTGACCAAG,1
TAGGAGGGGAAGACTTTGACCAAGC,1
AGGAGGGGAAGACTTTGACCAAGCT,1
GGAGGGGAAGACTTTGACCAAGCTT,1
GAGGGGAAGACTTTGACCAAGCTTT,1
AGGGGAAGACTTTGACCAAGCTTTG,1
GGGGAAGACTTTGACCAAGCTTTGT,1
GGGAAGACTTTGACCAAGCTTTGTT,1
GGAAGACTTTGACCAAGCTTTGTTG,1
GAAGACTTTGACCAAGCTTTGTTGC,1
AAGACTTTGACCAAGCTTTGTTGCG,1
AGACTTTGACCAAGCTTTGTTGCGG,1
GACTTTGACCAAGCTTTGTTGCGGC,1
ACTTTGACCAAGCTTTGTTGCGGCA,1
CTTTGACCAAGCTTTGTTGCGGCAC,1
TTTGACCAAGCTTTGTTGCGGCACA,1
TTGACCAAGCTTTGTTGCGGCACAT,1
TGACCAAGCTTTGTTGCGGCACATT,1
GACCAAGCTTTGTTGCGGCACATTG,1
ACCAAGCTTTGTTGCGGCACATTGT,1
CCAAGCTTTGTTGCGGCACATTGTC,1
CAAGCTTTGTTGCGGCACATTGTCA,1
AAGCTTTGTTGCGGCACATTGTCAA,1
AGCTTTGTTGCGGCACATTGTCAAG,1
GCTTTGTTGCGGCACATTGTCAAGG,1
CTTTGTTGCGGCACATTGTCAAGGA,1
TTTGTTGCGGCACATTGTCAAGGAG,1
TTGTTGCGGCACATTGTCAAGGAGT,1
TGTTGCGGCACATTGTCAAGGAGTT,1
GTTGCGGCACATTGTCAAGGAGTTC,1
TTGCGGCACATTGTCAAGGAGTTCA,1
TGCGGCACATTGTCAAGGAGTTCAA,1
GCGGCACATTGTCAAGGAGTTCAAG,1
CGGCACATTGTCAAGGAGTTCAAGA,1
GGCACATTGTCAAGGAGTTCAAGAG,1
GCACATTGTCAAGGAGTTCAAGAGA,1
CACATTGTCAAGGAGTTCAAGAGAG,1
ACATTGTCAAGGAGTTCAAGAGAGA,1
CATTGTCAAGGAGTTCAAGAGAGAG,1
ATTGTCAAGGAGTTCAAGAGAGAGA,1
TTGTCAAGGAGTTCAAGAGAGAGAC,1
TGTCAAGGAGTTCAAGAGAGAGACA,1
GTCAAGGAGTTCAAGAGAGAGACAG,1
TCAAGGAGTTCAAGAGAGAGACAGG,1
CAAGGAGTTCAAGAGAGAGACAGGG,1
AAGGAGTTCAAGAGAGAGACAGGGG,1
AGGAGTTCAAGAGAGAGACAGGGGT,1
GGAGTTCAAGAGAGAGACAGGGGTT,1
GAGTTCAAGAGAGAGACAGGGGTTG,1
AGTTCAAGAGAGAGACAGGGGTTGA,1
GTTCAAGAGAGAGACAGGGGTTGAT,1
TTCAAGAGAGAGACAGGGGTTGATT,1
TCAAGAGAGAGACAGGGGTTGATTT,1
CAAGAGAGAGACAGGGGTTGATTTG,1
AAGAGAGAGACAGGGGTTGATTTGA,1
AGAGAGAGACAGGGGTTGATTTGAC,1
GAGAGAGACAGGGGTTGATTTGACC,1
AGAGAGACAGGGGTTGATTTGACCA,1
GAGAGACAGGGGTTGATTTGACCAA,1
AGAGACAGGGGTTGATTTGACCAAA,1
GAGACAGGGGTTGATTTGACCAAAG,1
AGACAGGGGTTGATTTGACCAAAGA,1
GACAGGGGTTGATTTGACCAAAGAC,1
ACAGGGGTTGATTTGACCAAAGACA,1
CAGGGGTTGATTTGACCAAAGACAA,1
AGGGGTTGATTTGACCAAAGACAAC,1
GGGGTTGATTTGACCAAAGACAACA,1
GGGTTGATTTGACCAAAGACAACAT,1
GGTTGATTTGACCAAAGACAACATG,1
GTTGATTTGACCAAAGACAACATGG,1
TTGATTTGACCAAAGACAACATGGC,1
TGATTTGACCAAAGACAACATGGCG,1
GATTTGACCAAAGACAACATGGCGC,1
CTCATCATGGATCTGGAGCTCTCGG,1
TCATCATGGATCTGGAGCTCTCGGC,1
CATCATGGATCTGGAGCTCTCGGCG,1
ATCATGGATCTGGAGCTCTCGGCGC,1
TCATGGATCTGGAGCTCTCGGCGCC,1
CATGGATCTGGAGCTCTCGGCGCCT,1
ATGGATCTGGAGCTCTCGGCGCCTT,1
TGGATCTGGAGCTCTCGGCGCCTTG,1
GGATCTGGAGCTCTCGGCGCCTTGG,1
GATCTGGAGCTCTCGGCGCCTTGGG,1
ATCTGGAGCTCTCGGCGCCTTGGGA,1
TCTGGAGCTCTCGGCGCCTTGGGAA,1
CTGGAGCTCTCGGCGCCTTGGGAAA,1
TGGAGCTCTCGGCGCCTTGGGAAAA,1
GGAGCTCTCGGCGCCTTGGGAAAAA,1
GAGCTCTCGGCGCCTTGGGAAAAAA,1
AGCTCTCGGCGCCTTGGGAAAAAAA,1
GCTCTCGGCGCCTTGGGAAAAAAAC,1
CTCTCGGCGCCTTGGGAAAAAAACA,1
TCTCGGCGCCTTGGGAAAAAAACAT,1
CTCGGCGCCTTGGGAAAAAAACATT,1
TCGGCGCCTTGGGAAAAAAACATTC,1
CGGCGCCTTGGGAAAAAAACATTCC,1
GGCGCCTTGGGAAAAAAACATTCCT,1
GCGCCTTGGGAAAAAAACATTCCTT,1
CGCCTTGGGAAAAAAACATTCCTTC,1
GCCTTGGGAAAAAAACATTCCTTCG,1
CCTTGGGAAAAAAACATTCCTTCGG,1
CTTGGGAAAAAAACATTCCTTCGGA,1
TTGGGAAAAAAACATTCCTTCGGAA,1
TGGGAAAAAAACATTCCTTCGGAAC,1
GGGAAAAAAACATTCCTTCGGAACT,1
GGAAAAAAACATTCCTTCGGAACTG,1
GAAAAAAACATTCCTTCGGAACTGA,1
AAAAAAACATTCCTTCGGAACTGAA,1
AAAAAACATTCCTTCGGAACTGAAG,1
AAAAACATTCCTTCGGAACTGAAGG,1
AAAACATTCCTTCGGAACTGAAGGG,1
AAACATTCCTTCGGAACTGAAGGGA,1
AACATTCCTTCGGAACTGAAGGGAA,1
ACATTCCTTCGGAACTGAAGGGAAG,1
CATTCCTTCGGAACTGAAGGGAAGG,1
ATTCCTTCGGAACTGAAGGGAAGGC,1
TTCCTTCGGAACTGAAGGGAAGGCT,1
TCCTTCGGAACTGAAGGGAAGGCTC,1
CCTTCGGAACTGAAGGGAAGGCTCA,1
CTTCGGAACTGAAGGGAAGGCTCAT,1
TTCGGAACTGAAGGGAAGGCTCATC,1
TCGGAACTGAAGGGAAGGCTCATCC,1
CGGAACTGAAGGGAAGGCTCATCCA,1
GGAACTGAAGGGAAGGCTCATCCAT,1
GAACTGAAGGGAAGGCTCATCCATG,1
AACTGAAGGGAAGGCTCATCCATGG,1
ACTGAAGGGAAGGCTCATCCATGGC,1
CTGAAGGGAAGGCTCATCCATGGCG,1
TGAAGGGAAGGCTCATCCATGGCGA,1
GAAGGGAAGGCTCATCCATGGCGAC,1
AAGGGAAGGCTCATCCATGGCGACA,1
AGGGAAGGCTCATCCATGGCGACAT,1
GGGAAGGCTCATCCATGGCGACATC,1
GGAAGGCTCATCCATGGCGACATCA,1
GAAGGCTCATCCATGGCGACATCAT,1
AAGGCTCATCCATGGCGACATCATC,1
AGGCTCATCCATGGCGACATCATCA,1
GGCTCATCCATGGCGACATCATCAT,1
GCTCATCCATGGCGACATCATCATC,1
CTCATCCATGGCGACATCATCATCG,1
TCATCCATGGCGACATCATCATCGG,1
CATCCATGGCGACATCATCATCGGA,1
ATCCATGGCGACATCATCATCGGAG,1
TCCATGGCGACATCATCATCGGAGG,1
CCATGGCGACATCATCATCGGAGGC,1
CATGGCGACATCATCATCGGAGGCG,1
ATGGCGACATCATCATCGGAGGCGT,1
TGGCGACATCATCATCGGAGGCGTC,1
GGCGACATCATCATCGGAGGCGTCG,1
TCCTTCTGCTGGATCATACGACTCA,1
CCTTCTGCTGGATCATACGACTCAC,1
CTTCTGCTGGATCATACGACTCACT,1
TTCTGCTGGATCATACGACTCACTG,1
TCTGCTGGATCATACGACTCACTGG,1
CTGCTGGATCATACGACTCACTGGT,1
TGCTGGATCATACGACTCACTGGTG,1
GCTGGATCATACGACTCACTGGTGG,1
CTGGATCATACGACTCACTGGTGGG,1
TGGATCATACGACTCACTGGTGGGT,1
GGATCATACGACTCACTGGTGGGTA,1
GATCATACGACTCACTGGTGGGTAG,1
ATCATACGACTCACTGGTGGGTAGG,1
TCATACGACTCACTGGTGGGTAGGG,1
CATACGACTCACTGGTGGGTAGGGG,1
ATACGACTCACTGGTGGGTAGGGGA,1
TACGACTCACTGGTGGGTAGGGGAG,1
ACGACTCACTGGTGGGTAGGGGAGG,1
CGACTCACTGGTGGGTAGGGGAGGA,1
GACTCACTGGTGGGTAGGGGAGGAG,1
ACTCACTGGTGGGTAGGGGAGGAGA,1
CTCACTGGTGGGTAGGGGAGGAGAC,1
TCACTGGTGGGTAGGGGAGGAGACA,1
CACTGGTGGGTAGGGGAGGAGACAG,1
ACTGGTGGGTAGGGGAGGAGACAGA,1
CTGGTGGGTAGGGGAGGAGACAGAA,1
TGGTGGGTAGGGGAGGAGACAGAAA,1
GGTGGGTAGGGGAGGAGACAGAAAG,1
GTGGGTAGGGGAGGAGACAGAAAGC,1
TGGGTAGGGGAGGAGACAGAAAGCT,1
GGGTAGGGGAGGAGACAGAAAGCTT,1
GGTAGGGGAGGAGACAGAAAGCTTA,1
GTAGGGGAGGAGACAGAAAGCTTAA,1
TAGGGGAGGAGACAGAAAGCTTAAG,1
AGGGGAGGAGACAGAAAGCTTAAGC,1
GGGGAGGAGACAGAAAGCTTAAGCT,1
GGGAGGAGACAGAAAGCTTAAGCTT,1
GGAGGAGACAGAAAGCTTAAGCTTG,1
GAGGAGACAGAAAGCTTAAGCTTGG,1
AGGAGACAGAAAGCTTAAGCTTGGT,1
GGAGACAGAAAGCTTAAGCTTGGTC,1
GAGACAGAAAGCTTAAGCTTGGTCA,1
AGACAGAAAGCTTAAGCTTGGTCAA,1
GACAGAAAGCTTAAGCTTGGTCAAG,1
ACAGAAAGCTTAAGCTTGGTCAAGT,1
CAGAAAGCTTAAGCTTGGTCAAGTA,1
AGAAAGCTTAAGCTTGGTCAAGTAA,1
GAAAGCTTAAGCTTGGTCAAGTAAG,1
AAAGCTTAAGCTTGGTCAAGTAAGA,1
AAGCTTAAGCTTGGTCAAGTAAGAA,1
AGCTTAAGCTTGGTCAAGTAAGAAA,1
GCTTAAGCTTGGTCAAGTAAGAAAT,1
CTTAAGCTTGGTCAAGTAAGAAATG,1
TTAAGCTTGGTCAAGTAAGAAATGT,1
TAAGCTTGGTCAAGTAAGAAATGTT,1
AAGCTTGGTCAAGTAAGAAATGTTA,1
AGCTTGGTCAAGTAAGAAATGTTAA,1
GCTTGGTCAAGTAAGAAATGTTAAA,1
CTTGGTCAAGTAAGAAATGTTAAAG,1
TTGGTCAAGTAAGAAATGTTAAAGA,1
TGGTCAAGTAAGAAATGTTAAAGAT,1
GGTCAAGTAAGAAATGTTAAAGATG,1
GTCAAGTAAGAAATGTTAAAGATGC,1
TCAAGTAAGAAATGTTAAAGATGCC,1
CAAGTAAGAAATGTTAAAGATGCCC,1
AAGTAAGAAATGTTAAAGATGCCCC,1
AGTAAGAAATGTTAAAGATGCCCCT,1
GTAAGAAATGTTAAAGATGCCCCTG,1
TAAGAAATGTTAAAGATGCCCCTGT,1
AAGAAATGTTAAAGATGCCCCTGTC,1
AGAAATGTTAAAGATGCCCCTGTCT,1
GAAATGTTAAAGATGCCCCTGTCTA,1
AAATGTTAAAGATGCCCCTGTCTAA,1
AATGTTAAAGATGCCCCTGTCTAAT,1
ATGTTAAAGATGCCCCTGTCTAATC,1
TGTTAAAGATGCCCCTGTCTAATCC,1
CTTATTTTCAGTATCTGCCACAGGG,1
TTATTTTCAGTATCTGCCACAGGGT,1
TATTTTCAGTATCTGCCACAGGGTG,1
ATTTTCAGTATCTGCCACAGGGTGC,1
TTTTCAGTATCTGCCACAGGGTGCT,1
TTTCAGTATCTGCCACAGGGTGCTC,1
TTCAGTATCTGCCACAGGGTGCTCT,1
TCAGTATCTGCCACAGGGTGCTCTT,1
CAGTATCTGCCACAGGGTGCTCTTC,1
AGTATCTGCCACAGGGTGCTCTTCA,1
GTATCTGCCACAGGGTGCTCTTCAC,1
TATCTGCCACAGGGTGCTCTTCACC,1
ATCTGCCACAGGGTGCTCTTCACCT,1
TCTGCCACAGGGTGCTCTTCACCTT,1
CTGCCACAGGGTGCTCTTCACCTTC,1
TGCCACAGGGTGCTCTTCACCTTCA,1
GCCACAGGGTGCTCTTCACCTTCAG,1
CCACAGGGTGCTCTTCACCTTCAGG,1
CACAGGGTGCTCTTCACCTTCAGGT,1
ACAGGGTGCTCTTCACCTTCAGGTG,1
CAGGGTGCTCTTCACCTTCAGGTGT,1
AGGGTGCTCTTCACCTTCAGGTGTT,1
GGGTGCTCTTCACCTTCAGGTGTTT,1
GGTGCTCTTCACCTTCAGGTGTTTC,1
GTGCTCTTCACCTTCAGGTGTTTCC,1
TGCTCTTCACCTTCAGGTGTTTCCT,1
GCTCTTCACCTTCAGGTGTTTCCTC,1
CTCTTCACCTTCAGGTGTTTCCTCA,1
TCTTCACCTTCAGGTGTTTCCTCAG,1
CTTCACCTTCAGGTGTTTCCTCAGT,1
TTCACCTTCAGGTGTTTCCTCAGTC,1
TCACCTTCAGGTGTTTCCTCAGTCA,1
CACCTTCAGGTGTTTCCTCAGTCAC,1
ACCTTCAGGTGTTTCCTCAGTCACA,1
CCTTCAGGTGTTTCCTCAGTCACAT,1
CTTCAGGTGTTTCCTCAGTCACATT,1
TTCAGGTGTTTCCTCAGTCACATTT,1
TCAGGTGTTTCCTCAGTCACATTTG,1
CAGGTGTTTCCTCAGTCACATTTGA,1
AGGTGTTTCCTCAGTCACATTTGAT,1
GGTGTTTCCTCAGTCACATTTGATT,1
GTGTTTCCTCAGTCACATTTGATTG,1
TGTTTCCTCAGTCACATTTGATTGA,1
GTTTCCTCAGTCACATTTGATTGAT,1
TTTCCTCAGTCACATTTGATTGATC,1
TTCCTCAGTCACATTTGATTGATCC,1
TCCTCAGTCACATTTGATTGATCCA,1
CCTCAGTCACATTTGATTGATCCAA,1
CTCAGTCACATTTGATTGATCCAAA,1
TCAGTCACATTTGATTGATCCAAAT,1
CAGTCACATTTGATTGATCCAAATC,1
AGTCACATTTGATTGATCCAAATCA,1
GTCACATTTGATTGATCCAAATCAC,1
TCACATTTGATTGATCCAAATCACT,1
CACATTTGATTGATCCAAATCACTG,1
ACATTTGATTGATCCAAATCACTGC,1
CATTTGATTGATCCAAATCACTGCA,1
ATTTGATTGATCCAAATCACTGCAA,1
TTTGATTGATCCAAATCACTGCAAT,1
TTGATTGATCCAAATCACTGCAATT,1
TGATTGATCCAAATCACTGCAATTA,1
GATTGATCCAAATCACTGCAATTAT,1
ATTGATCCAAATCACTGCAATTATA,1
TTGATCCAAATCACTGCAATTATAA,1
TGATCCAAATCACTGCAATTATAAG,1
GATCCAAATCACTGCAATTATAAGA,1
ATCCAAATCACTGCAATTATAAGAT,1
TCCAAATCACTGCAATTATAAGATA,1
CCAAATCACTGCAATTATAAGATAT,1
CAAATCACTGCAATTATAAGATATT,1
AAATCACTGCAATTATAAGATATTT,1
AATCACTGCAATTATAAGATATTTG,1
ATCACTGCAATTATAAGATATTTGA,1
TCACTGCAATTATAAGATATTTGAG,1
CACTGCAATTATAAGATATTTGAGA,1
ACTGCAATTATAAGATATTTGAGAT,1
GCTCCATCCTCTGGGCAGGGACCAA,1
CTCCATCCTCTGGGCAGGGACCAAG,1
TCCATCCTCTGGGCAGGGACCAAGC,1
CCATCCTCTGGGCAGGGACCAAGCG,1
CATCCTCTGGGCAGGGACCAAGCGT,1
ATCCTCTGGGCAGGGACCAAGCGTG,1
TCCTCTGGGCAGGGACCAAGCGTGC,1
CCTCTGGGCAGGGACCAAGCGTGCA,1
CTCTGGGCAGGGACCAAGCGTGCAC,1
TCTGGGCAGGGACCAAGCGTGCACA,1
CTGGGCAGGGACCAAGCGTGCACAT,1
TGGGCAGGGACCAAGCGTGCACATT,1
GGGCAGGGACCAAGCGTGCACATTC,1
GGCAGGGACCAAGCGTGCACATTCT,1
GCAGGGACCAAGCGTGCACATTCTT,1
CAGGGACCAAGCGTGCACATTCTTT,1
AGGGACCAAGCGTGCACATTCTTTC,1
GGGACCAAGCGTGCACATTCTTTCC,1
GGACCAAGCGTGCACATTCTTTCCA,1
GACCAAGCGTGCACATTCTTTCCAT,1
ACCAAGCGTGCACATTCTTTCCATT,1
CCAAGCGTGCACATTCTTTCCATTT,1
CAAGCGTGCACATTCTTTCCATTTC,1
AAGCGTGCACATTCTTTCCATTTCA,1
AGCGTGCACATTCTTTCCATTTCAT,1
GCGTGCACATTCTTTCCATTTCATA,1
CGTGCACATTCTTTCCATTTCATAG,1
GTGCACATTCTTTCCATTTCATAGT,1
TGCACATTCTTTCCATTTCATAGTT,1
GCACATTCTTTCCATTTCATAGTTG,1
CACATTCTTTCCATTTCATAGTTGA,1
ACATTCTTTCCATTTCATAGTTGAT,1
CATTCTTTCCATTTCATAGTTGATA,1
ATTCTTTCCATTTCATAGTTGATAC,1
TTCTTTCCATTTCATAGTTGATACT,1
TCTTTCCATTTCATAGTTGATACTT,1
CTTTCCATTTCATAGTTGATACTTT,1
TTTCCATTTCATAGTTGATACTTTT,1
TTCCATTTCATAGTTGATACTTTTA,1
TCCATTTCATAGTTGATACTTTTAT,1
CCATTTCATAGTTGATACTTTTATA,1
CATTTCATAGTTGATACTTTTATAT,1
ATTTCATAGTTGATACTTTTATATG,1
TTTCATAGTTGATACTTTTATATGT,1
TTCATAGTTGATACTTTTATATGTA,1
TCATAGTTGATACTTTTATATGTAC,1
CATAGTTGATACTTTTATATGTACT,1
ATAGTTGATACTTTTATATGTACTG,1
TAGTTGATACTTTTATATGTACTGC,1
AGTTGATACTTTTATATGTACTGCT,1
GTTGATACTTTTATATGTACTGCTG,1
TTGATACTTTTATATGTACTGCTGC,1
TGATACTTTTATATGTACTGCTGCT,1
GATACTTTTATATGTACTGCTGCTG,1
ATACTTTTATATGTACTGCTGCTGC,1
TACTTTTATATGTACTGCTGCTGCT,1
ACTTTTATATGTACTGCTGCTGCTG,1
CTTTTATATGTACTGCTGCTGCTGC,1
TTTTATATGTACTGCTGCTGCTGCT,1
TTTATATGTACTGCTGCTGCTGCTC,1
TTATATGTACTGCTGCTGCTGCTCT,1
TATATGTACTGCTGCTGCTGCTCTT,1
ATATGTACTGCTGCTGCTGCTCTTT,1
TATGTACTGCTGCTGCTGCTCTTTG,1
ATGTACTGCTGCTGCTGCTCTTTGA,1
TGTACTGCTGCTGCTGCTCTTTGAC,1
GTACTGCTGCTGCTGCTCTTTGACA,1
TACTGCTGCTGCTGCTCTTTGACAT,1
ACTGCTGCTGCTGCTCTTTGACATT,1
CTGCTGCTGCTGCTCTTTGACATTG,1
TGCTGCTGCTGCTCTTTGACATTGC,1
GCTGCTGCTGCTCTTTGACATTGCC,1
CTGCTGCTGCTCTTTGACATTGCCT,1
TGCTGCTGCTCTTTGACATTGCCTG,1
GCTGCTGCTCTTTGACATTGCCTGC,1
CTGCTGCTCTTTGACATTGCCTGCC,1
GCATTTCACGTCCATAAAGTAGGAA,1
CATTTCACGTCCATAAAGTAGGAAT,1
ATTTCACGTCCATAAAGTAGGAATT,1
TTTCACGTCCATAAAGTAGGAATTG,1
TTCACGTCCATAAAGTAGGAATTGG,1
TCACGTCCATAAAGTAGGAATTGGG,1
CACGTCCATAAAGTAGGAATTGGGG,1
ACGTCCATAAAGTAGGAATTGGGGC,1
CGTCCATAAAGTAGGAATTGGGGCT,1
GTCCATAAAGTAGGAATTGGGGCTC,1
TCCATAAAGTAGGAATTGGGGCTCT,1
CCATAAAGTAGGAATTGGGGCTCTG,1
CATAAAGTAGGAATTGGGGCTCTGC,1
ATAAAGTAGGAATTGGGGCTCTGCA,1
TAAAGTAGGAATTGGGGCTCTGCAC,1
AAAGTAGGAATTGGGGCTCTGCACC,1
AAGTAGGAATTGGGGCTCTGCACCA,1
AGTAGGAATTGGGGCTCTGCACCAG,1
GTAGGAATTGGGGCTCTGCACCAGG,1
TAGGAATTGGGGCTCTGCACCAGGC,1
AGGAATTGGGGCTCTGCACCAGGCG,1
GGAATTGGGGCTCTGCACCAGGCGC,1
GAATTGGGGCTCTGCACCAGGCGCT,1
AATTGGGGCTCTGCACCAGGCGCTT,1
ATTGGGGCTCTGCACCAGGCGCTTT,1
TTGGGGCTCTGCACCAGGCGCTTTT,1
TGGGGCTCTGCACCAGGCGCTTTTT,1
GGGGCTCTGCACCAGGCGCTTTTTC,1
GGGCTCTGCACCAGGCGCTTTTTCT,1
GGCTCTGCACCAGGCGCTTTTTCTT,1
GCTCTGCACCAGGCGCTTTTTCTTG,1
CTCTGCACCAGGCGCTTTTTCTTGT,1
TCTGCACCAGGCGCTTTTTCTTGTG,1
CTGCACCAGGCGCTTTTTCTTGTGT,1
TGCACCAGGCGCTTTTTCTTGTGTT,1
GCACCAGGCGCTTTTTCTTGTGTTT,1
CACCAGGCGCTTTTTCTTGTGTTTC,1
ACCAGGCGCTTTTTCTTGTGTTTCC,1
CCAGGCGCTTTTTCTTGTGTTTCCT,1
CAGGCGCTTTTTCTTGTGTTTCCTC,1
AGGCGCTTTTTCTTGTGTTTCCTCT,1
GGCGCTTTTTCTTGTGTTTCCTCTT,1
GCGCTTTTTCTTGTGTTTCCTCTTC,1
CGCTTTTTCTTGTGTTTCCTCTTCT,1
GCTTTTTCTTGTGTTTCCTCTTCTC,1
CTTTTTCTTGTGTTTCCTCTTCTCC,1
TTTTTCTTGTGTTTCCTCTTCTCCT,1
TTTTCTTGTGTTTCCTCTTCTCCTC,1
TTTCTTGTGTTTCCTCTTCTCCTCT,1
TTCTTGTGTTTCCTCTTCTCCTCTT,1
TCTTGTGTTTCCTCTTCTCCTCTTC,1
CTTGTGTTTCCTCTTCTCCTCTTCT,1
TTGTGTTTCCTCTTCTCCTCTTCTG,1
TGTGTTTCCTCTTCTCCTCTTCTGG,1
GTGTTTCCTCTTCTCCTCTTCTGGA,1
TGTTTCCTCTTCTCCTCTTCTGGAG,1
GTTTCCTCTTCTCCTCTTCTGGAGA,1
TTTCCTCTTCTCCTCTTCTGGAGAG,1
TTCCTCTTCTCCTCTTCTGGAGAGG,1
TCCTCTTCTCCTCTTCTGGAGAGGG,1
CCTCTTCTCCTCTTCTGGAGAGGGA,1
CTCTTCTCCTCTTCTGGAGAGGGAT,1
TCTTCTCCTCTTCTGGAGAGGGATG,1
CTTCTCCTCTTCTGGAGAGGGATGA,1
TTCTCCTCTTCTGGAGAGGGATGAA,1
TCTCCTCTTCTGGAGAGGGATGAAG,1
CTCCTCTTCTGGAGAGGGATGAAGG,1
TCCTCTTCTGGAGAGGGATGAAGGA,1
CCTCTTCTGGAGAGGGATGAAGGAG,1
CTCTTCTGGAGAGGGATGAAGGAGA,1
TCTTCTGGAGAGGGATGAAGGAGAT,1
CTTCTGGAGAGGGATGAAGGAGATC,1
TTCTGGAGAGGGATGAAGGAGATCC,1
CTGGCACTGCTGCCTCCCTGCTTCC,1
TGGCACTGCTGCCTCCCTGCTTCCT,1
GGCACTGCTGCCTCCCTGCTTCCTA,1
GCACTGCTGCCTCCCTGCTTCCTAC,1
CACTGCTGCCTCCCTGCTTCCTACC,1
ACTGCTGCCTCCCTGCTTCCTACCC,1
CTGCTGCCTCCCTGCTTCCTACCCT,1
TGCTGCCTCCCTGCTTCCTACCCTA,1
GCTGCCTCCCTGCTTCCTACCCTAG,1
CTGCCTCCCTGCTTCCTACCCTAGA,1
TGCCTCCCTGCTTCCTACCCTAGAT,1
GCCTCCCTGCTTCCTACCCTAGATG,1
CCTCCCTGCTTCCTACCCTAGATGT,1
CTCCCTGCTTCCTACCCTAGATGTT,1
TCCCTGCTTCCTACCCTAGATGTTG,1
CCCTGCTTCCTACCCTAGATGTTGG,1
CCTGCTTCCTACCCTAGATGTTGGT,1
CTGCTTCCTACCCTAGATGTTGGTG,1
TGCTTCCTACCCTAGATGTTGGTGT,1
GCTTCCTACCCTAGATGTTGGTGTT,1
CTTCCTACCCTAGATGTTGGTGTTG,1
TTCCTACCCTAGATGTTGGTGTTGT,1
TCCTACCCTAGATGTTGGTGTTGTA,1
CCTACCCTAGATGTTGGTGTTGTAG,1
CTACCCTAGATGTTGGTGTTGTAGC,1
TACCCTAGATGTTGGTGTTGTAGCA,1
ACCCTAGATGTTGGTGTTGTAGCAG,1
CCCTAGATGTTGGTGTTGTAGCAGA,1
CCTAGATGTTGGTGTTGTAGCAGAA,1
CTAGATGTTGGTGTTGTAGCAGAAA,1
TAGATGTTGGTGTTGTAGCAGAAAG,1
AGATGTTGGTGTTGTAGCAGAAAGC,1
GATGTTGGTGTTGTAGCAGAAAGCT,1
ATGTTGGTGTTGTAGCAGAAAGCTG,1
TGTTGGTGTTGTAGCAGAAAGCTGG,1
GTTGGTGTTGTAGCAGAAAGCTGGT,1
TTGGTGTTGTAGCAGAAAGCTGGTG,1
TGGTGTTGTAGCAGAAAGCTGGTGT,1
GGTGTTGTAGCAGAAAGCTGGTGTT,1
GTGTTGTAGCAGAAAGCTGGTGTTC,1
TGTTGTAGCAGAAAGCTGGTGTTCC,1
GTTGTAGCAGAAAGCTGGTGTTCCC,1
TTGTAGCAGAAAGCTGGTGTTCCCA,1
TGTAGCAGAAAGCTGGTGTTCCCAC,1
GTAGCAGAAAGCTGGTGTTCCCACT,1
TAGCAGAAAGCTGGTGTTCCCACTG,1
AGCAGAAAGCTGGTGTTCCCACTGC,1
GCAGAAAGCTGGTGTTCCCACTGCA,1
CAGAAAGCTGGTGTTCCCACTGCAG,1
AGAAAGCTGGTGTTCCCACTGCAGT,1
GAAAGCTGGTGTTCCCACTGCAGTG,1
AAAGCTGGTGTTCCCACTGCAGTGA,1
AAGCTGGTGTTCCCACTGCAGTGAC,1
AGCTGGTGTTCCCACTGCAGTGACA,1
GCTGGTGTTCCCACTGCAGTGACAT,1
CTGGTGTTCCCACTGCAGTGACATC,1
TGGTGTTCCCACTGCAGTGACATCT,1
GGTGTTCCCACTGCAGTGACATCTG,1
GTGTTCCCACTGCAGTGACATCTGT,1
TGTTCCCACTGCAGTGACATCTGTC,1
GTTCCCACTGCAGTGACATCTGTCT,1
TTCCCACTGCAGTGACATCTGTCTG,1
TCCCACTGCAGTGACATCTGTCTGC,1
CCCACTGCAGTGACATCTGTCTGCA,1
CCACTGCAGTGACATCTGTCTGCAT,1
CACTGCAGTGACATCTGTCTGCATG,1
ACTGCAGTGACATCTGTCTGCATGG,1
CTGCAGTGACATCTGTCTGCATGGT,1
TGCAGTGACATCTGTCTGCATGGTG,1
GCAGTGACATCTGTCTGCATGGTGG,1
CAGTGACATCTGTCTGCATGGTGGA,1
AGTGACATCTGTCTGCATGGTGGAT,1
GTGACATCTGTCTGCATGGTGGATT,1
TGACATCTGTCTGCATGGTGGATTT,1
GACATCTGTCTGCATGGTGGATTTT,1
ACATCTGTCTGCATGGTGGATTTTT,1
TCCTTGTTAATAACAGGAAGAGATA,1
CCTTGTTAATAACAGGAAGAGATAC,1
CTTGTTAATAACAGGAAGAGATACT,1
TTGTTAATAACAGGAAGAGATACTG,1
TGTTAATAACAGGAAGAGATACTGA,1
GTTAATAACAGGAAGAGATACTGAT,1
TTAATAACAGGAAGAGATACTGATG,1
TAATAACAGGAAGAGATACTGATGA,1
AATAACAGGAAGAGATACTGATGAG,1
ATAACAGGAAGAGATACTGATGAGC,1
TAACAGGAAGAGATACTGATGAGCA,1
AACAGGAAGAGATACTGATGAGCAG,1
ACAGGAAGAGATACTGATGAGCAGG,1
CAGGAAGAGATACTGATGAGCAGGA,1
AGGAAGAGATACTGATGAGCAGGAG,1
GGAAGAGATACTGATGAGCAGGAGT,1
GAAGAGATACTGATGAGCAGGAGTA,1
AAGAGATACTGATGAGCAGGAGTAC,1
AGAGATACTGATGAGCAGGAGTACA,1
GAGATACTGATGAGCAGGAGTACAG,1
AGATACTGATGAGCAGGAGTACAGA,1
GATACTGATGAGCAGGAGTACAGAA,1
ATACTGATGAGCAGGAGTACAGAAA,1
TACTGATGAGCAGGAGTACAGAAAG,1
ACTGATGAGCAGGAGTACAGAAAGA,1
CTGATGAGCAGGAGTACAGAAAGAT,1
TGATGAGCAGGAGTACAGAAAGATC,1
GATGAGCAGGAGTACAGAAAGATCC,1
ATGAGCAGGAGTACAGAAAGATCCT,1
TGAGCAGGAGTACAGAAAGATCCTC,1
GAGCAGGAGTACAGAAAGATCCTCC,1
AGCAGGAGTACAGAAAGATCCTCCC,1
GCAGGAGTACAGAAAGATCCTCCCA,1
CAGGAGTACAGAAAGATCCTCCCAC,1
AGGAGTACAGAAAGATCCTCCCACT,1
GGAGTACAGAAAGATCCTCCCACTG,1
GAGTACAGAAAGATCCTCCCACTGA,1
AGTACAGAAAGATCCTCCCACTGAG,1
GTACAGAAAGATCCTCCCACTGAGG,1
TACAGAAAGATCCTCCCACTGAGGT,1
ACAGAAAGATCCTCCCACTGAGGTT,1
CAGAAAGATCCTCCCACTGAGGTTT,1
AGAAAGATCCTCCCACTGAGGTTTT,1
GAAAGATCCTCCCACTGAGGTTTTC,1
AAAGATCCTCCCACTGAGGTTTTCA,1
AAGATCCTCCCACTGAGGTTTTCAA,1
AGATCCTCCCACTGAGGTTTTCAAG,1
GATCCTCCCACTGAGGTTTTCAAGC,1
ATCCTCCCACTGAGGTTTTCAAGCT,1
TCCTCCCACTGAGGTTTTCAAGCTC,1
CCTCCCACTGAGGTTTTCAAGCTCC,1
CTCCCACTGAGGTTTTCAAGCTCCA,1
TCCCACTGAGGTTTTCAAGCTCCAC,1
CCCACTGAGGTTTTCAAGCTCCACA,1
CCACTGAGGTTTTCAAGCTCCACAC,1
CACTGAGGTTTTCAAGCTCCACACA,1
ACTGAGGTTTTCAAGCTCCACACAC,1
CTGAGGTTTTCAAGCTCCACACACA,1
TGAGGTTTTCAAGCTCCACACACAC,1
GAGGTTTTCAAGCTCCACACACACC,1
AGGTTTTCAAGCTCCACACACACCA,1
GGTTTTCAAGCTCCACACACACCAA,1
GTTTTCAAGCTCCACACACACCAAT,1
TTTTCAAGCTCCACACACACCAATG,1
TTTCAAGCTCCACACACACCAATGT,1
TTCAAGCTCCACACACACCAATGTC,1
TCAAGCTCCACACACACCAATGTCA,1
CAAGCTCCACACACACCAATGTCAG,1
AAGCTCCACACACACCAATGTCAGT,1
AGCTCCACACACACCAATGTCAGTC,1
GCTCCACACACACCAATGTCAGTCA,1
CTCCACACACACCAATGTCAGTCAA,1
TCCACACACACCAATGTCAGTCAAT,1
CCACACACACCAATGTCAGTCAATA,1
CACACACACCAATGTCAGTCAATAA,1
ACACACACCAATGTCAGTCAATAAG,1
GAAAAGCCTAACGAGCTTGGTGATA,1
AAAAGCCTAACGAGCTTGGTGATAG,1
AAAGCCTAACGAGCTTGGTGATAGC,1
AAGCCTAACGAGCTTGGTGATAGCT,1
AGCCTAACGAGCTTGGTGATAGCTG,1
GCCTAACGAGCTTGGTGATAGCTGG,1
CCTAACGAGCTTGGTGATAGCTGGT,1
CTAACGAGCTTGGTGATAGCTGGTT,1
TAACGAGCTTGGTGATAGCTGGTTA,1
AACGAGCTTGGTGATAGCTGGTTAC,1
ACGAGCTTGGTGATAGCTGGTTACC,1
CGAGCTTGGTGATAGCTGGTTACCC,1
GAGCTTGGTGATAGCTGGTTACCCA,1
AGCTTGGTGATAGCTGGTTACCCAA,1
GCTTGGTGATAGCTGGTTACCCAAA,1
CTTGGTGATAGCTGGTTACCCAAAA,1
TTGGTGATAGCTGGTTACCCAAAAA,1
TGGTGATAGCTGGTTACCCAAAAAA,1
GGTGATAGCTGGTTACCCAAAAAAT,1
GTGATAGCTGGTTACCCAAAAAATG,1
TGATAGCTGGTTACCCAAAAAATGA,1
GATAGCTGGTTACCCAAAAAATGAA,1
ATAGCTGGTTACCCAAAAAATGAAT,1
TAGCTGGTTACCCAAAAAATGAATT,1
AGCTGGTTACCCAAAAAATGAATTT,1
GCTGGTTACCCAAAAAATGAATTTA,1
CTGGTTACCCAAAAAATGAATTTAA,1
TGGTTACCCAAAAAATGAATTTAAG,1
GGTTACCCAAAAAATGAATTTAAGT,1
GTTACCCAAAAAATGAATTTAAGTT,1
TTACCCAAAAAATGAATTTAAGTTC,1
TACCCAAAAAATGAATTTAAGTTCA,1
ACCCAAAAAATGAATTTAAGTTCAA,1
CCCAAAAAATGAATTTAAGTTCAAT,1
CCAAAAAATGAATTTAAGTTCAATT,1
CAAAAAATGAATTTAAGTTCAATTT,1
AAAAAATGAATTTAAGTTCAATTTT,1
AAAAATGAATTTAAGTTCAATTTTA,1
AAAATGAATTTAAGTTCAATTTTAA,1
AAATGAATTTAAGTTCAATTTTAAA,1
AATGAATTTAAGTTCAATTTTAAAC,1
ATGAATTTAAGTTCAATTTTAAACT,1
TGAATTTAAGTTCAATTTTAAACTT,1
GAATTTAAGTTCAATTTTAAACTTG,1
AATTTAAGTTCAATTTTAAACTTGC,1
ATTTAAGTTCAATTTTAAACTTGCT,1
TTTAAGTTCAATTTTAAACTTGCTA,1
TTAAGTTCAATTTTAAACTTGCTAA,1
TAAGTTCAATTTTAAACTTGCTAAA,1
AAGTTCAATTTTAAACTTGCTAAAA,1
AGTTCAATTTTAAACTTGCTAAAAA,1
GTTCAATTTTAAACTTGCTAAAAAA,1
TTCAATTTTAAACTTGCTAAAAAAA,1
TCAATTTTAAACTTGCTAAAAAAAC,1
CAATTTTAAACTTGCTAAAAAAACA,1
AATTTTAAACTTGCTAAAAAAACAA,1
ATTTTAAACTTGCTAAAAAAACAAC,1
TTTTAAACTTGCTAAAAAAACAACA,1
TTTAAACTTGCTAAAAAAACAACAA,1
TTAAACTTGCTAAAAAAACAACAAA,1
TAAACTTGCTAAAAAAACAACAAAA,1
AAACTTGCTAAAAAAACAACAAAAT,1
AACTTGCTAAAAAAACAACAAAATC,1
ACTTGCTAAAAAAACAACAAAATCA,1
CTTGCTAAAAAAACAACAAAATCAA,1
TTGCTAAAAAAACAACAAAATCAAA,1
TGCTAAAAAAACAACAAAATCAAAA,1
GCTAAAAAAACAACAAAATCAAAAA,1
CTAAAAAAACAACAAAATCAAAAAG,1
TAAAAAAACAACAAAATCAAAAAGT,1
AAAAAAACAACAAAATCAAAAAGTA,1
AAAAAACAACAAAATCAAAAAGTAA,1
AAAAACAACAAAATCAAAAAGTAAG,1
AAAACAACAAAATCAAAAAGTAAGT,1
AAACAACAAAATCAAAAAGTAAGTT,1
AACAACAAAATCAAAAAGTAAGTTT,1
GCTTTTTTGAGATATTTGTCAGCAA,1
CTTTTTTGAGATATTTGTCAGCAAC,1
TTTTTTGAGATATTTGTCAGCAACA,1
TTTTTGAGATATTTGTCAGCAACAC,1
TTTTGAGATATTTGTCAGCAACACC,1
TTTGAGATATTTGTCAGCAACACCA,1
TTGAGATATTTGTCAGCAACACCAA,1
TGAGATATTTGTCAGCAACACCAAC,1
GAGATATTTGTCAGCAACACCAACT,1
AGATATTTGTCAGCAACACCAACTG,1
GATATTTGTCAGCAACACCAACTGA,1
ATATTTGTCAGCAACACCAACTGAA,1
TATTTGTCAGCAACACCAACTGAAC,1
ATTTGTCAGCAACACCAACTGAACC,1
TTTGTCAGCAACACCAACTGAACCC,1
TTGTCAGCAACACCAACTGAACCCC,1
TGTCAGCAACACCAACTGAACCCCA,1
GTCAGCAACACCAACTGAACCCCAT,1
TCAGCAACACCAACTGAACCCCATG,1
CAGCAACACCAACTGAACCCCATGC,1
AGCAACACCAACTGAACCCCATGCT,1
GCAACACCAACTGAACCCCATGCTT,1
CAACACCAACTGAACCCCATGCTTC,1
AACACCAACTGAACCCCATGCTTCT,1
ACACCAACTGAACCCCATGCTTCTT,1
CACCAACTGAACCCCATGCTTCTTG,1
ACCAACTGAACCCCATGCTTCTTGG,1
CCAACTGAACCCCATGCTTCTTGGT,1
CAACTGAACCCCATGCTTCTTGGTA,1
AACTGAACCCCATGCTTCTTGGTAA,1
ACTGAACCCCATGCTTCTTGGTAAA,1
CTGAACCCCATGCTTCTTGGTAAAT,1
TGAACCCCATGCTTCTTGGTAAATT,1
GAACCCCATGCTTCTTGGTAAATTA,1
AACCCCATGCTTCTTGGTAAATTAA,1
ACCCCATGCTTCTTGGTAAATTAAT,1
CCCCATGCTTCTTGGTAAATTAATC,1
CCCATGCTTCTTGGTAAATTAATCT,1
CCATGCTTCTTGGTAAATTAATCTT,1
CATGCTTCTTGGTAAATTAATCTTC,1
ATGCTTCTTGGTAAATTAATCTTCC,1
TGCTTCTTGGTAAATTAATCTTCCA,1
GCTTCTTGGTAAATTAATCTTCCAA,1
CTTCTTGGTAAATTAATCTTCCAAA,1
TTCTTGGTAAATTAATCTTCCAAAA,1
TCTTGGTAAATTAATCTTCCAAAAG,1
CTTGGTAAATTAATCTTCCAAAAGT,1
TTGGTAAATTAATCTTCCAAAAGTG,1
TGGTAAATTAATCTTCCAAAAGTGG,1
GGTAAATTAATCTTCCAAAAGTGGG,1
GTAAATTAATCTTCCAAAAGTGGGG,1
TAAATTAATCTTCCAAAAGTGGGGT,1
AAATTAATCTTCCAAAAGTGGGGTG,1
AATTAATCTTCCAAAAGTGGGGTGC,1
ATTAATCTTCCAAAAGTGGGGTGCA,1
TTAATCTTCCAAAAGTGGGGTGCAA,1
TAATCTTCCAAAAGTGGGGTGCAAG,1
AATCTTCCAAAAGTGGGGTGCAAGC,1
ATCTTCCAAAAGTGGGGTGCAAGCA,1
TCTTCCAAAAGTGGGGTGCAAGCAC,1
CTTCCAAAAGTGGGGTGCAAGCACT,1
TTCCAAAAGTGGGGTGCAAGCACTT,1
TCCAAAAGTGGGGTGCAAGCACTTA,1
CCAAAAGTGGGGTGCAAGCACTTAC,1
CAAAAGTGGGGTGCAAGCACTTACA,1
AAAAGTGGGGTGCAAGCACTTACAT,1
AAAGTGGGGTGCAAGCACTTACATA,1
AAGTGGGGTGCAAGCACTTACATAC,1
AGTGGGGTGCAAGCACTTACATACC,1
GTGGGGTGCAAGCACTTACATACCA,1
TGGGGTGCAAGCACTTACATACCAT,1
GGGGTGCAAGCACTTACATACCATT,1
GGGTGCAAGCACTTACATACCATTT,1
GGTGCAAGCACTTACATACCATTTA,1
GTGCAAGCACTTACATACCATTTAT,1
TGCAAGCACTTACATACCATTTATC,1
GTTGGTGTCTCTCCAGAGATGGCAG,1
TTGGTGTCTCTCCAGAGATGGCAGA,1
TGGTGTCTCTCCAGAGATGGCAGAG,1
GGTGTCTCTCCAGAGATGGCAGAGA,1
GTGTCTCTCCAGAGATGGCAGAGAA,1
TGTCTCTCCAGAGATGGCAGAGAAG,1
GTCTCTCCAGAGATGGCAGAGAAGG,1
TCTCTCCAGAGATGGCAGAGAAGGA,1
CTCTCCAGAGATGGCAGAGAAGGAA,1
TCTCCAGAGATGGCAGAGAAGGAAG,1
CTCCAGAGATGGCAGAGAAGGAAGA,1
TCCAGAGATGGCAGAGAAGGAAGAC,1
CCAGAGATGGCAGAGAAGGAAGACT,1
CAGAGATGGCAGAGAAGGAAGACTA,1
AGAGATGGCAGAGAAGGAAGACTAC,1
GAGATGGCAGAGAAGGAAGACTACA,1
AGATGGCAGAGAAGGAAGACTACAT,1
GATGGCAGAGAAGGAAGACTACATC,1
ATGGCAGAGAAGGAAGACTACATCT,1
TGGCAGAGAAGGAAGACTACATCTG,1
GGCAGAGAAGGAAGACTACATCTGT,1
GCAGAGAAGGAAGACTACATCTGTG,1
CAGAGAAGGAAGACTACATCTGTGT,1
AGAGAAGGAAGACTACATCTGTGTG,1
GAGAAGGAAGACTACATCTGTGTGC,1
AGAAGGAAGACTACATCTGTGTGCG,1
GAAGGAAGACTACATCTGTGTGCGC,1
AAGGAAGACTACATCTGTGTGCGCT,1
AGGAAGACTACATCTGTGTGCGCTG,1
GGAAGACTACATCTGTGTGCGCTGT,1
GAAGACTACATCTGTGTGCGCTGTA,1
AAGACTACATCTGTGTGCGCTGTAC,1
AGACTACATCTGTGTGCGCTGTACT,1
GACTACATCTGTGTGCGCTGTACTG,1
ACTACATCTGTGTGCGCTGTACTGG,1
CTACATCTGTGTGCGCTGTACTGGG,1
TACATCTGTGTGCGCTGTACTGGGA,1
ACATCTGTGTGCGCTGTACTGGGAA,1
CATCTGTGTGCGCTGTACTGGGAAG,1
ATCTGTGTGCGCTGTACTGGGAAGG,1
TCTGTGTGCGCTGTACTGGGAAGGA,1
CTGTGTGCGCTGTACTGGGAAGGAC,1
TGTGTGCGCTGTACTGGGAAGGACG,1
GTGTGCGCTGTACTGGGAAGGACGC,1
TGTGCGCTGTACTGGGAAGGACGCA,1
GTGCGCTGTACTGGGAAGGACGCAC,1
TGCGCTGTACTGGGAAGGACGCACC,1
GCGCTGTACTGGGAAGGACGCACCA,1
CGCTGTACTGGGAAGGACGCACCAA,1
GCTGTACTGGGAAGGACGCACCAAG,1
CTGTACTGGGAAGGACGCACCAAGC,1
TGTACTGGGAAGGACGCACCAAGCC,1
GTACTGGGAAGGACGCACCAAGCCG,1
TACTGGGAAGGACGCACCAAGCCGA,1
ACTGGGAAGGACGCACCAAGCCGAA,1
CTGGGAAGGACGCACCAAGCCGAAA,1
TGGGAAGGACGCACCAAGCCGAAAG,1
GGGAAGGACGCACCAAGCCGAAAGT,1
GGAAGGACGCACCAAGCCGAAAGTA,1
GAAGGACGCACCAAGCCGAAAGTAA,1
AAGGACGCACCAAGCCGAAAGTAAA,1
AGGACGCACCAAGCCGAAAGTAAAA,1
GGACGCACCAAGCCGAAAGTAAAAA,1
GACGCACCAAGCCGAAAGTAAAAAC,1
ACGCACCAAGCCGAAAGTAAAAACA,1
CGCACCAAGCCGAAAGTAAAAACAA,1
GCACCAAGCCGAAAGTAAAAACAAA,1
CACCAAGCCGAAAGTAAAAACAAAA,1
ACCAAGCCGAAAGTAAAAACAAAAC,1
CCAAGCCGAAAGTAAAAACAAAACA,1
CAAGCCGAAAGTAAAAACAAAACAC,1
AAGCCGAAAGTAAAAACAAAACACA,1
AGCCGAAAGTAAAAACAAAACACAC,1
GCCGAAAGTAAAAACAAAACACACA,1
CCGAAAGTAAAAACAAAACACACAC,1
CGAAAGTAAAAACAAAACACACACT,1
CTGGGCAAGCTGACGAAGGGATGGC,1
TGGGCAAGCTGACGAAGGGATGGCT,1
GGGCAAGCTGACGAAGGGATGGCTC,1
GGCAAGCTGACGAAGGGATGGCTCA,1
GCAAGCTGACGAAGGGATGGCTCAA,1
CAAGCTGACGAAGGGATGGCTCAAT,1
AAGCTGACGAAGGGATGGCTCAATG,1
AGCTGACGAAGGGATGGCTCAATGA,1
GCTGACGAAGGGATGGCTCAATGAT,1
CTGACGAAGGGATGGCTCAATGATG,1
TGACGAAGGGATGGCTCAATGATGC,1
GACGAAGGGATGGCTCAATGATGCC,1
ACGAAGGGATGGCTCAATGATGCCA,1
CGAAGGGATGGCTCAATGATGCCAC,1
GAAGGGATGGCTCAATGATGCCACC,1
AAGGGATGGCTCAATGATGCCACCG,1
AGGGATGGCTCAATGATGCCACCGC,1
GGGATGGCTCAATGATGCCACCGCG,1
GGATGGCTCAATGATGCCACCGCGC,1
GATGGCTCAATGATGCCACCGCGCA,1
ATGGCTCAATGATGCCACCGCGCAG,1
TGGCTCAATGATGCCACCGCGCAGA,1
GGCTCAATGATGCCACCGCGCAGAC,1
GCTCAATGATGCCACCGCGCAGACG,1
CTCAATGATGCCACCGCGCAGACGC,1
TCAATGATGCCACCGCGCAGACGCA,1
CAATGATGCCACCGCGCAGACGCAG,1
AATGATGCCACCGCGCAGACGCAGC,1
ATGATGCCACCGCGCAGACGCAGCA,1
TGATGCCACCGCGCAGACGCAGCAC,1
GATGCCACCGCGCAGACGCAGCACC,1
ATGCCACCGCGCAGACGCAGCACCA,1
TGCCACCGCGCAGACGCAGCACCAG,1
GCCACCGCGCAGACGCAGCACCAGG,1
CCACCGCGCAGACGCAGCACCAGGT,1
CACCGCGCAGACGCAGCACCAGGTG,1
ACCGCGCAGACGCAGCACCAGGTGC,1
CCGCGCAGACGCAGCACCAGGTGCA,1
CGCGCAGACGCAGCACCAGGTGCAA,1
GCGCAGACGCAGCACCAGGTGCAAG,1
CGCAGACGCAGCACCAGGTGCAAGG,1
GCAGACGCAGCACCAGGTGCAAGGT,1
CAGACGCAGCACCAGGTGCAAGGTG,1
AGACGCAGCACCAGGTGCAAGGTGG,1
GACGCAGCACCAGGTGCAAGGTGGA,1
ACGCAGCACCAGGTGCAAGGTGGAC,1
CGCAGCACCAGGTGCAAGGTGGACT,1
GCAGCACCAGGTGCAAGGTGGACTC,1
CAGCACCAGGTGCAAGGTGGACTCT,1
AGCACCAGGTGCAAGGTGGACTCTT,1
GCACCAGGTGCAAGGTGGACTCTTT,1
CACCAGGTGCAAGGTGGACTCTTTC,1
ACCAGGTGCAAGGTGGACTCTTTCT,1
CCAGGTGCAAGGTGGACTCTTTCTG,1
CAGGTGCAAGGTGGACTCTTTCTGG,1
AGGTGCAAGGTGGACTCTTTCTGGA,1
GGTGCAAGGTGGACTCTTTCTGGAT,1
GTGCAAGGTGGACTCTTTCTGGATG,1
TGCAAGGTGGACTCTTTCTGGATGT,1
GCAAGGTGGACTCTTTCTGGATGTT,1
CAAGGTGGACTCTTTCTGGATGTTG,1
AAGGTGGACTCTTTCTGGATGTTGT,1
AGGTGGACTCTTTCTGGATGTTGTA,1
GGTGGACTCTTTCTGGATGTTGTAG,1
GTGGACTCTTTCTGGATGTTGTAGT,1
TGGACTCTTTCTGGATGTTGTAGTC,1
GGACTCTTTCTGGATGTTGTAGTCG,1
GACTCTTTCTGGATGTTGTAGTCGG,1
ACTCTTTCTGGATGTTGTAGTCGGA,1
CTCTTTCTGGATGTTGTAGTCGGAC,1
TCTTTCTGGATGTTGTAGTCGGACA,1
CTTTCTGGATGTTGTAGTCGGACAG,1
TTTCTGGATGTTGTAGTCGGACAGG,1
TTCTGGATGTTGTAGTCGGACAGGG,1
TCTGGATGTTGTAGTCGGACAGGGT,1
CTGGATGTTGTAGTCGGACAGGGTG,1
GTTTGCATAGATTCTTCATACCATA,1
TTTGCATAGATTCTTCATACCATAT,1
TTGCATAGATTCTTCATACCATATC,1
TGCATAGATTCTTCATACCATATCT,1
GCATAGATTCTTCATACCATATCTG,1
CATAGATTCTTCATACCATATCTGG,1
ATAGATTCTTCATACCATATCTGGA,1
TAGATTCTTCATACCATATCTGGAA,1
AGATTCTTCATACCATATCTGGAAG,1
GATTCTTCATACCATATCTGGAAGG,1
ATTCTTCATACCATATCTGGAAGGA,1
TTCTTCATACCATATCTGGAAGGAT,1
TCTTCATACCATATCTGGAAGGATG,1
CTTCATACCATATCTGGAAGGATGG,1
TTCATACCATATCTGGAAGGATGGT,1
TCATACCATATCTGGAAGGATGGTG,1
CATACCATATCTGGAAGGATGGTGG,1
ATACCATATCTGGAAGGATGGTGGA,1
TACCATATCTGGAAGGATGGTGGAA,1
ACCATATCTGGAAGGATGGTGGAAA,1
CCATATCTGGAAGGATGGTGGAAAC,1
CATATCTGGAAGGATGGTGGAAACC,1
ATATCTGGAAGGATGGTGGAAACCC,1
TATCTGGAAGGATGGTGGAAACCCC,1
ATCTGGAAGGATGGTGGAAACCCCC,1
TCTGGAAGGATGGTGGAAACCCCCA,1
CTGGAAGGATGGTGGAAACCCCCAA,1
TGGAAGGATGGTGGAAACCCCCAAG,1
GGAAGGATGGTGGAAACCCCCAAGG,1
GAAGGATGGTGGAAACCCCCAAGGC,1
AAGGATGGTGGAAACCCCCAAGGCA,1
AGGATGGTGGAAACCCCCAAGGCAC,1
GGATGGTGGAAACCCCCAAGGCACT,1
GATGGTGGAAACCCCCAAGGCACTA,1
ATGGTGGAAACCCCCAAGGCACTAG,1
TGGTGGAAACCCCCAAGGCACTAGA,1
GGTGGAAACCCCCAAGGCACTAGAG,1
GTGGAAACCCCCAAGGCACTAGAGA,1
TGGAAACCCCCAAGGCACTAGAGAA,1
GGAAACCCCCAAGGCACTAGAGAAC,1
GAAACCCCCAAGGCACTAGAGAACA,1
AAACCCCCAAGGCACTAGAGAACAT,1
AACCCCCAAGGCACTAGAGAACATG,1
ACCCCCAAGGCACTAGAGAACATGG,1
CCCCCAAGGCACTAGAGAACATGGA,1
CCCCAAGGCACTAGAGAACATGGAA,1
CCCAAGGCACTAGAGAACATGGAAA,1
CCAAGGCACTAGAGAACATGGAAAG,1
CAAGGCACTAGAGAACATGGAAAGA,1
AAGGCACTAGAGAACATGGAAAGAA,1
AGGCACTAGAGAACATGGAAAGAAG,1
GGCACTAGAGAACATGGAAAGAAGT,1
GCACTAGAGAACATGGAAAGAAGTC,1
CACTAGAGAACATGGAAAGAAGTCA,1
ACTAGAGAACATGGAAAGAAGTCAG,1
CTAGAGAACATGGAAAGAAGTCAGT,1
TAGAGAACATGGAAAGAAGTCAGTA,1
AGAGAACATGGAAAGAAGTCAGTAC,1
GAGAACATGGAAAGAAGTCAGTACT,1
AGAACATGGAAAGAAGTCAGTACTC,1
GAACATGGAAAGAAGTCAGTACTCG,1
AACATGGAAAGAAGTCAGTACTCGG,1
ACATGGAAAGAAGTCAGTACTCGGA,1
CATGGAAAGAAGTCAGTACTCGGAG,1
ATGGAAAGAAGTCAGTACTCGGAGT,1
TGGAAAGAAGTCAGTACTCGGAGTG,1
GGAAAGAAGTCAGTACTCGGAGTGA,1
GAAAGAAGTCAGTACTCGGAGTGAG,1
AAAGAAGTCAGTACTCGGAGTGAGG,1
AAGAAGTCAGTACTCGGAGTGAGGG,1
AGAAGTCAGTACTCGGAGTGAGGGC,1
GAAGTCAGTACTCGGAGTGAGGGCA,1
AAGTCAGTACTCGGAGTGAGGGCAG,1
AGTCAGTACTCGGAGTGAGGGCAGG,1
GTCAGTACTCGGAGTGAGGGCAGGG,1
TCAGTACTCGGAGTGAGGGCAGGGG,1
CTGGTACAAGCATATCCTTCATGGT,1
TGGTACAAGCATATCCTTCATGGTA,1
GGTACAAGCATATCCTTCATGGTAT,1
GTACAAGCATATCCTTCATGGTATA,1
TACAAGCATATCCTTCATGGTATAA,1
ACAAGCATATCCTTCATGGTATAAG,1
CAAGCATATCCTTCATGGTATAAGA,1
AAGCATATCCTTCATGGTATAAGAA,1
AGCATATCCTTCATGGTATAAGAAA,1
GCATATCCTTCATGGTATAAGAAAT,1
CATATCCTTCATGGTATAAGAAATC,1
ATATCCTTCATGGTATAAGAAATCC,1
TATCCTTCATGGTATAAGAAATCCT,1
ATCCTTCATGGTATAAGAAATCCTC,1
TCCTTCATGGTATAAGAAATCCTCC,1
CCTTCATGGTATAAGAAATCCTCCA,1
CTTCATGGTATAAGAAATCCTCCAG,1
TTCATGGTATAAGAAATCCTCCAGC,1
TCATGGTATAAGAAATCCTCCAGCG,1
CATGGTATAAGAAATCCTCCAGCGA,1
ATGGTATAAGAAATCCTCCAGCGAA,1
TGGTATAAGAAATCCTCCAGCGAAT,1
GGTATAAGAAATCCTCCAGCGAATC,1
GTATAAGAAATCCTCCAGCGAATCT,1
TATAAGAAATCCTCCAGCGAATCTG,1
ATAAGAAATCCTCCAGCGAATCTGC,1
TAAGAAATCCTCCAGCGAATCTGCC,1
AAGAAATCCTCCAGCGAATCTGCCC,1
AGAAATCCTCCAGCGAATCTGCCCC,1
GAAATCCTCCAGCGAATCTGCCCCC,1
AAATCCTCCAGCGAATCTGCCCCCT,1
AATCCTCCAGCGAATCTGCCCCCTT,1
ATCCTCCAGCGAATCTGCCCCCTTT,1
TCCTCCAGCGAATCTGCCCCCTTTT,1
CCTCCAGCGAATCTGCCCCCTTTTT,1
CTCCAGCGAATCTGCCCCCTTTTTG,1
TCCAGCGAATCTGCCCCCTTTTTGG,1
CCAGCGAATCTGCCCCCTTTTTGGT,1
CAGCGAATCTGCCCCCTTTTTGGTC,1
AGCGAATCTGCCCCCTTTTTGGTCT,1
GCGAATCTGCCCCCTTTTTGGTCTC,1
CGAATCTGCCCCCTTTTTGGTCTCC,1
GAATCTGCCCCCTTTTTGGTCTCCA,1
AATCTGCCCCCTTTTTGGTCTCCAC,1
ATCTGCCCCCTTTTTGGTCTCCACA,1
TCTGCCCCCTTTTTGGTCTCCACAA,1
CTGCCCCCTTTTTGGTCTCCACAAA,1
TGCCCCCTTTTTGGTCTCCACAAAC,1
GCCCCCTTTTTGGTCTCCACAAACA,1
CCCCCTTTTTGGTCTCCACAAACAC,1
CCCCTTTTTGGTCTCCACAAACACT,1
CCCTTTTTGGTCTCCACAAACACTA,1
CCTTTTTGGTCTCCACAAACACTAG,1
CTTTTTGGTCTCCACAAACACTAGA,1
TTTTTGGTCTCCACAAACACTAGAG,1
TTTTGGTCTCCACAAACACTAGAGT,1
TTTGGTCTCCACAAACACTAGAGTC,1
TTGGTCTCCACAAACACTAGAGTCA,1
TGGTCTCCACAAACACTAGAGTCAG,1
GGTCTCCACAAACACTAGAGTCAGG,1
GTCTCCACAAACACTAGAGTCAGGG,1
TCTCCACAAACACTAGAGTCAGGGA,1
CTCCACAAACACTAGAGTCAGGGAA,1
TCCACAAACACTAGAGTCAGGGAAT,1
CCACAAACACTAGAGTCAGGGAATC,1
CACAAACACTAGAGTCAGGGAATCC,1
ACAAACACTAGAGTCAGGGAATCCT,1
CAAACACTAGAGTCAGGGAATCCTT,1
AAACACTAGAGTCAGGGAATCCTTG,1
AACACTAGAGTCAGGGAATCCTTGC,1
ACACTAGAGTCAGGGAATCCTTGCC,1
CACTAGAGTCAGGGAATCCTTGCCT,1
ACTAGAGTCAGGGAATCCTTGCCTG,1
CTAGAGTCAGGGAATCCTTGCCTGT,1
TAGAGTCAGGGAATCCTTGCCTGTT,1
AGAGTCAGGGAATCCTTGCCTGTTG,1
TTTCCCAAATTTCTCTACGGCTTTT,1
TTCCCAAATTTCTCTACGGCTTTTT,1
TCCCAAATTTCTCTACGGCTTTTTC,1
CCCAAATTTCTCTACGGCTTTTTCT,1
CCAAATTTCTCTACGGCTTTTTCTT,1
CAAATTTCTCTACGGCTTTTTCTTC,1
AAATTTCTCTACGGCTTTTTCTTCA,1
AATTTCTCTACGGCTTTTTCTTCAG,1
ATTTCTCTACGGCTTTTTCTTCAGA,1
TTTCTCTACGGCTTTTTCTTCAGAG,1
TTCTCTACGGCTTTTTCTTCAGAGA,1
TCTCTACGGCTTTTTCTTCAGAGAG,1
CTCTACGGCTTTTTCTTCAGAGAGG,1
TCTACGGCTTTTTCTTCAGAGAGGC,1
CTACGGCTTTTTCTTCAGAGAGGCC,1
TACGGCTTTTTCTTCAGAGAGGCCA,1
ACGGCTTTTTCTTCAGAGAGGCCAC,1
CGGCTTTTTCTTCAGAGAGGCCACA,1
GGCTTTTTCTTCAGAGAGGCCACAA,1
GCTTTTTCTTCAGAGAGGCCACAAC,1
CTTTTTCTTCAGAGAGGCCACAACA,1
TTTTTCTTCAGAGAGGCCACAACAG,1
TTTTCTTCAGAGAGGCCACAACAGC,1
TTTCTTCAGAGAGGCCACAACAGCC,1
TTCTTCAGAGAGGCCACAACAGCCA,1
TCTTCAGAGAGGCCACAACAGCCAT,1
CTTCAGAGAGGCCACAACAGCCATA,1
TTCAGAGAGGCCACAACAGCCATAT,1
TCAGAGAGGCCACAACAGCCATATT,1
CAGAGAGGCCACAACAGCCATATTC,1
AGAGAGGCCACAACAGCCATATTCC,1
GAGAGGCCACAACAGCCATATTCCA,1
AGAGGCCACAACAGCCATATTCCAA,1
GAGGCCACAACAGCCATATTCCAAA,1
AGGCCACAACAGCCATATTCCAAAG,1
GGCCACAACAGCCATATTCCAAAGG,1
GCCACAACAGCCATATTCCAAAGGA,1
CCACAACAGCCATATTCCAAAGGAG,1
CACAACAGCCATATTCCAAAGGAGT,1
ACAACAGCCATATTCCAAAGGAGTA,1
CAACAGCCATATTCCAAAGGAGTAA,1
AACAGCCATATTCCAAAGGAGTAAA,1
ACAGCCATATTCCAAAGGAGTAAAT,1
CAGCCATATTCCAAAGGAGTAAATA,1
AGCCATATTCCAAAGGAGTAAATAC,1
GCCATATTCCAAAGGAGTAAATACA,1
CCATATTCCAAAGGAGTAAATACAG,1
CATATTCCAAAGGAGTAAATACAGT,1
ATATTCCAAAGGAGTAAATACAGTC,1
TATTCCAAAGGAGTAAATACAGTCG,1
ATTCCAAAGGAGTAAATACAGTCGT,1
TTCCAAAGGAGTAAATACAGTCGTT,1
TCCAAAGGAGTAAATACAGTCGTTG,1
CCAAAGGAGTAAATACAGTCGTTGG,1
CAAAGGAGTAAATACAGTCGTTGGG,1
AAAGGAGTAAATACAGTCGTTGGGA,1
AAGGAGTAAATACAGTCGTTGGGAC,1
AGGAGTAAATACAGTCGTTGGGACA,1
GGAGTAAATACAGTCGTTGGGACAT,1
GAGTAAATACAGTCGTTGGGACATT,1
AGTAAATACAGTCGTTGGGACATTG,1
GTAAATACAGTCGTTGGGACATTGT,1
TAAATACAGTCGTTGGGACATTGTC,1
AAATACAGTCGTTGGGACATTGTCA,1
AATACAGTCGTTGGGACATTGTCAT,1
ATACAGTCGTTGGGACATTGTCATA,1
TACAGTCGTTGGGACATTGTCATAG,1
ACAGTCGTTGGGACATTGTCATAGT,1
CAGTCGTTGGGACATTGTCATAGTC,1
AGTCGTTGGGACATTGTCATAGTCA,1
GTCGTTGGGACATTGTCATAGTCAC,1
TCGTTGGGACATTGTCATAGTCACA,1
CGTTGGGACATTGTCATAGTCACAT,1
GTTGGGACATTGTCATAGTCACATT,1
TTGGGACATTGTCATAGTCACATTT,1
TGGGACATTGTCATAGTCACATTTG,1
CTGGGAAAACTATAAATTCACTTTT,1
TGGGAAAACTATAAATTCACTTTTA,1
GGGAAAACTATAAATTCACTTTTAT,1
GGAAAACTATAAATTCACTTTTATA,1
GAAAACTATAAATTCACTTTTATAT,1
AAAACTATAAATTCACTTTTATATC,1
AAACTATAAATTCACTTTTATATCC,1
AACTATAAATTCACTTTTATATCCT,1
ACTATAAATTCACTTTTATATCCTC,1
CTATAAATTCACTTTTATATCCTCT,1
TATAAATTCACTTTTATATCCTCTT,1
ATAAATTCACTTTTATATCCTCTTC,1
TAAATTCACTTTTATATCCTCTTCC,1
AAATTCACTTTTATATCCTCTTCCC,1
AATTCACTTTTATATCCTCTTCCCC,1
ATTCACTTTTATATCCTCTTCCCCC,1
TTCACTTTTATATCCTCTTCCCCCT,1
TCACTTTTATATCCTCTTCCCCCTG,1
CACTTTTATATCCTCTTCCCCCTGT,1
ACTTTTATATCCTCTTCCCCCTGTA,1
CTTTTATATCCTCTTCCCCCTGTAC,1
TTTTATATCCTCTTCCCCCTGTACT,1
TTTATATCCTCTTCCCCCTGTACTA,1
TTATATCCTCTTCCCCCTGTACTAT,1
TATATCCTCTTCCCCCTGTACTATC,1
ATATCCTCTTCCCCCTGTACTATCA,1
TATCCTCTTCCCCCTGTACTATCAA,1
ATCCTCTTCCCCCTGTACTATCAAC,1
TCCTCTTCCCCCTGTACTATCAACA,1
CCTCTTCCCCCTGTACTATCAACAT,1
CTCTTCCCCCTGTACTATCAACATA,1
TCTTCCCCCTGTACTATCAACATAG,1
CTTCCCCCTGTACTATCAACATAGA,1
TTCCCCCTGTACTATCAACATAGAC,1
TCCCCCTGTACTATCAACATAGACT,1
CCCCCTGTACTATCAACATAGACTT,1
CCCCTGTACTATCAACATAGACTTA,1
CCCTGTACTATCAACATAGACTTAA,1
CCTGTACTATCAACATAGACTTAAT,1
CTGTACTATCAACATAGACTTAATT,1
TGTACTATCAACATAGACTTAATTC,1
GTACTATCAACATAGACTTAATTCC,1
TACTATCAACATAGACTTAATTCCC,1
ACTATCAACATAGACTTAATTCCCT,1
CTATCAACATAGACTTAATTCCCTT,1
TATCAACATAGACTTAATTCCCTTA,1
ATCAACATAGACTTAATTCCCTTAA,1
TCAACATAGACTTAATTCCCTTAAA,1
CAACATAGACTTAATTCCCTTAAAA,1
AACATAGACTTAATTCCCTTAAAAA,1
ACATAGACTTAATTCCCTTAAAAAC,1
CATAGACTTAATTCCCTTAAAAACC,1
ATAGACTTAATTCCCTTAAAAACCA,1
TAGACTTAATTCCCTTAAAAACCAG,1
AGACTTAATTCCCTTAAAAACCAGA,1
GACTTAATTCCCTTAAAAACCAGAG,1
ACTTAATTCCCTTAAAAACCAGAGA,1
CTTAATTCCCTTAAAAACCAGAGAC,1
TTAATTCCCTTAAAAACCAGAGACC,1
TAATTCCCTTAAAAACCAGAGACCT,1
AATTCCCTTAAAAACCAGAGACCTG,1
ATTCCCTTAAAAACCAGAGACCTGT,1
TTCCCTTAAAAACCAGAGACCTGTT,1
TCCCTTAAAAACCAGAGACCTGTTG,1
CCCTTAAAAACCAGAGACCTGTTGG,1
CCTTAAAAACCAGAGACCTGTTGGA,1
CTTAAAAACCAGAGACCTGTTGGAA,1
TTAAAAACCAGAGACCTGTTGGAAC,1
TAAAAACCAGAGACCTGTTGGAACC,1
AAAAACCAGAGACCTGTTGGAACCT,1
AAAACCAGAGACCTGTTGGAACCTG,1
AAACCAGAGACCTGTTGGAACCTGG,1
AACCAGAGACCTGTTGGAACCTGGC,1
ACCAGAGACCTGTTGGAACCTGGCC,1
CCAGAGACCTGTTGGAACCTGGCCC,1
CAGAGACCTGTTGGAACCTGGCCCC,1
CTCAGATGTAAAAATAATTTCATCA,1
TCAGATGTAAAAATAATTTCATCAA,1
CAGATGTAAAAATAATTTCATCAAG,1
AGATGTAAAAATAATTTCATCAAGA,1
GATGTAAAAATAATTTCATCAAGAA,1
ATGTAAAAATAATTTCATCAAGAAA,1
TGTAAAAATAATTTCATCAAGAAAA,1
GTAAAAATAATTTCATCAAGAAAAC,1
TAAAAATAATTTCATCAAGAAAACA,1
AAAAATAATTTCATCAAGAAAACAA,1
AAAATAATTTCATCAAGAAAACAAA,1
AAATAATTTCATCAAGAAAACAAAT,1
AATAATTTCATCAAGAAAACAAATG,1
ATAATTTCATCAAGAAAACAAATGT,1
TAATTTCATCAAGAAAACAAATGTT,1
AATTTCATCAAGAAAACAAATGTTT,1
ATTTCATCAAGAAAACAAATGTTTT,1
TTTCATCAAGAAAACAAATGTTTTT,1
TTCATCAAGAAAACAAATGTTTTTC,1
TCATCAAGAAAACAAATGTTTTTCT,1
CATCAAGAAAACAAATGTTTTTCTG,1
ATCAAGAAAACAAATGTTTTTCTGC,1
TCAAGAAAACAAATGTTTTTCTGCC,1
CAAGAAAACAAATGTTTTTCTGCCA,1
AAGAAAACAAATGTTTTTCTGCCAA,1
AGAAAACAAATGTTTTTCTGCCAAA,1
GAAAACAAATGTTTTTCTGCCAAAG,1
AAAACAAATGTTTTTCTGCCAAAGT,1
AAACAAATGTTTTTCTGCCAAAGTG,1
AACAAATGTTTTTCTGCCAAAGTGA,1
ACAAATGTTTTTCTGCCAAAGTGAT,1
CAAATGTTTTTCTGCCAAAGTGATA,1
AAATGTTTTTCTGCCAAAGTGATAG,1
AATGTTTTTCTGCCAAAGTGATAGG,1
ATGTTTTTCTGCCAAAGTGATAGGA,1
TGTTTTTCTGCCAAAGTGATAGGAT,1
GTTTTTCTGCCAAAGTGATAGGATT,1
TTTTTCTGCCAAAGTGATAGGATTT,1
TTTTCTGCCAAAGTGATAGGATTTC,1
TTTCTGCCAAAGTGATAGGATTTCA,1
TTCTGCCAAAGTGATAGGATTTCAT,1
TCTGCCAAAGTGATAGGATTTCATG,1
CTGCCAAAGTGATAGGATTTCATGT,1
TGCCAAAGTGATAGGATTTCATGTT,1
GCCAAAGTGATAGGATTTCATGTTT,1
CCAAAGTGATAGGATTTCATGTTTC,1
CAAAGTGATAGGATTTCATGTTTCA,1
AAAGTGATAGGATTTCATGTTTCAA,1
AAGTGATAGGATTTCATGTTTCAAT,1
AGTGATAGGATTTCATGTTTCAATC,1
GTGATAGGATTTCATGTTTCAATCT,1
TGATAGGATTTCATGTTTCAATCTT,1
GATAGGATTTCATGTTTCAATCTTA,1
ATAGGATTTCATGTTTCAATCTTAT,1
TAGGATTTCATGTTTCAATCTTATC,1
AGGATTTCATGTTTCAATCTTATCT,1
GGATTTCATGTTTCAATCTTATCTT,1
GATTTCATGTTTCAATCTTATCTTA,1
ATTTCATGTTTCAATCTTATCTTAA,1
TTTCATGTTTCAATCTTATCTTAAA,1
TTCATGTTTCAATCTTATCTTAAAA,1
TCATGTTTCAATCTTATCTTAAAAA,1
CATGTTTCAATCTTATCTTAAAAAA,1
ATGTTTCAATCTTATCTTAAAAAAA,1
TGTTTCAATCTTATCTTAAAAAAAA,1
GTTTCAATCTTATCTTAAAAAAAAA,1
TTTCAATCTTATCTTAAAAAAAAAA,1
TTCAATCTTATCTTAAAAAAAAAAA,1
TCAATCTTATCTTAAAAAAAAAAAA,1
CAATCTTATCTTAAAAAAAAAAAAA,1
AATCTTATCTTAAAAAAAAAAAAAA,1
ATCTTATCTTAAAAAAAAAAAAAAA,1
TCTTATCTTAAAAAAAAAAAAAAAA,1
CTTATCTTAAAAAAAAAAAAAAAAA,1
TTATCTTAAAAAAAAAAAAAAAAAA,1
TATCTTAAAAAAAAAAAAAAAAAAA,1
CGCCACACACAAAAAAAATGGTCCA,1
GCCACACACAAAAAAAATGGTCCAC,1
CCACACACAAAAAAAATGGTCCACA,1
CACACACAAAAAAAATGGTCCACAA,1
ACACACAAAAAAAATGGTCCACAAC,1
CACACAAAAAAAATGGTCCACAACA,1
ACACAAAAAAAATGGTCCACAACAT,1
CACAAAAAAAATGGTCCACAACATT,1
ACAAAAAAAATGGTCCACAACATTC,1
CAAAAAAAATGGTCCACAACATTCT,1
AAAAAAAATGGTCCACAACATTCTT,1
AAAAAAATGGTCCACAACATTCTTT,1
AAAAAATGGTCCACAACATTCTTTC,1
AAAAATGGTCCACAACATTCTTTCC,1
AAAATGGTCCACAACATTCTTTCCT,1
AAATGGTCCACAACATTCTTTCCTT,1
AATGGTCCACAACATTCTTTCCTTC,1
ATGGTCCACAACATTCTTTCCTTCT,1
TGGTCCACAACATTCTTTCCTTCTG,1
GGTCCACAACATTCTTTCCTTCTGA,1
GTCCACAACATTCTTTCCTTCTGAA,1
TCCACAACATTCTTTCCTTCTGAAG,1
CCACAACATTCTTTCCTTCTGAAGG,1
CACAACATTCTTTCCTTCTGAAGGT,1
ACAACATTCTTTCCTTCTGAAGGTT,1
CAACATTCTTTCCTTCTGAAGGTTT,1
AACATTCTTTCCTTCTGAAGGTTTT,1
ACATTCTTTCCTTCTGAAGGTTTTA,1
CATTCTTTCCTTCTGAAGGTTTTAC,1
ATTCTTTCCTTCTGAAGGTTTTACG,1
TTCTTTCCTTCTGAAGGTTTTACGA,1
TCTTTCCTTCTGAAGGTTTTACGAT,1
CTTTCCTTCTGAAGGTTTTACGATG,1
TTTCCTTCTGAAGGTTTTACGATGC,1
TTCCTTCTGAAGGTTTTACGATGCA,1
TCCTTCTGAAGGTTTTACGATGCAT,1
CCTTCTGAAGGTTTTACGATGCATT,1
CTTCTGAAGGTTTTACGATGCATTG,1
TTCTGAAGGTTTTACGATGCATTGT,1
TCTGAAGGTTTTACGATGCATTGTT,1
CTGAAGGTTTTACGATGCATTGTTA,1
TGAAGGTTTTACGATGCATTGTTAT,1
GAAGGTTTTACGATGCATTGTTATC,1
AAGGTTTTACGATGCATTGTTATCA,1
AGGTTTTACGATGCATTGTTATCAT,1
GGTTTTACGATGCATTGTTATCATT,1
GTTTTACGATGCATTGTTATCATTA,1
TTTTACGATGCATTGTTATCATTAA,1
TTTACGATGCATTGTTATCATTAAC,1
TTACGATGCATTGTTATCATTAACC,1
TACGATGCATTGTTATCATTAACCA,1
ACGATGCATTGTTATCATTAACCAG,1
CGATGCATTGTTATCATTAACCAGT,1
GATGCATTGTTATCATTAACCAGTC,1
ATGCATTGTTATCATTAACCAGTCT,1
TGCATTGTTATCATTAACCAGTCTT,1
GCATTGTTATCATTAACCAGTCTTT,1
CATTGTTATCATTAACCAGTCTTTT,1
ATTGTTATCATTAACCAGTCTTTTA,1
TTGTTATCATTAACCAGTCTTTTAC,1
TGTTATCATTAACCAGTCTTTTACT,1
GTTATCATTAACCAGTCTTTTACTA,1
TTATCATTAACCAGTCTTTTACTAT,1
TATCATTAACCAGTCTTTTACTATT,1
ATCATTAACCAGTCTTTTACTATTA,1
TCATTAACCAGTCTTTTACTATTAA,1
CATTAACCAGTCTTTTACTATTAAA,1
ATTAACCAGTCTTTTACTATTAAAC,1
TTAACCAGTCTTTTACTATTAAACT,1
TAACCAGTCTTTTACTATTAAACTT,1
AACCAGTCTTTTACTATTAAACTTA,1
ACCAGTCTTTTACTATTAAACTTAA,1
CCAGTCTTTTACTATTAAACTTAAA,1
CAGTCTTTTACTATTAAACTTAAAT,1
AGTCTTTTACTATTAAACTTAAATG,1
GTCTTTTACTATTAAACTTAAATGG,1
TCCTTGTTTACTGAGGGCAAGTAGC,1
CCTTGTTTACTGAGGGCAAGTAGCT,1
CTTGTTTACTGAGGGCAAGTAGCTT,1
TTGTTTACTGAGGGCAAGTAGCTTC,1
TGTTTACTGAGGGCAAGTAGCTTCA,1
GTTTACTGAGGGCAAGTAGCTTCAC,1
TTTACTGAGGGCAAGTAGCTTCACA,1
TTACTGAGGGCAAGTAGCTTCACAG,1
TACTGAGGGCAAGTAGCTTCACAGC,1
ACTGAGGGCAAGTAGCTTCACAGCC,1
CTGAGGGCAAGTAGCTTCACAGCCG,1
TGAGGGCAAGTAGCTTCACAGCCGG,1
GAGGGCAAGTAGCTTCACAGCCGGT,1
AGGGCAAGTAGCTTCACAGCCGGTG,1
GGGCAAGTAGCTTCACAGCCGGTGC,1
GGCAAGTAGCTTCACAGCCGGTGCA,1
GCAAGTAGCTTCACAGCCGGTGCAC,1
CAAGTAGCTTCACAGCCGGTGCACA,1
AAGTAGCTTCACAGCCGGTGCACAC,1
AGTAGCTTCACAGCCGGTGCACACA,1
GTAGCTTCACAGCCGGTGCACACAG,1
TAGCTTCACAGCCGGTGCACACAGA,1
AGCTTCACAGCCGGTGCACACAGAC,1
GCTTCACAGCCGGTGCACACAGACC,1
CTTCACAGCCGGTGCACACAGACCC,1
TTCACAGCCGGTGCACACAGACCCA,1
TCACAGCCGGTGCACACAGACCCAC,1
CACAGCCGGTGCACACAGACCCACC,1
ACAGCCGGTGCACACAGACCCACCT,1
CAGCCGGTGCACACAGACCCACCTC,1
AGCCGGTGCACACAGACCCACCTCA,1
GCCGGTGCACACAGACCCACCTCAC,1
CCGGTGCACACAGACCCACCTCACG,1
CGGTGCACACAGACCCACCTCACGC,1
GGTGCACACAGACCCACCTCACGCC,1
GTGCACACAGACCCACCTCACGCCC,1
TGCACACAGACCCACCTCACGCCCA,1
GCACACAGACCCACCTCACGCCCAT,1
CACACAGACCCACCTCACGCCCATC,1
ACACAGACCCACCTCACGCCCATCA,1
CACAGACCCACCTCACGCCCATCAT,1
ACAGACCCACCTCACGCCCATCATC,1
CAGACCCACCTCACGCCCATCATCC,1
AGACCCACCTCACGCCCATCATCCA,1
GACCCACCTCACGCCCATCATCCAC,1
ACCCACCTCACGCCCATCATCCACT,1
CCCACCTCACGCCCATCATCCACTC,1
CCACCTCACGCCCATCATCCACTCC,1
CACCTCACGCCCATCATCCACTCCA,1
ACCTCACGCCCATCATCCACTCCAT,1
CCTCACGCCCATCATCCACTCCATT,1
CTCACGCCCATCATCCACTCCATTC,1
TCACGCCCATCATCCACTCCATTCC,1
CACGCCCATCATCCACTCCATTCCT,1
ACGCCCATCATCCACTCCATTCCTG,1
CGCCCATCATCCACTCCATTCCTGC,1
GCCCATCATCCACTCCATTCCTGCA,1
CCCATCATCCACTCCATTCCTGCAA,1
CCATCATCCACTCCATTCCTGCAAT,1
CATCATCCACTCCATTCCTGCAATA,1
ATCATCCACTCCATTCCTGCAATAA,1
TCATCCACTCCATTCCTGCAATAAT,1
CATCCACTCCATTCCTGCAATAATT,1
ATCCACTCCATTCCTGCAATAATTT,1
TCCACTCCATTCCTGCAATAATTTC,1
CCACTCCATTCCTGCAATAATTTCC,1
CACTCCATTCCTGCAATAATTTCCG,1
ACTCCATTCCTGCAATAATTTCCGA,1
CTCCATTCCTGCAATAATTTCCGAC,1
TCCATTCCTGCAATAATTTCCGACC,1
CCATTCCTGCAATAATTTCCGACCA,1
CATTCCTGCAATAATTTCCGACCAC,1
ATTCCTGCAATAATTTCCGACCACG,1
TTCCTGCAATAATTTCCGACCACGA,1
TCCTGCAATAATTTCCGACCACGAG,1
CCTGCAATAATTTCCGACCACGAGG,1
CCTTGGTTTGCTGGGGTACAGTGGA,1
CTTGGTTTGCTGGGGTACAGTGGAT,1
TTGGTTTGCTGGGGTACAGTGGATG,1
TGGTTTGCTGGGGTACAGTGGATGT,1
GGTTTGCTGGGGTACAGTGGATGTG,1
GTTTGCTGGGGTACAGTGGATGTGA,1
TTTGCTGGGGTACAGTGGATGTGAA,1
TTGCTGGGGTACAGTGGATGTGAAT,1
TGCTGGGGTACAGTGGATGTGAATA,1
GCTGGGGTACAGTGGATGTGAATAC,1
CTGGGGTACAGTGGATGTGAATACT,1
TGGGGTACAGTGGATGTGAATACTG,1
GGGGTACAGTGGATGTGAATACTGT,1
GGGTACAGTGGATGTGAATACTGTA,1
GGTACAGTGGATGTGAATACTGTAA,1
GTACAGTGGATGTGAATACTGTAAA,1
TACAGTGGATGTGAATACTGTAAAT,1
ACAGTGGATGTGAATACTGTAAATA,1
CAGTGGATGTGAATACTGTAAATAG,1
AGTGGATGTGAATACTGTAAATAGC,1
GTGGATGTGAATACTGTAAATAGCT,1
TGGATGTGAATACTGTAAATAGCTT,1
GGATGTGAATACTGTAAATAGCTTG,1
GATGTGAATACTGTAAATAGCTTGT,1
ATGTGAATACTGTAAATAGCTTGTG,1
TGTGAATACTGTAAATAGCTTGTGC,1
GTGAATACTGTAAATAGCTTGTGCT,1
TGAATACTGTAAATAGCTTGTGCTA,1
GAATACTGTAAATAGCTTGTGCTAT,1
AATACTGTAAATAGCTTGTGCTATG,1
ATACTGTAAATAGCTTGTGCTATGT,1
TACTGTAAATAGCTTGTGCTATGTG,1
ACTGTAAATAGCTTGTGCTATGTGG,1
CTGTAAATAGCTTGTGCTATGTGGA,1
TGTAAATAGCTTGTGCTATGTGGAA,1
GTAAATAGCTTGTGCTATGTGGAAG,1
TAAATAGCTTGTGCTATGTGGAAGA,1
AAATAGCTTGTGCTATGTGGAAGAG,1
AATAGCTTGTGCTATGTGGAAGAGG,1
ATAGCTTGTGCTATGTGGAAGAGGC,1
TAGCTTGTGCTATGTGGAAGAGGCG,1
AGCTTGTGCTATGTGGAAGAGGCGG,1
GCTTGTGCTATGTGGAAGAGGCGGG,1
CTTGTGCTATGTGGAAGAGGCGGGT,1
TTGTGCTATGTGGAAGAGGCGGGTA,1
TGTGCTATGTGGAAGAGGCGGGTAG,1
GTGCTATGTGGAAGAGGCGGGTAGG,1
TGCTATGTGGAAGAGGCGGGTAGGG,1
GCTATGTGGAAGAGGCGGGTAGGGG,1
CTATGTGGAAGAGGCGGGTAGGGGA,1
TATGTGGAAGAGGCGGGTAGGGGAC,1
ATGTGGAAGAGGCGGGTAGGGGACA,1
TGTGGAAGAGGCGGGTAGGGGACAG,1
GTGGAAGAGGCGGGTAGGGGACAGG,1
TGGAAGAGGCGGGTAGGGGACAGGA,1
GGAAGAGGCGGGTAGGGGACAGGAG,1
GAAGAGGCGGGTAGGGGACAGGAGG,1
AAGAGGCGGGTAGGGGACAGGAGGC,1
AGAGGCGGGTAGGGGACAGGAGGCA,1
GAGGCGGGTAGGGGACAGGAGGCAG,1
AGGCGGGTAGGGGACAGGAGGCAGA,1
GGCGGGTAGGGGACAGGAGGCAGAA,1
GCGGGTAGGGGACAGGAGGCAGAAC,1
CGGGTAGGGGACAGGAGGCAGAACC,1
GGGTAGGGGACAGGAGGCAGAACCC,1
GGTAGGGGACAGGAGGCAGAACCCC,1
GTAGGGGACAGGAGGCAGAACCCCC,1
TAGGGGACAGGAGGCAGAACCCCCC,1
AGGGGACAGGAGGCAGAACCCCCCT,1
GGGGACAGGAGGCAGAACCCCCCTC,1
GGGACAGGAGGCAGAACCCCCCTCC,1
GGACAGGAGGCAGAACCCCCCTCCC,1
GACAGGAGGCAGAACCCCCCTCCCA,1
ACAGGAGGCAGAACCCCCCTCCCAA,1
CAGGAGGCAGAACCCCCCTCCCAAG,1
AGGAGGCAGAACCCCCCTCCCAAGT,1
CACAGAAGCCCCCCAGAAGAAGAAA,1
ACAGAAGCCCCCCAGAAGAAGAAAG,1
CAGAAGCCCCCCAGAAGAAGAAAGG,1
AGAAGCCCCCCAGAAGAAGAAAGGA,1
GAAGCCCCCCAGAAGAAGAAAGGAT,1
AAGCCCCCCAGAAGAAGAAAGGATG,1
AGCCCCCCAGAAGAAGAAAGGATGC,1
GCCCCCCAGAAGAAGAAAGGATGCT,1
CCCCCCAGAAGAAGAAAGGATGCTT,1
CCCCCAGAAGAAGAAAGGATGCTTC,1
CCCCAGAAGAAGAAAGGATGCTTCA,1
CCCAGAAGAAGAAAGGATGCTTCAG,1
CCAGAAGAAGAAAGGATGCTTCAGG,1
CAGAAGAAGAAAGGATGCTTCAGGA,1
AGAAGAAGAAAGGATGCTTCAGGAG,1
GAAGAAGAAAGGATGCTTCAGGAGA,1
AAGAAGAAAGGATGCTTCAGGAGAG,1
AGAAGAAAGGATGCTTCAGGAGAGC,1
GAAGAAAGGATGCTTCAGGAGAGCA,1
AAGAAAGGATGCTTCAGGAGAGCAT,1
AGAAAGGATGCTTCAGGAGAGCATA,1
GAAAGGATGCTTCAGGAGAGCATAT,1
AAAGGATGCTTCAGGAGAGCATATG,1
AAGGATGCTTCAGGAGAGCATATGA,1
AGGATGCTTCAGGAGAGCATATGAC,1
GGATGCTTCAGGAGAGCATATGACC,1
GATGCTTCAGGAGAGCATATGACCT,1
ATGCTTCAGGAGAGCATATGACCTG,1
TGCTTCAGGAGAGCATATGACCTGT,1
GCTTCAGGAGAGCATATGACCTGTT,1
CTTCAGGAGAGCATATGACCTGTTC,1
TTCAGGAGAGCATATGACCTGTTCT,1
TCAGGAGAGCATATGACCTGTTCTG,1
CAGGAGAGCATATGACCTGTTCTGT,1
AGGAGAGCATATGACCTGTTCTGTG,1
GGAGAGCATATGACCTGTTCTGTGG,1
GAGAGCATATGACCTGTTCTGTGGG,1
AGAGCATATGACCTGTTCTGTGGGC,1
GAGCATATGACCTGTTCTGTGGGCT,1
AGCATATGACCTGTTCTGTGGGCTG,1
GCATATGACCTGTTCTGTGGGCTGG,1
CATATGACCTGTTCTGTGGGCTGGA,1
ATATGACCTGTTCTGTGGGCTGGAC,1
TATGACCTGTTCTGTGGGCTGGACC,1
ATGACCTGTTCTGTGGGCTGGACCA,1
TGACCTGTTCTGTGGGCTGGACCAG,1
GACCTGTTCTGTGGGCTGGACCAGG,1
ACCTGTTCTGTGGGCTGGACCAGGA,1
CCTGTTCTGTGGGCTGGACCAGGAT,1
CTGTTCTGTGGGCTGGACCAGGATA,1
TGTTCTGTGGGCTGGACCAGGATAA,1
GTTCTGTGGGCTGGACCAGGATAAA,1
TTCTGTGGGCTGGACCAGGATAAAG,1
TCTGTGGGCTGGACCAGGATAAAGG,1
CTGTGGGCTGGACCAGGATAAAGGA,1
TGTGGGCTGGACCAGGATAAAGGAC,1
GTGGGCTGGACCAGGATAAAGGACC,1
TGGGCTGGACCAGGATAAAGGACCA,1
GGGCTGGACCAGGATAAAGGACCAA,1
GGCTGGACCAGGATAAAGGACCAAA,1
GCTGGACCAGGATAAAGGACCAAAG,1
CTGGACCAGGATAAAGGACCAAAGA,1
TGGACCAGGATAAAGGACCAAAGAT,1
GGACCAGGATAAAGGACCAAAGATG,1
GACCAGGATAAAGGACCAAAGATGA,1
ACCAGGATAAAGGACCAAAGATGAC,1
CCAGGATAAAGGACCAAAGATGACT,1
CAGGATAAAGGACCAAAGATGACTA,1
AGGATAAAGGACCAAAGATGACTAA,1
GGATAAAGGACCAAAGATGACTAAG,1
GATAAAGGACCAAAGATGACTAAGG,1
ATAAAGGACCAAAGATGACTAAGGA,1
TAAAGGACCAAAGATGACTAAGGAG,1
AAAGGACCAAAGATGACTAAGGAGG,1
AAGGACCAAAGATGACTAAGGAGGA,1
AGGACCAAAGATGACTAAGGAGGAG,1
TAGACTCTTTCCTTGTACCCCTCCC,1
AGACTCTTTCCTTGTACCCCTCCCA,1
GACTCTTTCCTTGTACCCCTCCCAT,1
ACTCTTTCCTTGTACCCCTCCCATA,1
CTCTTTCCTTGTACCCCTCCCATAC,1
TCTTTCCTTGTACCCCTCCCATACC,1
CTTTCCTTGTACCCCTCCCATACCC,1
TTTCCTTGTACCCCTCCCATACCCA,1
TTCCTTGTACCCCTCCCATACCCAT,1
TCCTTGTACCCCTCCCATACCCATT,1
CCTTGTACCCCTCCCATACCCATTT,1
CTTGTACCCCTCCCATACCCATTTC,1
TTGTACCCCTCCCATACCCATTTCT,1
TGTACCCCTCCCATACCCATTTCTT,1
GTACCCCTCCCATACCCATTTCTTG,1
TACCCCTCCCATACCCATTTCTTGA,1
ACCCCTCCCATACCCATTTCTTGAA,1
CCCCTCCCATACCCATTTCTTGAAA,1
CCCTCCCATACCCATTTCTTGAAAA,1
CCTCCCATACCCATTTCTTGAAAAT,1
CTCCCATACCCATTTCTTGAAAATA,1
TCCCATACCCATTTCTTGAAAATAG,1
CCCATACCCATTTCTTGAAAATAGA,1
CCATACCCATTTCTTGAAAATAGAC,1
CATACCCATTTCTTGAAAATAGACA,1
ATACCCATTTCTTGAAAATAGACAT,1
TACCCATTTCTTGAAAATAGACATT,1
ACCCATTTCTTGAAAATAGACATTG,1
CCCATTTCTTGAAAATAGACATTGT,1
CCATTTCTTGAAAATAGACATTGTT,1
CATTTCTTGAAAATAGACATTGTTT,1
ATTTCTTGAAAATAGACATTGTTTA,1
TTTCTTGAAAATAGACATTGTTTAG,1
TTCTTGAAAATAGACATTGTTTAGA,1
TCTTGAAAATAGACATTGTTTAGAT,1
CTTGAAAATAGACATTGTTTAGATC,1
TTGAAAATAGACATTGTTTAGATCT,1
TGAAAATAGACATTGTTTAGATCTA,1
GAAAATAGACATTGTTTAGATCTAA,1
AAAATAGACATTGTTTAGATCTAAT,1
AAATAGACATTGTTTAGATCTAATA,1
AATAGACATTGTTTAGATCTAATAA,1
ATAGACATTGTTTAGATCTAATAAG,1
TAGACATTGTTTAGATCTAATAAGT,1
AGACATTGTTTAGATCTAATAAGTC,1
GACATTGTTTAGATCTAATAAGTCC,1
ACATTGTTTAGATCTAATAAGTCCC,1
CATTGTTTAGATCTAATAAGTCCCA,1
ATTGTTTAGATCTAATAAGTCCCAC,1
TTGTTTAGATCTAATAAGTCCCACC,1
TGTTTAGATCTAATAAGTCCCACCT,1
GTTTAGATCTAATAAGTCCCACCTC,1
TTTAGATCTAATAAGTCCCACCTCA,1
TTAGATCTAATAAGTCCCACCTCAG,1
TAGATCTAATAAGTCCCACCTCAGT,1
AGATCTAATAAGTCCCACCTCAGTT,1
GATCTAATAAGTCCCACCTCAGTTT,1
ATCTAATAAGTCCCACCTCAGTTTC,1
TCTAATAAGTCCCACCTCAGTTTCA,1
CTAATAAGTCCCACCTCAGTTTCAG,1
TAATAAGTCCCACCTCAGTTTCAGG,1
AATAAGTCCCACCTCAGTTTCAGGT,1
ATAAGTCCCACCTCAGTTTCAGGTT,1
TAAGTCCCACCTCAGTTTCAGGTTC,1
AAGTCCCACCTCAGTTTCAGGTTCC,1
AGTCCCACCTCAGTTTCAGGTTCCC,1
GTCCCACCTCAGTTTCAGGTTCCCC,1
TCCCACCTCAGTTTCAGGTTCCCCG,1
CCCACCTCAGTTTCAGGTTCCCCGA,1
CCACCTCAGTTTCAGGTTCCCCGAA,1
CACCTCAGTTTCAGGTTCCCCGAAT,1
ACCTCAGTTTCAGGTTCCCCGAATA,1
CCTCAGTTTCAGGTTCCCCGAATAA,1
CTCAGTTTCAGGTTCCCCGAATAAC,1
TCAGTTTCAGGTTCCCCGAATAACT,1
CAGTTTCAGGTTCCCCGAATAACTG,1
CCCCATTCAGCTTGGCTGGTGTCGT,1
CCCATTCAGCTTGGCTGGTGTCGTT,1
CCATTCAGCTTGGCTGGTGTCGTTT,1
CATTCAGCTTGGCTGGTGTCGTTTC,1
ATTCAGCTTGGCTGGTGTCGTTTCA,1
TTCAGCTTGGCTGGTGTCGTTTCAC,1
TCAGCTTGGCTGGTGTCGTTTCACA,1
CAGCTTGGCTGGTGTCGTTTCACAT,1
AGCTTGGCTGGTGTCGTTTCACATG,1
GCTTGGCTGGTGTCGTTTCACATGA,1
CTTGGCTGGTGTCGTTTCACATGAC,1
TTGGCTGGTGTCGTTTCACATGACC,1
TGGCTGGTGTCGTTTCACATGACCC,1
GGCTGGTGTCGTTTCACATGACCCA,1
GCTGGTGTCGTTTCACATGACCCAG,1
CTGGTGTCGTTTCACATGACCCAGG,1
TGGTGTCGTTTCACATGACCCAGGC,1
GGTGTCGTTTCACATGACCCAGGCT,1
GTGTCGTTTCACATGACCCAGGCTG,1
TGTCGTTTCACATGACCCAGGCTGG,1
GTCGTTTCACATGACCCAGGCTGGC,1
TCGTTTCACATGACCCAGGCTGGCC,1
CGTTTCACATGACCCAGGCTGGCCA,1
GTTTCACATGACCCAGGCTGGCCAG,1
TTTCACATGACCCAGGCTGGCCAGT,1
TTCACATGACCCAGGCTGGCCAGTC,1
TCACATGACCCAGGCTGGCCAGTCG,1
CACATGACCCAGGCTGGCCAGTCGT,1
ACATGACCCAGGCTGGCCAGTCGTC,1
CATGACCCAGGCTGGCCAGTCGTCA,1
ATGACCCAGGCTGGCCAGTCGTCAG,1
TGACCCAGGCTGGCCAGTCGTCAGG,1
GACCCAGGCTGGCCAGTCGTCAGGT,1
ACCCAGGCTGGCCAGTCGTCAGGTT,1
CCCAGGCTGGCCAGTCGTCAGGTTG,1
CCAGGCTGGCCAGTCGTCAGGTTGC,1
CAGGCTGGCCAGTCGTCAGGTTGCA,1
AGGCTGGCCAGTCGTCAGGTTGCAC,1
GGCTGGCCAGTCGTCAGGTTGCACC,1
GCTGGCCAGTCGTCAGGTTGCACCG,1
CTGGCCAGTCGTCAGGTTGCACCGC,1
TGGCCAGTCGTCAGGTTGCACCGCC,1
GGCCAGTCGTCAGGTTGCACCGCCC,1
GCCAGTCGTCAGGTTGCACCGCCCT,1
CCAGTCGTCAGGTTGCACCGCCCTT,1
CAGTCGTCAGGTTGCACCGCCCTTT,1
AGTCGTCAGGTTGCACCGCCCTTTG,1
GTCGTCAGGTTGCACCGCCCTTTGG,1
TCGTCAGGTTGCACCGCCCTTTGGT,1
CGTCAGGTTGCACCGCCCTTTGGTT,1
GTCAGGTTGCACCGCCCTTTGGTTC,1
TCAGGTTGCACCGCCCTTTGGTTCC,1
CAGGTTGCACCGCCCTTTGGTTCCC,1
AGGTTGCACCGCCCTTTGGTTCCCG,1
GGTTGCACCGCCCTTTGGTTCCCGA,1
GTTGCACCGCCCTTTGGTTCCCGAG,1
TTGCACCGCCCTTTGGTTCCCGAGC,1
TGCACCGCCCTTTGGTTCCCGAGCA,1
GCACCGCCCTTTGGTTCCCGAGCAT,1
CACCGCCCTTTGGTTCCCGAGCATG,1
ACCGCCCTTTGGTTCCCGAGCATGC,1
CCGCCCTTTGGTTCCCGAGCATGCT,1
CGCCCTTTGGTTCCCGAGCATGCTG,1
GCCCTTTGGTTCCCGAGCATGCTGT,1
CCCTTTGGTTCCCGAGCATGCTGTT,1
CCTTTGGTTCCCGAGCATGCTGTTT,1
CTTTGGTTCCCGAGCATGCTGTTTT,1
TTTGGTTCCCGAGCATGCTGTTTTC,1
TTGGTTCCCGAGCATGCTGTTTTCT,1
TGGTTCCCGAGCATGCTGTTTTCTC,1
GGTTCCCGAGCATGCTGTTTTCTCT,1
GTTCCCGAGCATGCTGTTTTCTCTC,1
TTCCCGAGCATGCTGTTTTCTCTCA,1
TCCCGAGCATGCTGTTTTCTCTCAG,1
CCCGAGCATGCTGTTTTCTCTCAGC,1
CCGAGCATGCTGTTTTCTCTCAGCC,1
CTAAGGGAGAGGCCACCAGTCCAGG,1
TAAGGGAGAGGCCACCAGTCCAGGG,1
AAGGGAGAGGCCACCAGTCCAGGGT,1
AGGGAGAGGCCACCAGTCCAGGGTG,1
GGGAGAGGCCACCAGTCCAGGGTGA,1
GGAGAGGCCACCAGTCCAGGGTGAC,1
GAGAGGCCACCAGTCCAGGGTGACT,1
AGAGGCCACCAGTCCAGGGTGACTG,1
GAGGCCACCAGTCCAGGGTGACTGA,1
AGGCCACCAGTCCAGGGTGACTGAT,1
GGCCACCAGTCCAGGGTGACTGATG,1
GCCACCAGTCCAGGGTGACTGATGC,1
CCACCAGTCCAGGGTGACTGATGCA,1
CACCAGTCCAGGGTGACTGATGCAC,1
ACCAGTCCAGGGTGACTGATGCACA,1
CCAGTCCAGGGTGACTGATGCACAG,1
CAGTCCAGGGTGACTGATGCACAGA,1
AGTCCAGGGTGACTGATGCACAGAT,1
GTCCAGGGTGACTGATGCACAGATT,1
TCCAGGGTGACTGATGCACAGATTG,1
CCAGGGTGACTGATGCACAGATTGC,1
CAGGGTGACTGATGCACAGATTGCT,1
AGGGTGACTGATGCACAGATTGCTT,1
GGGTGACTGATGCACAGATTGCTTA,1
GGTGACTGATGCACAGATTGCTTAG,1
GTGACTGATGCACAGATTGCTTAGC,1
TGACTGATGCACAGATTGCTTAGCA,1
GACTGATGCACAGATTGCTTAGCAG,1
ACTGATGCACAGATTGCTTAGCAGG,1
CTGATGCACAGATTGCTTAGCAGGA,1
TGATGCACAGATTGCTTAGCAGGAC,1
GATGCACAGATTGCTTAGCAGGACA,1
ATGCACAGATTGCTTAGCAGGACAC,1
TGCACAGATTGCTTAGCAGGACACC,1
GCACAGATTGCTTAGCAGGACACCT,1
CACAGATTGCTTAGCAGGACACCTC,1
ACAGATTGCTTAGCAGGACACCTCC,1
CAGATTGCTTAGCAGGACACCTCCA,1
AGATTGCTTAGCAGGACACCTCCAT,1
GATTGCTTAGCAGGACACCTCCATG,1
ATTGCTTAGCAGGACACCTCCATGG,1
TTGCTTAGCAGGACACCTCCATGGA,1
TGCTTAGCAGGACACCTCCATGGAC,1
GCTTAGCAGGACACCTCCATGGACT,1
CTTAGCAGGACACCTCCATGGACTT,1
TTAGCAGGACACCTCCATGGACTTG,1
TAGCAGGACACCTCCATGGACTTGG,1
AGCAGGACACCTCCATGGACTTGGG,1
GCAGGACACCTCCATGGACTTGGGC,1
CAGGACACCTCCATGGACTTGGGCC,1
AGGACACCTCCATGGACTTGGGCCC,1
GGACACCTCCATGGACTTGGGCCCG,1
GACACCTCCATGGACTTGGGCCCGG,1
ACACCTCCATGGACTTGGGCCCGGC,1
CACCTCCATGGACTTGGGCCCGGCA,1
ACCTCCATGGACTTGGGCCCGGCAT,1
CCTCCATGGACTTGGGCCCGGCATT,1
CTCCATGGACTTGGGCCCGGCATTG,1
TCCATGGACTTGGGCCCGGCATTGT,1
CCATGGACTTGGGCCCGGCATTGTT,1
CATGGACTTGGGCCCGGCATTGTTT,1
ATGGACTTGGGCCCGGCATTGTTTC,1
TGGACTTGGGCCCGGCATTGTTTCC,1
GGACTTGGGCCCGGCATTGTTTCCG,1
GACTTGGGCCCGGCATTGTTTCCGG,1
ACTTGGGCCCGGCATTGTTTCCGGT,1
CTTGGGCCCGGCATTGTTTCCGGTG,1
TTGGGCCCGGCATTGTTTCCGGTGG,1
TGGGCCCGGCATTGTTTCCGGTGGC,1
GGGCCCGGCATTGTTTCCGGTGGCA,1
GGCCCGGCATTGTTTCCGGTGGCAC,1
GCCCGGCATTGTTTCCGGTGGCACC,1
CCCGGCATTGTTTCCGGTGGCACCC,1
CCGGCATTGTTTCCGGTGGCACCCG,1
CGGCATTGTTTCCGGTGGCACCCGA,1
GGCATTGTTTCCGGTGGCACCCGAG,1
GTGCTGAGCAGAATGAGTAGGGGTG,1
TGCTGAGCAGAATGAGTAGGGGTGG,1
GCTGAGCAGAATGAGTAGGGGTGGG,1
CTGAGCAGAATGAGTAGGGGTGGGG,1
TGAGCAGAATGAGTAGGGGTGGGGA,1
GAGCAGAATGAGTAGGGGTGGGGAC,1
AGCAGAATGAGTAGGGGTGGGGACA,1
GCAGAATGAGTAGGGGTGGGGACAG,1
CAGAATGAGTAGGGGTGGGGACAGG,1
AGAATGAGTAGGGGTGGGGACAGGT,1
GAATGAGTAGGGGTGGGGACAGGTG,1
AATGAGTAGGGGTGGGGACAGGTGG,1
ATGAGTAGGGGTGGGGACAGGTGGG,1
TGAGTAGGGGTGGGGACAGGTGGGT,1
GAGTAGGGGTGGGGACAGGTGGGTG,1
AGTAGGGGTGGGGACAGGTGGGTGA,1
GTAGGGGTGGGGACAGGTGGGTGAT,1
TAGGGGTGGGGACAGGTGGGTGATC,1
AGGGGTGGGGACAGGTGGGTGATCT,1
GGGGTGGGGACAGGTGGGTGATCTC,1
GGGTGGGGACAGGTGGGTGATCTCT,1
GGTGGGGACAGGTGGGTGATCTCTA,1
GTGGGGACAGGTGGGTGATCTCTAA,1
TGGGGACAGGTGGGTGATCTCTAAG,1
GGGGACAGGTGGGTGATCTCTAAGC,1
GGGACAGGTGGGTGATCTCTAAGCT,1
GGACAGGTGGGTGATCTCTAAGCTG,1
GACAGGTGGGTGATCTCTAAGCTGC,1
ACAGGTGGGTGATCTCTAAGCTGCA,1
CAGGTGGGTGATCTCTAAGCTGCAA,1
AGGTGGGTGATCTCTAAGCTGCAAA,1
GGTGGGTGATCTCTAAGCTGCAAAA,1
GTGGGTGATCTCTAAGCTGCAAAAA,1
TGGGTGATCTCTAAGCTGCAAAAAC,1
GGGTGATCTCTAAGCTGCAAAAACT,1
GGTGATCTCTAAGCTGCAAAAACTG,1
GTGATCTCTAAGCTGCAAAAACTGT,1
TGATCTCTAAGCTGCAAAAACTGTG,1
GATCTCTAAGCTGCAAAAACTGTGC,1
ATCTCTAAGCTGCAAAAACTGTGCT,1
TCTCTAAGCTGCAAAAACTGTGCTG,1
CTCTAAGCTGCAAAAACTGTGCTGT,1
TCTAAGCTGCAAAAACTGTGCTGTC,1
CTAAGCTGCAAAAACTGTGCTGTCC,1
TAAGCTGCAAAAACTGTGCTGTCCT,1
AAGCTGCAAAAACTGTGCTGTCCTT,1
AGCTGCAAAAACTGTGCTGTCCTTG,1
GCTGCAAAAACTGTGCTGTCCTTGT,1
CTGCAAAAACTGTGCTGTCCTTGTG,1
TGCAAAAACTGTGCTGTCCTTGTGA,1
GCAAAAACTGTGCTGTCCTTGTGAG,1
CAAAAACTGTGCTGTCCTTGTGAGG,1
AAAAACTGTGCTGTCCTTGTGAGGT,1
AAAACTGTGCTGTCCTTGTGAGGTC,1
AAACTGTGCTGTCCTTGTGAGGTCA,1
AACTGTGCTGTCCTTGTGAGGTCAC,1
ACTGTGCTGTCCTTGTGAGGTCACT,1
CTGTGCTGTCCTTGTGAGGTCACTG,1
TGTGCTGTCCTTGTGAGGTCACTGC,1
GTGCTGTCCTTGTGAGGTCACTGCC,1
TGCTGTCCTTGTGAGGTCACTGCCT,1
GCTGTCCTTGTGAGGTCACTGCCTG,1
CTGTCCTTGTGAGGTCACTGCCTGG,1
TGTCCTTGTGAGGTCACTGCCTGGA,1
GTCCTTGTGAGGTCACTGCCTGGAC,1
TCCTTGTGAGGTCACTGCCTGGACC,1
CCTTGTGAGGTCACTGCCTGGACCT,1
CTTGTGAGGTCACTGCCTGGACCTT,1
TTGTGAGGTCACTGCCTGGACCTTG,1
TGTGAGGTCACTGCCTGGACCTTGT,1
GTGAGGTCACTGCCTGGACCTTGTG,1
TGAGGTCACTGCCTGGACCTTGTGC,1
GAGGTCACTGCCTGGACCTTGTGCC,1
AGGTCACTGCCTGGACCTTGTGCCC,1
GGTCACTGCCTGGACCTTGTGCCCT,1
GTCACTGCCTGGACCTTGTGCCCTG,1
GGTATTTTCAAGTTCACATGAGAGC,1
GTATTTTCAAGTTCACATGAGAGCG,1
TATTTTCAAGTTCACATGAGAGCGC,1
ATTTTCAAGTTCACATGAGAGCGCT,1
TTTTCAAGTTCACATGAGAGCGCTA,1
TTTCAAGTTCACATGAGAGCGCTAG,1
TTCAAGTTCACATGAGAGCGCTAGG,1
TCAAGTTCACATGAGAGCGCTAGGA,1
CAAGTTCACATGAGAGCGCTAGGAG,1
AAGTTCACATGAGAGCGCTAGGAGT,1
AGTTCACATGAGAGCGCTAGGAGTA,1
GTTCACATGAGAGCGCTAGGAGTAA,1
TTCACATGAGAGCGCTAGGAGTAAC,1
TCACATGAGAGCGCTAGGAGTAACT,1
CACATGAGAGCGCTAGGAGTAACTG,1
ACATGAGAGCGCTAGGAGTAACTGG,1
CATGAGAGCGCTAGGAGTAACTGGG,1
ATGAGAGCGCTAGGAGTAACTGGGA,1
TGAGAGCGCTAGGAGTAACTGGGAA,1
GAGAGCGCTAGGAGTAACTGGGAAC,1
AGAGCGCTAGGAGTAACTGGGAACT,1
GAGCGCTAGGAGTAACTGGGAACTA,1
AGCGCTAGGAGTAACTGGGAACTAT,1
GCGCTAGGAGTAACTGGGAACTATG,1
CGCTAGGAGTAACTGGGAACTATGG,1
GCTAGGAGTAACTGGGAACTATGGT,1
CTAGGAGTAACTGGGAACTATGGTG,1
TAGGAGTAACTGGGAACTATGGTGT,1
AGGAGTAACTGGGAACTATGGTGTG,1
GGAGTAACTGGGAACTATGGTGTGT,1
GAGTAACTGGGAACTATGGTGTGTA,1
AGTAACTGGGAACTATGGTGTGTAG,1
GTAACTGGGAACTATGGTGTGTAGC,1
TAACTGGGAACTATGGTGTGTAGCT,1
AACTGGGAACTATGGTGTGTAGCTG,1
ACTGGGAACTATGGTGTGTAGCTGG,1
CTGGGAACTATGGTGTGTAGCTGGA,1
TGGGAACTATGGTGTGTAGCTGGAG,1
GGGAACTATGGTGTGTAGCTGGAGG,1
GGAACTATGGTGTGTAGCTGGAGGA,1
GAACTATGGTGTGTAGCTGGAGGAA,1
AACTATGGTGTGTAGCTGGAGGAAA,1
ACTATGGTGTGTAGCTGGAGGAAAT,1
CTATGGTGTGTAGCTGGAGGAAATG,1
TATGGTGTGTAGCTGGAGGAAATGG,1
ATGGTGTGTAGCTGGAGGAAATGGC,1
TGGTGTGTAGCTGGAGGAAATGGCA,1
GGTGTGTAGCTGGAGGAAATGGCAC,1
GTGTGTAGCTGGAGGAAATGGCACC,1
TGTGTAGCTGGAGGAAATGGCACCT,1
GTGTAGCTGGAGGAAATGGCACCTG,1
TGTAGCTGGAGGAAATGGCACCTGA,1
GTAGCTGGAGGAAATGGCACCTGAG,1
TAGCTGGAGGAAATGGCACCTGAGC,1
AGCTGGAGGAAATGGCACCTGAGCC,1
GCTGGAGGAAATGGCACCTGAGCCG,1
CTGGAGGAAATGGCACCTGAGCCGT,1
TGGAGGAAATGGCACCTGAGCCGTG,1
GGAGGAAATGGCACCTGAGCCGTGC,1
GAGGAAATGGCACCTGAGCCGTGCC,1
AGGAAATGGCACCTGAGCCGTGCCT,1
GGAAATGGCACCTGAGCCGTGCCTG,1
GAAATGGCACCTGAGCCGTGCCTGG,1
AAATGGCACCTGAGCCGTGCCTGGG,1
AATGGCACCTGAGCCGTGCCTGGGT,1
ATGGCACCTGAGCCGTGCCTGGGTA,1
TGGCACCTGAGCCGTGCCTGGGTAT,1
GGCACCTGAGCCGTGCCTGGGTATT,1
GCACCTGAGCCGTGCCTGGGTATTC,1
CACCTGAGCCGTGCCTGGGTATTCA,1
ACCTGAGCCGTGCCTGGGTATTCAG,1
CCTGAGCCGTGCCTGGGTATTCAGA,1
CTGAGCCGTGCCTGGGTATTCAGAC,1
TGAGCCGTGCCTGGGTATTCAGACA,1
GAGCCGTGCCTGGGTATTCAGACAA,1
AGCCGTGCCTGGGTATTCAGACAAA,1
AGAAGATGTGCCTCAAGTGCGACGG,1
GAAGATGTGCCTCAAGTGCGACGGG,1
AAGATGTGCCTCAAGTGCGACGGGA,1
AGATGTGCCTCAAGTGCGACGGGAT,1
GATGTGCCTCAAGTGCGACGGGATT,1
ATGTGCCTCAAGTGCGACGGGATTG,1
TGTGCCTCAAGTGCGACGGGATTGG,1
GTGCCTCAAGTGCGACGGGATTGGT,1
TGCCTCAAGTGCGACGGGATTGGTA,1
GCCTCAAGTGCGACGGGATTGGTAT,1
CCTCAAGTGCGACGGGATTGGTATG,1
CTCAAGTGCGACGGGATTGGTATGT,1
TCAAGTGCGACGGGATTGGTATGTG,1
CAAGTGCGACGGGATTGGTATGTGT,1
AAGTGCGACGGGATTGGTATGTGTA,1
AGTGCGACGGGATTGGTATGTGTAT,1
GTGCGACGGGATTGGTATGTGTATG,1
TGCGACGGGATTGGTATGTGTATGC,1
GCGACGGGATTGGTATGTGTATGCG,1
CGACGGGATTGGTATGTGTATGCGT,1
GACGGGATTGGTATGTGTATGCGTT,1
ACGGGATTGGTATGTGTATGCGTTT,1
CGGGATTGGTATGTGTATGCGTTTC,1
GGGATTGGTATGTGTATGCGTTTCT,1
GGATTGGTATGTGTATGCGTTTCTG,1
GATTGGTATGTGTATGCGTTTCTGT,1
ATTGGTATGTGTATGCGTTTCTGTC,1
TTGGTATGTGTATGCGTTTCTGTCA,1
TGGTATGTGTATGCGTTTCTGTCAT,1
GGTATGTGTATGCGTTTCTGTCATC,1
GTATGTGTATGCGTTTCTGTCATCC,1
TATGTGTATGCGTTTCTGTCATCCT,1
ATGTGTATGCGTTTCTGTCATCCTT,1
TGTGTATGCGTTTCTGTCATCCTTG,1
GTGTATGCGTTTCTGTCATCCTTGC,1
TGTATGCGTTTCTGTCATCCTTGCC,1
GTATGCGTTTCTGTCATCCTTGCCC,1
TATGCGTTTCTGTCATCCTTGCCCT,1
ATGCGTTTCTGTCATCCTTGCCCTG,1
TGCGTTTCTGTCATCCTTGCCCTGG,1
GCGTTTCTGTCATCCTTGCCCTGGG,1
CGTTTCTGTCATCCTTGCCCTGGGT,1
GTTTCTGTCATCCTTGCCCTGGGTT,1
TTTCTGTCATCCTTGCCCTGGGTTG,1
TTCTGTCATCCTTGCCCTGGGTTGG,1
TCTGTCATCCTTGCCCTGGGTTGGA,1
CTGTCATCCTTGCCCTGGGTTGGAA,1
TGTCATCCTTGCCCTGGGTTGGAAA,1
GTCATCCTTGCCCTGGGTTGGAAAG,1
TCATCCTTGCCCTGGGTTGGAAAGG,1
CATCCTTGCCCTGGGTTGGAAAGGA,1
ATCCTTGCCCTGGGTTGGAAAGGAG,1
TCCTTGCCCTGGGTTGGAAAGGAGT,1
CCTTGCCCTGGGTTGGAAAGGAGTT,1
CTTGCCCTGGGTTGGAAAGGAGTTG,1
TTGCCCTGGGTTGGAAAGGAGTTGT,1
TGCCCTGGGTTGGAAAGGAGTTGTA,1
GCCCTGGGTTGGAAAGGAGTTGTAT,1
CCCTGGGTTGGAAAGGAGTTGTATG,1
CCTGGGTTGGAAAGGAGTTGTATGA,1
CTGGGTTGGAAAGGAGTTGTATGAA,1
TGGGTTGGAAAGGAGTTGTATGAAA,1
GGGTTGGAAAGGAGTTGTATGAAAA,1
GGTTGGAAAGGAGTTGTATGAAAAA,1
GTTGGAAAGGAGTTGTATGAAAAAA,1
TTGGAAAGGAGTTGTATGAAAAAAA,1
TGGAAAGGAGTTGTATGAAAAAAAA,1
GGAAAGGAGTTGTATGAAAAAAAAG,1
GAAAGGAGTTGTATGAAAAAAAAGA,1
AAAGGAGTTGTATGAAAAAAAAGAT,1
AAGGAGTTGTATGAAAAAAAAGATG,1
AGGAGTTGTATGAAAAAAAAGATGC,1
GGAGTTGTATGAAAAAAAAGATGCA,1
GAGTTGTATGAAAAAAAAGATGCAG,1
AGTTGTATGAAAAAAAAGATGCAGA,1
GTTGTATGAAAAAAAAGATGCAGAA,1
CAAGGATTTAATAACTATTATGATC,1
AAGGATTTAATAACTATTATGATCA,1
AGGATTTAATAACTATTATGATCAA,1
GGATTTAATAACTATTATGATCAAG,1
GATTTAATAACTATTATGATCAAGG,1
ATTTAATAACTATTATGATCAAGGA,1
TTTAATAACTATTATGATCAAGGAT,1
TTAATAACTATTATGATCAAGGATA,1
TAATAACTATTATGATCAAGGATAT,1
AATAACTATTATGATCAAGGATATG,1
ATAACTATTATGATCAAGGATATGG,1
TAACTATTATGATCAAGGATATGGA,1
AACTATTATGATCAAGGATATGGAA,1
ACTATTATGATCAAGGATATGGAAA,1
CTATTATGATCAAGGATATGGAAAT,1
TATTATGATCAAGGATATGGAAATT,1
ATTATGATCAAGGATATGGAAATTA,1
TTATGATCAAGGATATGGAAATTAT,1
TATGATCAAGGATATGGAAATTATA,1
ATGATCAAGGATATGGAAATTATAA,1
TGATCAAGGATATGGAAATTATAAT,1
GATCAAGGATATGGAAATTATAATA,1
ATCAAGGATATGGAAATTATAATAG,1
TCAAGGATATGGAAATTATAATAGT,1
CAAGGATATGGAAATTATAATAGTG,1
AAGGATATGGAAATTATAATAGTGC,1
AGGATATGGAAATTATAATAGTGCC,1
GGATATGGAAATTATAATAGTGCCT,1
GATATGGAAATTATAATAGTGCCTA,1
ATATGGAAATTATAATAGTGCCTAT,1
TATGGAAATTATAATAGTGCCTATG,1
ATGGAAATTATAATAGTGCCTATGG,1
TGGAAATTATAATAGTGCCTATGGT,1
GGAAATTATAATAGTGCCTATGGTG,1
GAAATTATAATAGTGCCTATGGTGG,1
AAATTATAATAGTGCCTATGGTGGT,1
AATTATAATAGTGCCTATGGTGGTG,1
ATTATAATAGTGCCTATGGTGGTGA,1
TTATAATAGTGCCTATGGTGGTGAT,1
TATAATAGTGCCTATGGTGGTGATC,1
ATAATAGTGCCTATGGTGGTGATCA,1
TAATAGTGCCTATGGTGGTGATCAG,1
AATAGTGCCTATGGTGGTGATCAGA,1
ATAGTGCCTATGGTGGTGATCAGAA,1
TAGTGCCTATGGTGGTGATCAGAAC,1
AGTGCCTATGGTGGTGATCAGAACT,1
GTGCCTATGGTGGTGATCAGAACTA,1
TGCCTATGGTGGTGATCAGAACTAT,1
GCCTATGGTGGTGATCAGAACTATA,1
CCTATGGTGGTGATCAGAACTATAG,1
CTATGGTGGTGATCAGAACTATAGT,1
TATGGTGGTGATCAGAACTATAGTG,1
ATGGTGGTGATCAGAACTATAGTGG,1
TGGTGGTGATCAGAACTATAGTGGC,1
GGTGGTGATCAGAACTATAGTGGCT,1
GTGGTGATCAGAACTATAGTGGCTA,1
TGGTGATCAGAACTATAGTGGCTAT,1
GGTGATCAGAACTATAGTGGCTATG,1
GTGATCAGAACTATAGTGGCTATGG,1
TGATCAGAACTATAGTGGCTATGGC,1
GATCAGAACTATAGTGGCTATGGCG,1
ATCAGAACTATAGTGGCTATGGCGG,1
TCAGAACTATAGTGGCTATGGCGGC,1
CAGAACTATAGTGGCTATGGCGGCT,1
AGAACTATAGTGGCTATGGCGGCTA,1
GAACTATAGTGGCTATGGCGGCTAT,1
AACTATAGTGGCTATGGCGGCTATG,1
ACTATAGTGGCTATGGCGGCTATGA,1
CTATAGTGGCTATGGCGGCTATGAT,1
TATAGTGGCTATGGCGGCTATGATT,1
ATAGTGGCTATGGCGGCTATGATTA,1
TAGTGGCTATGGCGGCTATGATTAT,1
AGTGGCTATGGCGGCTATGATTATA,1
GTGGCTATGGCGGCTATGATTATAC,1
TGGCTATGGCGGCTATGATTATACT,1
GGCTATGGCGGCTATGATTATACTG,1
TGCACCTCCAGAGAGACCCAACGAG,1
GCACCTCCAGAGAGACCCAACGAGG,1
CACCTCCAGAGAGACCCAACGAGGA,1
ACCTCCAGAGAGACCCAACGAGGAA,1
CCTCCAGAGAGACCCAACGAGGAAA,1
CTCCAGAGAGACCCAACGAGGAAAT,1
TCCAGAGAGACCCAACGAGGAAATG,1
CCAGAGAGACCCAACGAGGAAATGA,1
CAGAGAGACCCAACGAGGAAATGAC,1
AGAGAGACCCAACGAGGAAATGACA,1
GAGAGACCCAACGAGGAAATGACAG,1
AGAGACCCAACGAGGAAATGACAGC,1
GAGACCCAACGAGGAAATGACAGCA,1
AGACCCAACGAGGAAATGACAGCAC,1
GACCCAACGAGGAAATGACAGCACC,1
ACCCAACGAGGAAATGACAGCACCG,1
CCCAACGAGGAAATGACAGCACCGT,1
CCAACGAGGAAATGACAGCACCGTC,1
CAACGAGGAAATGACAGCACCGTCC,1
AACGAGGAAATGACAGCACCGTCCT,1
ACGAGGAAATGACAGCACCGTCCTG,1
CGAGGAAATGACAGCACCGTCCTGT,1
GAGGAAATGACAGCACCGTCCTGTC,1
AGGAAATGACAGCACCGTCCTGTCC,1
GGAAATGACAGCACCGTCCTGTCCT,1
GAAATGACAGCACCGTCCTGTCCTT,1
AAATGACAGCACCGTCCTGTCCTTC,1
AATGACAGCACCGTCCTGTCCTTCT,1
ATGACAGCACCGTCCTGTCCTTCTT,1
TGACAGCACCGTCCTGTCCTTCTTT,1
GACAGCACCGTCCTGTCCTTCTTTT,1
ACAGCACCGTCCTGTCCTTCTTTTC,1
CAGCACCGTCCTGTCCTTCTTTTCC,1
AGCACCGTCCTGTCCTTCTTTTCCC,1
GCACCGTCCTGTCCTTCTTTTCCCC,1
CACCGTCCTGTCCTTCTTTTCCCCC,1
ACCGTCCTGTCCTTCTTTTCCCCCA,1
CCGTCCTGTCCTTCTTTTCCCCCAC,1
CGTCCTGTCCTTCTTTTCCCCCACC,1
GTCCTGTCCTTCTTTTCCCCCACCC,1
TCCTGTCCTTCTTTTCCCCCACCCA,1
CCTGTCCTTCTTTTCCCCCACCCAC,1
CTGTCCTTCTTTTCCCCCACCCACC,1
TGTCCTTCTTTTCCCCCACCCACCC,1
GTCCTTCTTTTCCCCCACCCACCCA,1
TCCTTCTTTTCCCCCACCCACCCAT,1
CCTTCTTTTCCCCCACCCACCCATC,1
CTTCTTTTCCCCCACCCACCCATCC,1
TTCTTTTCCCCCACCCACCCATCCA,1
TCTTTTCCCCCACCCACCCATCCAC,1
CTTTTCCCCCACCCACCCATCCACC,1
TTTTCCCCCACCCACCCATCCACCC,1
TTTCCCCCACCCACCCATCCACCCT,1
TTCCCCCACCCACCCATCCACCCTC,1
TCCCCCACCCACCCATCCACCCTCA,1
CCCCCACCCACCCATCCACCCTCAA,1
CCCCACCCACCCATCCACCCTCAAG,1
CCCACCCACCCATCCACCCTCAAGG,1
CCACCCACCCATCCACCCTCAAGGG,1
CACCCACCCATCCACCCTCAAGGGT,1
ACCCACCCATCCACCCTCAAGGGTG,1
CCCACCCATCCACCCTCAAGGGTGC,1
CCACCCATCCACCCTCAAGGGTGCA,1
CACCCATCCACCCTCAAGGGTGCAG,1
ACCCATCCACCCTCAAGGGTGCAGG,1
CCCATCCACCCTCAAGGGTGCAGGG,1
CCATCCACCCTCAAGGGTGCAGGGT,1
CATCCACCCTCAAGGGTGCAGGGTG,1
ATCCACCCTCAAGGGTGCAGGGTGA,1
TCCACCCTCAAGGGTGCAGGGTGAC,1
CCACCCTCAAGGGTGCAGGGTGACC,1
CACCCTCAAGGGTGCAGGGTGACCA,1
ACCCTCAAGGGTGCAGGGTGACCAA,1
CCCTCAAGGGTGCAGGGTGACCAAG,1
CCTCAAGGGTGCAGGGTGACCAAGA,1
CTCAAGGGTGCAGGGTGACCAAGAT,1
ATCTCATCCCTGCGTGTCAATGCGC,1
TCTCATCCCTGCGTGTCAATGCGCA,1
CTCATCCCTGCGTGTCAATGCGCAC,1
TCATCCCTGCGTGTCAATGCGCACA,1
CATCCCTGCGTGTCAATGCGCACAT,1
ATCCCTGCGTGTCAATGCGCACATC,1
TCCCTGCGTGTCAATGCGCACATCT,1
CCCTGCGTGTCAATGCGCACATCTG,1
CCTGCGTGTCAATGCGCACATCTGG,1
CTGCGTGTCAATGCGCACATCTGGT,1
TGCGTGTCAATGCGCACATCTGGTG,1
GCGTGTCAATGCGCACATCTGGTGT,1
CGTGTCAATGCGCACATCTGGTGTC,1
GTGTCAATGCGCACATCTGGTGTCC,1
TGTCAATGCGCACATCTGGTGTCCC,1
GTCAATGCGCACATCTGGTGTCCCC,1
TCAATGCGCACATCTGGTGTCCCCA,1
CAATGCGCACATCTGGTGTCCCCAT,1
AATGCGCACATCTGGTGTCCCCATT,1
ATGCGCACATCTGGTGTCCCCATTT,1
TGCGCACATCTGGTGTCCCCATTTC,1
GCGCACATCTGGTGTCCCCATTTCC,1
CGCACATCTGGTGTCCCCATTTCCT,1
GCACATCTGGTGTCCCCATTTCCTT,1
CACATCTGGTGTCCCCATTTCCTTC,1
ACATCTGGTGTCCCCATTTCCTTCA,1
CATCTGGTGTCCCCATTTCCTTCAT,1
ATCTGGTGTCCCCATTTCCTTCATG,1
TCTGGTGTCCCCATTTCCTTCATGG,1
CTGGTGTCCCCATTTCCTTCATGGC,1
TGGTGTCCCCATTTCCTTCATGGCA,1
GGTGTCCCCATTTCCTTCATGGCAA,1
GTGTCCCCATTTCCTTCATGGCAAA,1
TGTCCCCATTTCCTTCATGGCAAAC,1
GTCCCCATTTCCTTCATGGCAAACT,1
TCCCCATTTCCTTCATGGCAAACTT,1
CCCCATTTCCTTCATGGCAAACTTC,1
CCCATTTCCTTCATGGCAAACTTCC,1
CCATTTCCTTCATGGCAAACTTCCG,1
CATTTCCTTCATGGCAAACTTCCGA,1
ATTTCCTTCATGGCAAACTTCCGAA,1
TTTCCTTCATGGCAAACTTCCGAAT,1
TTCCTTCATGGCAAACTTCCGAATT,1
TCCTTCATGGCAAACTTCCGAATTT,1
CCTTCATGGCAAACTTCCGAATTTC,1
CTTCATGGCAAACTTCCGAATTTCT,1
TTCATGGCAAACTTCCGAATTTCTT,1
TCATGGCAAACTTCCGAATTTCTTT,1
CATGGCAAACTTCCGAATTTCTTTG,1
ATGGCAAACTTCCGAATTTCTTTGA,1
TGGCAAACTTCCGAATTTCTTTGAG,1
GGCAAACTTCCGAATTTCTTTGAGT,1
GCAAACTTCCGAATTTCTTTGAGTG,1
CAAACTTCCGAATTTCTTTGAGTGC,1
AAACTTCCGAATTTCTTTGAGTGCC,1
AACTTCCGAATTTCTTTGAGTGCCC,1
ACTTCCGAATTTCTTTGAGTGCCCG,1
CTTCCGAATTTCTTTGAGTGCCCGA,1
TTCCGAATTTCTTTGAGTGCCCGAG,1
TCCGAATTTCTTTGAGTGCCCGAGG,1
CCGAATTTCTTTGAGTGCCCGAGGA,1
CGAATTTCTTTGAGTGCCCGAGGAG,1
GAATTTCTTTGAGTGCCCGAGGAGC,1
AATTTCTTTGAGTGCCCGAGGAGCA,1
ATTTCTTTGAGTGCCCGAGGAGCAC,1
TTTCTTTGAGTGCCCGAGGAGCACG,1
TTCTTTGAGTGCCCGAGGAGCACGC,1
TCTTTGAGTGCCCGAGGAGCACGCT,1
CTTTGAGTGCCCGAGGAGCACGCTT,1
TTTGAGTGCCCGAGGAGCACGCTTC,1
TTGAGTGCCCGAGGAGCACGCTTCT,1
TGAGTGCCCGAGGAGCACGCTTCTT,1
GAGTGCCCGAGGAGCACGCTTCTTG,1
AGTGCCCGAGGAGCACGCTTCTTGA,1
GTGCCCGAGGAGCACGCTTCTTGAA,1
TGCCCGAGGAGCACGCTTCTTGAAG,1
TGGGTCTGCCCGTTCTTGGAGATAC,1
GGGTCTGCCCGTTCTTGGAGATACC,1
GGTCTGCCCGTTCTTGGAGATACCA,1
GTCTGCCCGTTCTTGGAGATACCAG,1
TCTGCCCGTTCTTGGAGATACCAGC,1
CTGCCCGTTCTTGGAGATACCAGCT,1
TGCCCGTTCTTGGAGATACCAGCTT,1
GCCCGTTCTTGGAGATACCAGCTTC,1
CCCGTTCTTGGAGATACCAGCTTCA,1
CCGTTCTTGGAGATACCAGCTTCAA,1
CGTTCTTGGAGATACCAGCTTCAAA,1
GTTCTTGGAGATACCAGCTTCAAAT,1
TTCTTGGAGATACCAGCTTCAAATT,1
TCTTGGAGATACCAGCTTCAAATTC,1
CTTGGAGATACCAGCTTCAAATTCA,1
TTGGAGATACCAGCTTCAAATTCAC,1
TGGAGATACCAGCTTCAAATTCACC,1
GGAGATACCAGCTTCAAATTCACCA,1
GAGATACCAGCTTCAAATTCACCAA,1
AGATACCAGCTTCAAATTCACCAAC,1
GATACCAGCTTCAAATTCACCAACA,1
ATACCAGCTTCAAATTCACCAACAC,1
TACCAGCTTCAAATTCACCAACACC,1
ACCAGCTTCAAATTCACCAACACCA,1
CCAGCTTCAAATTCACCAACACCAG,1
CAGCTTCAAATTCACCAACACCAGC,1
AGCTTCAAATTCACCAACACCAGCA,1
GCTTCAAATTCACCAACACCAGCAG,1
CTTCAAATTCACCAACACCAGCAGC,1
TTCAAATTCACCAACACCAGCAGCA,1
TCAAATTCACCAACACCAGCAGCAA,1
CAAATTCACCAACACCAGCAGCAAC,1
AAATTCACCAACACCAGCAGCAACA,1
AATTCACCAACACCAGCAGCAACAA,1
ATTCACCAACACCAGCAGCAACAAT,1
TTCACCAACACCAGCAGCAACAATC,1
TCACCAACACCAGCAGCAACAATCA,1
CACCAACACCAGCAGCAACAATCAG,1
ACCAACACCAGCAGCAACAATCAGG,1
CCAACACCAGCAGCAACAATCAGGA,1
CAACACCAGCAGCAACAATCAGGAC,1
AACACCAGCAGCAACAATCAGGACA,1
ACACCAGCAGCAACAATCAGGACAG,1
CACCAGCAGCAACAATCAGGACAGC,1
ACCAGCAGCAACAATCAGGACAGCA,1
CCAGCAGCAACAATCAGGACAGCAC,1
CAGCAGCAACAATCAGGACAGCACA,1
AGCAGCAACAATCAGGACAGCACAG,1
GCAGCAACAATCAGGACAGCACAGT,1
CAGCAACAATCAGGACAGCACAGTC,1
AGCAACAATCAGGACAGCACAGTCA,1
GCAACAATCAGGACAGCACAGTCAG,1
CAACAATCAGGACAGCACAGTCAGC,1
AACAATCAGGACAGCACAGTCAGCC,1
ACAATCAGGACAGCACAGTCAGCCT,1
CAATCAGGACAGCACAGTCAGCCTG,1
AATCAGGACAGCACAGTCAGCCTGG,1
ATCAGGACAGCACAGTCAGCCTGGG,1
TCAGGACAGCACAGTCAGCCTGGGA,1
CAGGACAGCACAGTCAGCCTGGGAT,1
AGGACAGCACAGTCAGCCTGGGATG,1
GGACAGCACAGTCAGCCTGGGATGT,1
GACAGCACAGTCAGCCTGGGATGTG,1
ACAGCACAGTCAGCCTGGGATGTGC,1
CAGCACAGTCAGCCTGGGATGTGCC,1
AGCACAGTCAGCCTGGGATGTGCCT,1
GCACAGTCAGCCTGGGATGTGCCTG,1
CACAGTCAGCCTGGGATGTGCCTGT,1
ACAGTCAGCCTGGGATGTGCCTGTA,1
CAGTCAGCCTGGGATGTGCCTGTAA,1
AGTCAGCCTGGGATGTGCCTGTAAT,1
GTCAGCCTGGGATGTGCCTGTAATC,1
TCAGCCTGGGATGTGCCTGTAATCA,1
CAGCCTGGGATGTGCCTGTAATCAT,1
AGCCTGGGATGTGCCTGTAATCATG,1
GCCTGGGATGTGCCTGTAATCATGT,1
GCCGTACCCATATCCGCAGCAGGTC,1
CCGTACCCATATCCGCAGCAGGTCT,1
CGTACCCATATCCGCAGCAGGTCTC,1
GTACCCATATCCGCAGCAGGTCTCC,1
TACCCATATCCGCAGCAGGTCTCCA,1
ACCCATATCCGCAGCAGGTCTCCAA,1
CCCATATCCGCAGCAGGTCTCCAAG,1
CCATATCCGCAGCAGGTCTCCAAGG,1
CATATCCGCAGCAGGTCTCCAAGGT,1
ATATCCGCAGCAGGTCTCCAAGGTG,1
TATCCGCAGCAGGTCTCCAAGGTGA,1
ATCCGCAGCAGGTCTCCAAGGTGAA,1
TCCGCAGCAGGTCTCCAAGGTGAAC,1
CCGCAGCAGGTCTCCAAGGTGAACA,1
CGCAGCAGGTCTCCAAGGTGAACAG,1
GCAGCAGGTCTCCAAGGTGAACAGC,1
CAGCAGGTCTCCAAGGTGAACAGCC,1
AGCAGGTCTCCAAGGTGAACAGCCT,1
GCAGGTCTCCAAGGTGAACAGCCTC,1
CAGGTCTCCAAGGTGAACAGCCTCT,1
AGGTCTCCAAGGTGAACAGCCTCTG,1
GGTCTCCAAGGTGAACAGCCTCTGG,1
GTCTCCAAGGTGAACAGCCTCTGGC,1
TCTCCAAGGTGAACAGCCTCTGGCA,1
CTCCAAGGTGAACAGCCTCTGGCAT,1
TCCAAGGTGAACAGCCTCTGGCATG,1
CCAAGGTGAACAGCCTCTGGCATGT,1
CAAGGTGAACAGCCTCTGGCATGTT,1
AAGGTGAACAGCCTCTGGCATGTTG,1
AGGTGAACAGCCTCTGGCATGTTGG,1
GGTGAACAGCCTCTGGCATGTTGGA,1
GTGAACAGCCTCTGGCATGTTGGAA,1
TGAACAGCCTCTGGCATGTTGGAAC,1
GAACAGCCTCTGGCATGTTGGAACA,1
AACAGCCTCTGGCATGTTGGAACAA,1
ACAGCCTCTGGCATGTTGGAACAAT,1
CAGCCTCTGGCATGTTGGAACAATG,1
AGCCTCTGGCATGTTGGAACAATGT,1
GCCTCTGGCATGTTGGAACAATGTA,1
CCTCTGGCATGTTGGAACAATGTAG,1
CTCTGGCATGTTGGAACAATGTAGG,1
TCTGGCATGTTGGAACAATGTAGGT,1
CTGGCATGTTGGAACAATGTAGGTA,1
TGGCATGTTGGAACAATGTAGGTAA,1
GGCATGTTGGAACAATGTAGGTAAG,1
GCATGTTGGAACAATGTAGGTAAGG,1
CATGTTGGAACAATGTAGGTAAGGG,1
ATGTTGGAACAATGTAGGTAAGGGA,1
TGTTGGAACAATGTAGGTAAGGGAA,1
GTTGGAACAATGTAGGTAAGGGAAG,1
TTGGAACAATGTAGGTAAGGGAAGT,1
TGGAACAATGTAGGTAAGGGAAGTC,1
GGAACAATGTAGGTAAGGGAAGTCG,1
GAACAATGTAGGTAAGGGAAGTCGG,1
AACAATGTAGGTAAGGGAAGTCGGC,1
ACAATGTAGGTAAGGGAAGTCGGCA,1
CAATGTAGGTAAGGGAAGTCGGCAA,1
AATGTAGGTAAGGGAAGTCGGCAAG,1
ATGTAGGTAAGGGAAGTCGGCAAGC,1
TGTAGGTAAGGGAAGTCGGCAAGCC,1
GTAGGTAAGGGAAGTCGGCAAGCCG,1
TAGGTAAGGGAAGTCGGCAAGCCGG,1
AGGTAAGGGAAGTCGGCAAGCCGGA,1
GGTAAGGGAAGTCGGCAAGCCGGAT,1
GTAAGGGAAGTCGGCAAGCCGGATC,1
TAAGGGAAGTCGGCAAGCCGGATCC,1
AAGGGAAGTCGGCAAGCCGGATCCG,1
AGGGAAGTCGGCAAGCCGGATCCGT,1
GGGAAGTCGGCAAGCCGGATCCGTA,1
GGAAGTCGGCAAGCCGGATCCGTAA,1
GAAGTCGGCAAGCCGGATCCGTAAC,1
AAGTCGGCAAGCCGGATCCGTAACT,1
AGTCGGCAAGCCGGATCCGTAACTT,1
GTCGGCAAGCCGGATCCGTAACTTC,1
TCGGCAAGCCGGATCCGTAACTTCG,1
CGGCAAGCCGGATCCGTAACTTCGG,1
CCCAGCCCCGCTTCGCGCCCCAGCC,1
CCAGCCCCGCTTCGCGCCCCAGCCC,1
CAGCCCCGCTTCGCGCCCCAGCCCG,1
AGCCCCGCTTCGCGCCCCAGCCCGA,1
GCCCCGCTTCGCGCCCCAGCCCGAC,1
CCCCGCTTCGCGCCCCAGCCCGACC,1
CCCGCTTCGCGCCCCAGCCCGACCG,1
CCGCTTCGCGCCCCAGCCCGACCGA,1
CGCTTCGCGCCCCAGCCCGACCGAC,1
GCTTCGCGCCCCAGCCCGACCGACC,1
CTTCGCGCCCCAGCCCGACCGACCC,1
TTCGCGCCCCAGCCCGACCGACCCA,1
TCGCGCCCCAGCCCGACCGACCCAG,1
CGCGCCCCAGCCCGACCGACCCAGC,1
GCGCCCCAGCCCGACCGACCCAGCC,1
CGCCCCAGCCCGACCGACCCAGCCC,1
GCCCCAGCCCGACCGACCCAGCCCT,1
CCCCAGCCCGACCGACCCAGCCCTT,1
CCCAGCCCGACCGACCCAGCCCTTA,1
CCAGCCCGACCGACCCAGCCCTTAG,1
CAGCCCGACCGACCCAGCCCTTAGA,1
AGCCCGACCGACCCAGCCCTTAGAG,1
GCCCGACCGACCCAGCCCTTAGAGC,1
CCCGACCGACCCAGCCCTTAGAGCC,1
CCGACCGACCCAGCCCTTAGAGCCA,1
CGACCGACCCAGCCCTTAGAGCCAA,1
GACCGACCCAGCCCTTAGAGCCAAT,1
ACCGACCCAGCCCTTAGAGCCAATC,1
CCGACCCAGCCCTTAGAGCCAATCC,1
CGACCCAGCCCTTAGAGCCAATCCT,1
GACCCAGCCCTTAGAGCCAATCCTT,1
ACCCAGCCCTTAGAGCCAATCCTTA,1
CCCAGCCCTTAGAGCCAATCCTTAT,1
CCAGCCCTTAGAGCCAATCCTTATC,1
CAGCCCTTAGAGCCAATCCTTATCC,1
AGCCCTTAGAGCCAATCCTTATCCC,1
GCCCTTAGAGCCAATCCTTATCCCG,1
CCCTTAGAGCCAATCCTTATCCCGA,1
CCTTAGAGCCAATCCTTATCCCGAA,1
CTTAGAGCCAATCCTTATCCCGAAG,1
TTAGAGCCAATCCTTATCCCGAAGT,1
TAGAGCCAATCCTTATCCCGAAGTT,1
AGAGCCAATCCTTATCCCGAAGTTA,1
GAGCCAATCCTTATCCCGAAGTTAC,1
AGCCAATCCTTATCCCGAAGTTACG,1
GCCAATCCTTATCCCGAAGTTACGG,1
CCAATCCTTATCCCGAAGTTACGGA,1
CAATCCTTATCCCGAAGTTACGGAT,1
AATCCTTATCCCGAAGTTACGGATC,1
ATCCTTATCCCGAAGTTACGGATCC,1
TCCTTATCCCGAAGTTACGGATCCG,1
CCTTATCCCGAAGTTACGGATCCGG,1
CTTATCCCGAAGTTACGGATCCGGC,1
TTATCCCGAAGTTACGGATCCGGCT,1
TATCCCGAAGTTACGGATCCGGCTT,1
ATCCCGAAGTTACGGATCCGGCTTG,1
TCCCGAAGTTACGGATCCGGCTTGC,1
CCCGAAGTTACGGATCCGGCTTGCC,1
CCGAAGTTACGGATCCGGCTTGCCG,1
CGAAGTTACGGATCCGGCTTGCCGA,1
GAAGTTACGGATCCGGCTTGCCGAC,1
AAGTTACGGATCCGGCTTGCCGACT,1
AGTTACGGATCCGGCTTGCCGACTT,1
GTTACGGATCCGGCTTGCCGACTTC,1
TTACGGATCCGGCTTGCCGACTTCC,1
TACGGATCCGGCTTGCCGACTTCCC,1
ACGGATCCGGCTTGCCGACTTCCCT,1
CGGATCCGGCTTGCCGACTTCCCTT,1
GGATCCGGCTTGCCGACTTCCCTTA,1
GATCCGGCTTGCCGACTTCCCTTAC,1
ATCCGGCTTGCCGACTTCCCTTACC,1
TCCGGCTTGCCGACTTCCCTTACCT,1
CCGGCTTGCCGACTTCCCTTACCTA,1
CGGCTTGCCGACTTCCCTTACCTAC,1
GGCTTGCCGACTTCCCTTACCTACA,1
GCTTGCCGACTTCCCTTACCTACAT,1
GAGTAGCATGGAGTGCTGGCACAAA,1
AGTAGCATGGAGTGCTGGCACAAAG,1
GTAGCATGGAGTGCTGGCACAAAGT,1
TAGCATGGAGTGCTGGCACAAAGTT,1
AGCATGGAGTGCTGGCACAAAGTTG,1
GCATGGAGTGCTGGCACAAAGTTGG,1
CATGGAGTGCTGGCACAAAGTTGGG,1
ATGGAGTGCTGGCACAAAGTTGGGC,1
TGGAGTGCTGGCACAAAGTTGGGCA,1
GGAGTGCTGGCACAAAGTTGGGCAA,1
GAGTGCTGGCACAAAGTTGGGCAAG,1
AGTGCTGGCACAAAGTTGGGCAAGG,1
GTGCTGGCACAAAGTTGGGCAAGGA,1
TGCTGGCACAAAGTTGGGCAAGGAG,1
GCTGGCACAAAGTTGGGCAAGGAGG,1
CTGGCACAAAGTTGGGCAAGGAGGG,1
TGGCACAAAGTTGGGCAAGGAGGGT,1
GGCACAAAGTTGGGCAAGGAGGGTC,1
GCACAAAGTTGGGCAAGGAGGGTCC,1
CACAAAGTTGGGCAAGGAGGGTCCC,1
ACAAAGTTGGGCAAGGAGGGTCCCC,1
CAAAGTTGGGCAAGGAGGGTCCCCT,1
AAAGTTGGGCAAGGAGGGTCCCCTT,1
AAGTTGGGCAAGGAGGGTCCCCTTT,1
AGTTGGGCAAGGAGGGTCCCCTTTC,1
GTTGGGCAAGGAGGGTCCCCTTTCC,1
TTGGGCAAGGAGGGTCCCCTTTCCT,1
TGGGCAAGGAGGGTCCCCTTTCCTG,1
GGGCAAGGAGGGTCCCCTTTCCTGT,1
GGCAAGGAGGGTCCCCTTTCCTGTG,1
GCAAGGAGGGTCCCCTTTCCTGTGT,1
CAAGGAGGGTCCCCTTTCCTGTGTA,1
AAGGAGGGTCCCCTTTCCTGTGTAG,1
AGGAGGGTCCCCTTTCCTGTGTAGG,1
GGAGGGTCCCCTTTCCTGTGTAGGT,1
GAGGGTCCCCTTTCCTGTGTAGGTC,1
AGGGTCCCCTTTCCTGTGTAGGTCC,1
GGGTCCCCTTTCCTGTGTAGGTCCA,1
GGTCCCCTTTCCTGTGTAGGTCCAG,1
GTCCCCTTTCCTGTGTAGGTCCAGC,1
TCCCCTTTCCTGTGTAGGTCCAGCT,1
CCCCTTTCCTGTGTAGGTCCAGCTC,1
CCCTTTCCTGTGTAGGTCCAGCTCA,1
CCTTTCCTGTGTAGGTCCAGCTCAT,1
CTTTCCTGTGTAGGTCCAGCTCATA,1
TTTCCTGTGTAGGTCCAGCTCATAC,1
TTCCTGTGTAGGTCCAGCTCATACC,1
TCCTGTGTAGGTCCAGCTCATACCT,1
CCTGTGTAGGTCCAGCTCATACCTC,1
CTGTGTAGGTCCAGCTCATACCTCA,1
TGTGTAGGTCCAGCTCATACCTCAG,1
GTGTAGGTCCAGCTCATACCTCAGT,1
TGTAGGTCCAGCTCATACCTCAGTA,1
GTAGGTCCAGCTCATACCTCAGTAA,1
TAGGTCCAGCTCATACCTCAGTAAC,1
AGGTCCAGCTCATACCTCAGTAACA,1
GGTCCAGCTCATACCTCAGTAACAA,1
GTCCAGCTCATACCTCAGTAACAAC,1
TCCAGCTCATACCTCAGTAACAACA,1
CCAGCTCATACCTCAGTAACAACAC,1
CAGCTCATACCTCAGTAACAACACT,1
AGCTCATACCTCAGTAACAACACTG,1
GCTCATACCTCAGTAACAACACTGA,1
CTCATACCTCAGTAACAACACTGAG,1
TCATACCTCAGTAACAACACTGAGG,1
CATACCTCAGTAACAACACTGAGGA,1
ATACCTCAGTAACAACACTGAGGAC,1
TACCTCAGTAACAACACTGAGGACG,1
ACCTCAGTAACAACACTGAGGACGC,1
CCTCAGTAACAACACTGAGGACGCC,1
CTCAGTAACAACACTGAGGACGCCT,1
TCAGTAACAACACTGAGGACGCCTT,1
CAGTAACAACACTGAGGACGCCTTG,1
AGTAACAACACTGAGGACGCCTTGG,1
GTAACAACACTGAGGACGCCTTGGA,1
TAACAACACTGAGGACGCCTTGGAT,1
CGCCGAGCGGCCGCTAGTTTAAACT,1
GCCGAGCGGCCGCTAGTTTAAACTT,1
CCGAGCGGCCGCTAGTTTAAACTTA,1
CGAGCGGCCGCTAGTTTAAACTTAA,1
GAGCGGCCGCTAGTTTAAACTTAAA,1
AGCGGCCGCTAGTTTAAACTTAAAC,1
GCGGCCGCTAGTTTAAACTTAAACG,1
CGGCCGCTAGTTTAAACTTAAACGA,1
GGCCGCTAGTTTAAACTTAAACGAT,1
GCCGCTAGTTTAAACTTAAACGATC,1
CCGCTAGTTTAAACTTAAACGATCG,1
CGCTAGTTTAAACTTAAACGATCGC,1
GCTAGTTTAAACTTAAACGATCGCT,1
CTAGTTTAAACTTAAACGATCGCTC,1
TAGTTTAAACTTAAACGATCGCTCC,1
AGTTTAAACTTAAACGATCGCTCCC,1
GTTTAAACTTAAACGATCGCTCCCC,1
TTTAAACTTAAACGATCGCTCCCCG,1
TTAAACTTAAACGATCGCTCCCCGA,1
TAAACTTAAACGATCGCTCCCCGAG,1
AAACTTAAACGATCGCTCCCCGAGG,1
AACTTAAACGATCGCTCCCCGAGGA,1
ACTTAAACGATCGCTCCCCGAGGAG,1
CTTAAACGATCGCTCCCCGAGGAGG,1
TTAAACGATCGCTCCCCGAGGAGGA,1
TAAACGATCGCTCCCCGAGGAGGAG,1
AAACGATCGCTCCCCGAGGAGGAGG,1
AACGATCGCTCCCCGAGGAGGAGGG,1
ACGATCGCTCCCCGAGGAGGAGGGG,1
CGATCGCTCCCCGAGGAGGAGGGGA,1
GATCGCTCCCCGAGGAGGAGGGGAC,1
ATCGCTCCCCGAGGAGGAGGGGACC,1
TCGCTCCCCGAGGAGGAGGGGACCC,1
CGCTCCCCGAGGAGGAGGGGACCCG,1
GCTCCCCGAGGAGGAGGGGACCCGC,1
CTCCCCGAGGAGGAGGGGACCCGCC,1
TCCCCGAGGAGGAGGGGACCCGCCG,1
CCCCGAGGAGGAGGGGACCCGCCGC,1
CCCGAGGAGGAGGGGACCCGCCGCG,1
CCGAGGAGGAGGGGACCCGCCGCGC,1
CGAGGAGGAGGGGACCCGCCGCGCG,1
GAGGAGGAGGGGACCCGCCGCGCGA,1
AGGAGGAGGGGACCCGCCGCGCGAT,1
GGAGGAGGGGACCCGCCGCGCGATT,1
GAGGAGGGGACCCGCCGCGCGATTG,1
AGGAGGGGACCCGCCGCGCGATTGA,1
GGAGGGGACCCGCCGCGCGATTGAC,1
GAGGGGACCCGCCGCGCGATTGACA,1
AGGGGACCCGCCGCGCGATTGACAG,1
GGGGACCCGCCGCGCGATTGACAGT,1
GGGACCCGCCGCGCGATTGACAGTC,1
GGACCCGCCGCGCGATTGACAGTCT,1
GACCCGCCGCGCGATTGACAGTCTA,1
ACCCGCCGCGCGATTGACAGTCTAT,1
CCCGCCGCGCGATTGACAGTCTATT,1
CCGCCGCGCGATTGACAGTCTATTC,1
CGCCGCGCGATTGACAGTCTATTCC,1
GCCGCGCGATTGACAGTCTATTCCT,1
CCGCGCGATTGACAGTCTATTCCTG,1
CGCGCGATTGACAGTCTATTCCTGC,1
GCGCGATTGACAGTCTATTCCTGCA,1
CGCGATTGACAGTCTATTCCTGCAG,1
GCGATTGACAGTCTATTCCTGCAGG,1
CGATTGACAGTCTATTCCTGCAGGC,1
GATTGACAGTCTATTCCTGCAGGCG,1
ATTGACAGTCTATTCCTGCAGGCGC,1
TTGACAGTCTATTCCTGCAGGCGCC,1
TGACAGTCTATTCCTGCAGGCGCCG,1
GACAGTCTATTCCTGCAGGCGCCGT,1
ACAGTCTATTCCTGCAGGCGCCGTC,1
CAGTCTATTCCTGCAGGCGCCGTCC,1
AGTCTATTCCTGCAGGCGCCGTCCC,1
GTCTATTCCTGCAGGCGCCGTCCCT,1
TCTATTCCTGCAGGCGCCGTCCCTC,1
CTATTCCTGCAGGCGCCGTCCCTCA,1
TATTCCTGCAGGCGCCGTCCCTCAG,1
AAGGTTCTGCAGCTCCTTCGTCTTC,1
AGGTTCTGCAGCTCCTTCGTCTTCG,1
GGTTCTGCAGCTCCTTCGTCTTCGA,1
GTTCTGCAGCTCCTTCGTCTTCGAC,1
TTCTGCAGCTCCTTCGTCTTCGACA,1
TCTGCAGCTCCTTCGTCTTCGACAG,1
CTGCAGCTCCTTCGTCTTCGACAGA,1
TGCAGCTCCTTCGTCTTCGACAGAT,1
GCAGCTCCTTCGTCTTCGACAGATC,1
CAGCTCCTTCGTCTTCGACAGATCT,1
AGCTCCTTCGTCTTCGACAGATCTT,1
CAGGCCCATTGGCAGTTGAACAGAT,1
AGGCCCATTGGCAGTTGAACAGATG,1
GGCCCATTGGCAGTTGAACAGATGG,1
GCCCATTGGCAGTTGAACAGATGGT,1
CCCATTGGCAGTTGAACAGATGGTC,1
CCATTGGCAGTTGAACAGATGGTCA,1
CATTGGCAGTTGAACAGATGGTCAG,1
ATTGGCAGTTGAACAGATGGTCAGG,1
TTGGCAGTTGAACAGATGGTCAGGG,1
TGGCAGTTGAACAGATGGTCAGGGG,1
GGCAGTTGAACAGATGGTCAGGGGC,1
GCAGTTGAACAGATGGTCAGGGGCT,1
CAGTTGAACAGATGGTCAGGGGCTT,1
AGTTGAACAGATGGTCAGGGGCTTT,1
GTTGAACAGATGGTCAGGGGCTTTT,1
TTGAACAGATGGTCAGGGGCTTTTT,1
TGAACAGATGGTCAGGGGCTTTTTA,1
GAACAGATGGTCAGGGGCTTTTTAC,1
AACAGATGGTCAGGGGCTTTTTACC,1
ACAGATGGTCAGGGGCTTTTTACCA,1
CAGATGGTCAGGGGCTTTTTACCAC,1
AGATGGTCAGGGGCTTTTTACCACA,1
GATGGTCAGGGGCTTTTTACCACAG,1
ATGGTCAGGGGCTTTTTACCACAGG,1
TGGTCAGGGGCTTTTTACCACAGGA,1
GGTCAGGGGCTTTTTACCACAGGAC,1
GTCAGGGGCTTTTTACCACAGGACC,1
TCAGGGGCTTTTTACCACAGGACCA,1
CAGGGGCTTTTTACCACAGGACCAC,1
AGGGGCTTTTTACCACAGGACCACA,1
GGGGCTTTTTACCACAGGACCACAG,1
GGGCTTTTTACCACAGGACCACAGA,1
GGCTTTTTACCACAGGACCACAGAC,1
GCTTTTTACCACAGGACCACAGACA,1
CTTTTTACCACAGGACCACAGACAA,1
TTTTTACCACAGGACCACAGACAAA,1
TTTTACCACAGGACCACAGACAAAA,1
TTTACCACAGGACCACAGACAAAAG,1
TTACCACAGGACCACAGACAAAAGA,1
TACCACAGGACCACAGACAAAAGAA,1
ACCACAGGACCACAGACAAAAGAAG,1
CCACAGGACCACAGACAAAAGAAGG,1
CACAGGACCACAGACAAAAGAAGGG,1
ACAGGACCACAGACAAAAGAAGGGA,1
CAGGACCACAGACAAAAGAAGGGAC,1
AGGACCACAGACAAAAGAAGGGACG,1
GGACCACAGACAAAAGAAGGGACGG,1
GACCACAGACAAAAGAAGGGACGGA,1
ACCACAGACAAAAGAAGGGACGGAG,1
CCACAGACAAAAGAAGGGACGGAGG,1
CACAGACAAAAGAAGGGACGGAGGG,1
ACAGACAAAAGAAGGGACGGAGGGG,1
CAGACAAAAGAAGGGACGGAGGGGG,1
AGACAAAAGAAGGGACGGAGGGGGC,1
GACAAAAGAAGGGACGGAGGGGGCC,1
ACAAAAGAAGGGACGGAGGGGGCCA,1
CAAAAGAAGGGACGGAGGGGGCCAG,1
AAAAGAAGGGACGGAGGGGGCCAGA,1
AAAGAAGGGACGGAGGGGGCCAGAG,1
AAGAAGGGACGGAGGGGGCCAGAGA,1
AGAAGGGACGGAGGGGGCCAGAGAA,1
GAAGGGACGGAGGGGGCCAGAGAAA,1
AAGGGACGGAGGGGGCCAGAGAAAG,1
AGGGACGGAGGGGGCCAGAGAAAGA,1
GGGACGGAGGGGGCCAGAGAAAGAG,1
GGACGGAGGGGGCCAGAGAAAGAGA,1
GACGGAGGGGGCCAGAGAAAGAGAT,1
ACGGAGGGGGCCAGAGAAAGAGATG,1
CGGAGGGGGCCAGAGAAAGAGATGC,1
GGAGGGGGCCAGAGAAAGAGATGCT,1
GAGGGGGCCAGAGAAAGAGATGCTA,1
AGGGGGCCAGAGAAAGAGATGCTAG,1
GGGGGCCAGAGAAAGAGATGCTAGG,1
GGGGCCAGAGAAAGAGATGCTAGGG,1
GGGCCAGAGAAAGAGATGCTAGGGA,1
GGCCAGAGAAAGAGATGCTAGGGAA,1
CTTCCCTGCATAATGGCCTTGTGCA,1
TTCCCTGCATAATGGCCTTGTGCAA,1
TCCCTGCATAATGGCCTTGTGCAAA,1
CCCTGCATAATGGCCTTGTGCAAAA,1
CCTGCATAATGGCCTTGTGCAAAAA,1
CTGCATAATGGCCTTGTGCAAAAAT,1
TGCATAATGGCCTTGTGCAAAAATG,1
GCATAATGGCCTTGTGCAAAAATGA,1
CATAATGGCCTTGTGCAAAAATGAG,1
ATAATGGCCTTGTGCAAAAATGAGA,1
TAATGGCCTTGTGCAAAAATGAGAA,1
AATGGCCTTGTGCAAAAATGAGAAG,1
ATGGCCTTGTGCAAAAATGAGAAGA,1
TGGCCTTGTGCAAAAATGAGAAGAA,1
GGCCTTGTGCAAAAATGAGAAGAAA,1
GCCTTGTGCAAAAATGAGAAGAAAC,1
CCTTGTGCAAAAATGAGAAGAAACA,1
CTTGTGCAAAAATGAGAAGAAACAG,1
TTGTGCAAAAATGAGAAGAAACAGA,1
TGTGCAAAAATGAGAAGAAACAGAA,1
GTGCAAAAATGAGAAGAAACAGAAA,1
TGCAAAAATGAGAAGAAACAGAAAG,1
GCAAAAATGAGAAGAAACAGAAAGA,1
CAAAAATGAGAAGAAACAGAAAGAA,1
AAAAATGAGAAGAAACAGAAAGAAG,1
AAAATGAGAAGAAACAGAAAGAAGA,1
AAATGAGAAGAAACAGAAAGAAGAA,1
AATGAGAAGAAACAGAAAGAAGAAA,1
ATGAGAAGAAACAGAAAGAAGAAAG,1
TGAGAAGAAACAGAAAGAAGAAAGA,1
GAGAAGAAACAGAAAGAAGAAAGAA,1
AGAAGAAACAGAAAGAAGAAAGAAG,1
GAAGAAACAGAAAGAAGAAAGAAGA,1
AAGAAACAGAAAGAAGAAAGAAGAC,1
AGAAACAGAAAGAAGAAAGAAGACC,1
GAAACAGAAAGAAGAAAGAAGACCG,1
AAACAGAAAGAAGAAAGAAGACCGT,1
AACAGAAAGAAGAAAGAAGACCGTT,1
ACAGAAAGAAGAAAGAAGACCGTTG,1
CAGAAAGAAGAAAGAAGACCGTTGT,1
AGAAAGAAGAAAGAAGACCGTTGTC,1
GAAAGAAGAAAGAAGACCGTTGTCT,1
AAAGAAGAAAGAAGACCGTTGTCTC,1
AAGAAGAAAGAAGACCGTTGTCTCA,1
AGAAGAAAGAAGACCGTTGTCTCAT,1
GAAGAAAGAAGACCGTTGTCTCATC,1
AAGAAAGAAGACCGTTGTCTCATCA,1
AGAAAGAAGACCGTTGTCTCATCAG,1
GAAAGAAGACCGTTGTCTCATCAGA,1
AAAGAAGACCGTTGTCTCATCAGAG,1
AAGAAGACCGTTGTCTCATCAGAGT,1
AGAAGACCGTTGTCTCATCAGAGTG,1
GAAGACCGTTGTCTCATCAGAGTGC,1
AAGACCGTTGTCTCATCAGAGTGCT,1
AGACCGTTGTCTCATCAGAGTGCTC,1
GACCGTTGTCTCATCAGAGTGCTCC,1
ACCGTTGTCTCATCAGAGTGCTCCT,1
CCGTTGTCTCATCAGAGTGCTCCTC,1
CGTTGTCTCATCAGAGTGCTCCTCC,1
GTTGTCTCATCAGAGTGCTCCTCCA,1
TTGTCTCATCAGAGTGCTCCTCCAC,1
TGTCTCATCAGAGTGCTCCTCCACA,1
GTCTCATCAGAGTGCTCCTCCACAC,1
TCTCATCAGAGTGCTCCTCCACACG,1
CTCATCAGAGTGCTCCTCCACACGT,1
TCATCAGAGTGCTCCTCCACACGTC,1
CATCAGAGTGCTCCTCCACACGTCC,1
ATCAGAGTGCTCCTCCACACGTCCA,1
TCAGAGTGCTCCTCCACACGTCCAG,1
CAGAGTGCTCCTCCACACGTCCAGA,1
AGAGTGCTCCTCCACACGTCCAGAC,1
GAGTGCTCCTCCACACGTCCAGACG,1
AGTGCTCCTCCACACGTCCAGACGA,1
GTGCTCCTCCACACGTCCAGACGAC,1
TGCTCCTCCACACGTCCAGACGACA,1
GCTCCTCCACACGTCCAGACGACAC,1
CTCATATTGTTCCTTAGCCTGACTT,1
TCATATTGTTCCTTAGCCTGACTTT,1
CATATTGTTCCTTAGCCTGACTTTC,1
ATATTGTTCCTTAGCCTGACTTTCT,1
TATTGTTCCTTAGCCTGACTTTCTT,1
ATTGTTCCTTAGCCTGACTTTCTTT,1
TTGTTCCTTAGCCTGACTTTCTTTT,1
TGTTCCTTAGCCTGACTTTCTTTTA,1
GTTCCTTAGCCTGACTTTCTTTTAC,1
TTCCTTAGCCTGACTTTCTTTTACC,1
TCCTTAGCCTGACTTTCTTTTACCA,1
CCTTAGCCTGACTTTCTTTTACCAG,1
CTTAGCCTGACTTTCTTTTACCAGA,1
TTAGCCTGACTTTCTTTTACCAGAT,1
TAGCCTGACTTTCTTTTACCAGATC,1
AGCCTGACTTTCTTTTACCAGATCA,1
GCCTGACTTTCTTTTACCAGATCAA,1
CCTGACTTTCTTTTACCAGATCAAT,1
CTGACTTTCTTTTACCAGATCAATT,1
TGACTTTCTTTTACCAGATCAATTT,1
GACTTTCTTTTACCAGATCAATTTT,1
ACTTTCTTTTACCAGATCAATTTTA,1
CTTTCTTTTACCAGATCAATTTTAT,1
TTTCTTTTACCAGATCAATTTTATT,1
TTCTTTTACCAGATCAATTTTATTC,1
TCTTTTACCAGATCAATTTTATTCT,1
CTTTTACCAGATCAATTTTATTCTG,1
TTTTACCAGATCAATTTTATTCTGT,1
TTTACCAGATCAATTTTATTCTGTA,1
TTACCAGATCAATTTTATTCTGTAA,1
TACCAGATCAATTTTATTCTGTAAG,1
ACCAGATCAATTTTATTCTGTAAGA,1
CCAGATCAATTTTATTCTGTAAGAT,1
CAGATCAATTTTATTCTGTAAGATC,1
AGATCAATTTTATTCTGTAAGATCA,1
GATCAATTTTATTCTGTAAGATCAA,1
ATCAATTTTATTCTGTAAGATCAAA,1
TCAATTTTATTCTGTAAGATCAAAA,1
CAATTTTATTCTGTAAGATCAAAAT,1
AATTTTATTCTGTAAGATCAAAATA,1
ATTTTATTCTGTAAGATCAAAATAT,1
TTTTATTCTGTAAGATCAAAATATG,1
TTTATTCTGTAAGATCAAAATATGC,1
TTATTCTGTAAGATCAAAATATGCT,1
TATTCTGTAAGATCAAAATATGCTT,1
ATTCTGTAAGATCAAAATATGCTTG,1
TTCTGTAAGATCAAAATATGCTTGA,1
TCTGTAAGATCAAAATATGCTTGAG,1
CTGTAAGATCAAAATATGCTTGAGT,1
TGTAAGATCAAAATATGCTTGAGTT,1
GTAAGATCAAAATATGCTTGAGTTT,1
TAAGATCAAAATATGCTTGAGTTTC,1
AAGATCAAAATATGCTTGAGTTTCA,1
AGATCAAAATATGCTTGAGTTTCAT,1
GATCAAAATATGCTTGAGTTTCATG,1
ATCAAAATATGCTTGAGTTTCATGA,1
TCAAAATATGCTTGAGTTTCATGAT,1
CAAAATATGCTTGAGTTTCATGATT,1
AAAATATGCTTGAGTTTCATGATTT,1
AAATATGCTTGAGTTTCATGATTTC,1
AATATGCTTGAGTTTCATGATTTCT,1
ATATGCTTGAGTTTCATGATTTCTA,1
TATGCTTGAGTTTCATGATTTCTAT,1
ATGCTTGAGTTTCATGATTTCTATG,1
TGCTTGAGTTTCATGATTTCTATGG,1
GCTTGAGTTTCATGATTTCTATGGC,1
CTTGAGTTTCATGATTTCTATGGCA,1
TTGAGTTTCATGATTTCTATGGCAG,1
TGAGTTTCATGATTTCTATGGCAGC,1
GAGTTTCATGATTTCTATGGCAGCC,1
AGTTTCATGATTTCTATGGCAGCCA,1
GTTTCATGATTTCTATGGCAGCCAG,1
TTTCATGATTTCTATGGCAGCCAGT,1
TTCATGATTTCTATGGCAGCCAGTT,1
TCATGATTTCTATGGCAGCCAGTTG,1
CATGATTTCTATGGCAGCCAGTTGT,1
CCCGCCTGGAAGGACTGACCGACGA,1
CCGCCTGGAAGGACTGACCGACGAG,1
CGCCTGGAAGGACTGACCGACGAGA,1
GCCTGGAAGGACTGACCGACGAGAT,1
CCTGGAAGGACTGACCGACGAGATC,1
CTGGAAGGACTGACCGACGAGATCA,1
TGGAAGGACTGACCGACGAGATCAA,1
GGAAGGACTGACCGACGAGATCAAC,1
GAAGGACTGACCGACGAGATCAACT,1
AAGGACTGACCGACGAGATCAACTT,1
AGGACTGACCGACGAGATCAACTTC,1
GGACTGACCGACGAGATCAACTTCC,1
GACTGACCGACGAGATCAACTTCCT,1
ACTGACCGACGAGATCAACTTCCTC,1
CTGACCGACGAGATCAACTTCCTCC,1
TGACCGACGAGATCAACTTCCTCCG,1
GACCGACGAGATCAACTTCCTCCGG,1
ACCGACGAGATCAACTTCCTCCGGC,1
CCGACGAGATCAACTTCCTCCGGCA,1
CGACGAGATCAACTTCCTCCGGCAG,1
GACGAGATCAACTTCCTCCGGCAGA,1
ACGAGATCAACTTCCTCCGGCAGAT,1
CGAGATCAACTTCCTCCGGCAGATC,1
GAGATCAACTTCCTCCGGCAGATCC,1
AGATCAACTTCCTCCGGCAGATCCA,1
GATCAACTTCCTCCGGCAGATCCAT,1
ATCAACTTCCTCCGGCAGATCCATG,1
TCAACTTCCTCCGGCAGATCCATGA,1
CAACTTCCTCCGGCAGATCCATGAA,1
AACTTCCTCCGGCAGATCCATGAAG,1
ACTTCCTCCGGCAGATCCATGAAGA,1
CTTCCTCCGGCAGATCCATGAAGAG,1
TTCCTCCGGCAGATCCATGAAGAGG,1
TCCTCCGGCAGATCCATGAAGAGGA,1
CCTCCGGCAGATCCATGAAGAGGAG,1
CTCCGGCAGATCCATGAAGAGGAGA,1
TCCGGCAGATCCATGAAGAGGAGAT,1
CCGGCAGATCCATGAAGAGGAGATC,1
CGGCAGATCCATGAAGAGGAGATCC,1
GGCAGATCCATGAAGAGGAGATCCG,1
GCAGATCCATGAAGAGGAGATCCGT,1
CAGATCCATGAAGAGGAGATCCGTG,1
AGATCCATGAAGAGGAGATCCGTGA,1
GATCCATGAAGAGGAGATCCGTGAG,1
ATCCATGAAGAGGAGATCCGTGAGT,1
TCCATGAAGAGGAGATCCGTGAGTT,1
CCATGAAGAGGAGATCCGTGAGTTG,1
CATGAAGAGGAGATCCGTGAGTTGC,1
ATGAAGAGGAGATCCGTGAGTTGCA,1
TGAAGAGGAGATCCGTGAGTTGCAG,1
GAAGAGGAGATCCGTGAGTTGCAGT,1
AAGAGGAGATCCGTGAGTTGCAGTC,1
AGAGGAGATCCGTGAGTTGCAGTCT,1
GAGGAGATCCGTGAGTTGCAGTCTC,1
AGGAGATCCGTGAGTTGCAGTCTCA,1
GGAGATCCGTGAGTTGCAGTCTCAG,1
GAGATCCGTGAGTTGCAGTCTCAGA,1
AGATCCGTGAGTTGCAGTCTCAGAT,1
GATCCGTGAGTTGCAGTCTCAGATC,1
ATCCGTGAGTTGCAGTCTCAGATCT,1
TCCGTGAGTTGCAGTCTCAGATCTC,1
CCGTGAGTTGCAGTCTCAGATCTCA,1
CGTGAGTTGCAGTCTCAGATCTCAG,1
GTGAGTTGCAGTCTCAGATCTCAGA,1
TGAGTTGCAGTCTCAGATCTCAGAC,1
GAGTTGCAGTCTCAGATCTCAGACA,1
AGTTGCAGTCTCAGATCTCAGACAC,1
GTTGCAGTCTCAGATCTCAGACACG,1
TTGCAGTCTCAGATCTCAGACACGT,1
TGCAGTCTCAGATCTCAGACACGTC,1
GCAGTCTCAGATCTCAGACACGTCT,1
CAGTCTCAGATCTCAGACACGTCTG,1
AGTCTCAGATCTCAGACACGTCTGT,1
GTCTCAGATCTCAGACACGTCTGTG,1
TCTCAGATCTCAGACACGTCTGTGG,1
CTCAGATCTCAGACACGTCTGTGGT,1
GGCCAGCCAATGCCAGGGGCAGGTC,1
GCCAGCCAATGCCAGGGGCAGGTCC,1
CCAGCCAATGCCAGGGGCAGGTCCC,1
CAGCCAATGCCAGGGGCAGGTCCCA,1
AGCCAATGCCAGGGGCAGGTCCCAA,1
GCCAATGCCAGGGGCAGGTCCCAAT,1
CCAATGCCAGGGGCAGGTCCCAATA,1
CAATGCCAGGGGCAGGTCCCAATAT,1
AATGCCAGGGGCAGGTCCCAATATG,1
ATGCCAGGGGCAGGTCCCAATATGT,1
TGCCAGGGGCAGGTCCCAATATGTT,1
GCCAGGGGCAGGTCCCAATATGTTC,1
CCAGGGGCAGGTCCCAATATGTTCT,1
CAGGGGCAGGTCCCAATATGTTCTC,1
AGGGGCAGGTCCCAATATGTTCTCT,1
GGGGCAGGTCCCAATATGTTCTCTG,1
GGGCAGGTCCCAATATGTTCTCTGG,1
GGCAGGTCCCAATATGTTCTCTGGT,1
GCAGGTCCCAATATGTTCTCTGGTG,1
CAGGTCCCAATATGTTCTCTGGTGG,1
AGGTCCCAATATGTTCTCTGGTGGC,1
GGTCCCAATATGTTCTCTGGTGGCT,1
GTCCCAATATGTTCTCTGGTGGCTA,1
TCCCAATATGTTCTCTGGTGGCTAC,1
CCCAATATGTTCTCTGGTGGCTACC,1
CCAATATGTTCTCTGGTGGCTACCC,1
CAATATGTTCTCTGGTGGCTACCCT,1
AATATGTTCTCTGGTGGCTACCCTG,1
ATATGTTCTCTGGTGGCTACCCTGG,1
TATGTTCTCTGGTGGCTACCCTGGA,1
ATGTTCTCTGGTGGCTACCCTGGAT,1
TGTTCTCTGGTGGCTACCCTGGATA,1
GTTCTCTGGTGGCTACCCTGGATAC,1
TTCTCTGGTGGCTACCCTGGATACC,1
TCTCTGGTGGCTACCCTGGATACCT,1
CTCTGGTGGCTACCCTGGATACCTG,1
TCTGGTGGCTACCCTGGATACCTGG,1
CTGGTGGCTACCCTGGATACCTGGG,1
TGGTGGCTACCCTGGATACCTGGGT,1
GGTGGCTACCCTGGATACCTGGGTT,1
GTGGCTACCCTGGATACCTGGGTTA,1
TGGCTACCCTGGATACCTGGGTTAT,1
GGCTACCCTGGATACCTGGGTTATT,1
GCTACCCTGGATACCTGGGTTATTC,1
CTACCCTGGATACCTGGGTTATTCT,1
TACCCTGGATACCTGGGTTATTCTG,1
ACCCTGGATACCTGGGTTATTCTGA,1
CCCTGGATACCTGGGTTATTCTGAC,1
CCTGGATACCTGGGTTATTCTGACA,1
CTGGATACCTGGGTTATTCTGACAG,1
TGGATACCTGGGTTATTCTGACAGC,1
GGATACCTGGGTTATTCTGACAGCT,1
GATACCTGGGTTATTCTGACAGCTA,1
ATACCTGGGTTATTCTGACAGCTAC,1
TACCTGGGTTATTCTGACAGCTACT,1
ACCTGGGTTATTCTGACAGCTACTC,1
CCTGGGTTATTCTGACAGCTACTCC,1
CTGGGTTATTCTGACAGCTACTCCC,1
TGGGTTATTCTGACAGCTACTCCCC,1
GGGTTATTCTGACAGCTACTCCCCT,1
GGTTATTCTGACAGCTACTCCCCTG,1
GTTATTCTGACAGCTACTCCCCTGC,1
TTATTCTGACAGCTACTCCCCTGCC,1
TATTCTGACAGCTACTCCCCTGCCG,1
ATTCTGACAGCTACTCCCCTGCCGA,1
TTCTGACAGCTACTCCCCTGCCGAC,1
TCTGACAGCTACTCCCCTGCCGACG,1
CTGACAGCTACTCCCCTGCCGACGA,1
TGACAGCTACTCCCCTGCCGACGAC,1
GACAGCTACTCCCCTGCCGACGACT,1
ACAGCTACTCCCCTGCCGACGACTC,1
CAGCTACTCCCCTGCCGACGACTCC,1
AGCTACTCCCCTGCCGACGACTCCA,1
GCTACTCCCCTGCCGACGACTCCAT,1
CTACTCCCCTGCCGACGACTCCATG,1
TACTCCCCTGCCGACGACTCCATGT,1
CACACCCATTAATTAATTTAAACCT,1
ACACCCATTAATTAATTTAAACCTA,1
CACCCATTAATTAATTTAAACCTAG,1
ACCCATTAATTAATTTAAACCTAGG,1
CCCATTAATTAATTTAAACCTAGGG,1
CCATTAATTAATTTAAACCTAGGGA,1
CATTAATTAATTTAAACCTAGGGAT,1
ATTAATTAATTTAAACCTAGGGATT,1
TTAATTAATTTAAACCTAGGGATTT,1
TAATTAATTTAAACCTAGGGATTTT,1
AATTAATTTAAACCTAGGGATTTTA,1
ATTAATTTAAACCTAGGGATTTTAT,1
TTAATTTAAACCTAGGGATTTTATT,1
TAATTTAAACCTAGGGATTTTATTT,1
AATTTAAACCTAGGGATTTTATTTA,1
ATTTAAACCTAGGGATTTTATTTAT,1
TTTAAACCTAGGGATTTTATTTATT,1
TTAAACCTAGGGATTTTATTTATTT,1
TAAACCTAGGGATTTTATTTATTTT,1
AAACCTAGGGATTTTATTTATTTTA,1
AACCTAGGGATTTTATTTATTTTAG,1
ACCTAGGGATTTTATTTATTTTAGC,1
CCTAGGGATTTTATTTATTTTAGCA,1
CTAGGGATTTTATTTATTTTAGCAA,1
TAGGGATTTTATTTATTTTAGCAAC,1
AGGGATTTTATTTATTTTAGCAACA,1
GGGATTTTATTTATTTTAGCAACAT,1
GGATTTTATTTATTTTAGCAACATC,1
GATTTTATTTATTTTAGCAACATCT,1
ATTTTATTTATTTTAGCAACATCTA,1
TTTTATTTATTTTAGCAACATCTAG,1
TTTATTTATTTTAGCAACATCTAGC,1
TTATTTATTTTAGCAACATCTAGCC,1
TATTTATTTTAGCAACATCTAGCCT,1
ATTTATTTTAGCAACATCTAGCCTA,1
TTTATTTTAGCAACATCTAGCCTAT,1
TTATTTTAGCAACATCTAGCCTATC,1
TATTTTAGCAACATCTAGCCTATCA,1
ATTTTAGCAACATCTAGCCTATCAG,1
TTTTAGCAACATCTAGCCTATCAGT,1
TTTAGCAACATCTAGCCTATCAGTT,1
TTAGCAACATCTAGCCTATCAGTTT,1
TAGCAACATCTAGCCTATCAGTTTA,1
AGCAACATCTAGCCTATCAGTTTAC,1
GCAACATCTAGCCTATCAGTTTACT,1
CAACATCTAGCCTATCAGTTTACTC,1
AACATCTAGCCTATCAGTTTACTCC,1
ACATCTAGCCTATCAGTTTACTCCA,1
CATCTAGCCTATCAGTTTACTCCAT,1
ATCTAGCCTATCAGTTTACTCCATT,1
TCTAGCCTATCAGTTTACTCCATTC,1
CTAGCCTATCAGTTTACTCCATTCT,1
TAGCCTATCAGTTTACTCCATTCTA,1
AGCCTATCAGTTTACTCCATTCTAT,1
GCCTATCAGTTTACTCCATTCTATG,1
CCTATCAGTTTACTCCATTCTATGA,1
CTATCAGTTTACTCCATTCTATGAT,1
TATCAGTTTACTCCATTCTATGATC,1
ATCAGTTTACTCCATTCTATGATCA,1
TCAGTTTACTCCATTCTATGATCAG,1
CAGTTTACTCCATTCTATGATCAGG,1
AGTTTACTCCATTCTATGATCAGGA,1
GTTTACTCCATTCTATGATCAGGAT,1
TTTACTCCATTCTATGATCAGGATG,1
TTACTCCATTCTATGATCAGGATGA,1
TACTCCATTCTATGATCAGGATGAG,1
ACTCCATTCTATGATCAGGATGAGC,1
CTCCATTCTATGATCAGGATGAGCC,1
TCCATTCTATGATCAGGATGAGCCT,1
CCATTCTATGATCAGGATGAGCCTC,1
CATTCTATGATCAGGATGAGCCTCA,1
ATTCTATGATCAGGATGAGCCTCAA,1
TTCTATGATCAGGATGAGCCTCAAA,1
TCTATGATCAGGATGAGCCTCAAAC,1
CTATGATCAGGATGAGCCTCAAACT,1
TATGATCAGGATGAGCCTCAAACTC,1
CCGGGTGCTGCTGGACCCAGATGGG,1
CGGGTGCTGCTGGACCCAGATGGGA,1
GGGTGCTGCTGGACCCAGATGGGAG,1
GGTGCTGCTGGACCCAGATGGGAGC,1
GTGCTGCTGGACCCAGATGGGAGCC,1
TGCTGCTGGACCCAGATGGGAGCCA,1
GCTGCTGGACCCAGATGGGAGCCAT,1
CTGCTGGACCCAGATGGGAGCCATG,1
TGCTGGACCCAGATGGGAGCCATGC,1
GCTGGACCCAGATGGGAGCCATGCA,1
CTGGACCCAGATGGGAGCCATGCAG,1
TGGACCCAGATGGGAGCCATGCAGG,1
GGACCCAGATGGGAGCCATGCAGGA,1
GACCCAGATGGGAGCCATGCAGGAC,1
ACCCAGATGGGAGCCATGCAGGACT,1
CCCAGATGGGAGCCATGCAGGACTT,1
CCAGATGGGAGCCATGCAGGACTTG,1
CAGATGGGAGCCATGCAGGACTTGA,1
AGATGGGAGCCATGCAGGACTTGAC,1
GATGGGAGCCATGCAGGACTTGACC,1
ATGGGAGCCATGCAGGACTTGACCA,1
TGGGAGCCATGCAGGACTTGACCAT,1
GGGAGCCATGCAGGACTTGACCATG,1
GGAGCCATGCAGGACTTGACCATGG,1
GAGCCATGCAGGACTTGACCATGGC,1
AGCCATGCAGGACTTGACCATGGCC,1
GCCATGCAGGACTTGACCATGGCCT,1
CCATGCAGGACTTGACCATGGCCTG,1
CATGCAGGACTTGACCATGGCCTGC,1
ATGCAGGACTTGACCATGGCCTGCA,1
TGCAGGACTTGACCATGGCCTGCAC,1
GCAGGACTTGACCATGGCCTGCACA,1
CAGGACTTGACCATGGCCTGCACAC,1
AGGACTTGACCATGGCCTGCACACA,1
GGACTTGACCATGGCCTGCACACAC,1
GACTTGACCATGGCCTGCACACACT,1
ACTTGACCATGGCCTGCACACACTT,1
CTTGACCATGGCCTGCACACACTTC,1
TTGACCATGGCCTGCACACACTTCT,1
TGACCATGGCCTGCACACACTTCTT,1
GACCATGGCCTGCACACACTTCTTC,1
ACCATGGCCTGCACACACTTCTTCC,1
CCATGGCCTGCACACACTTCTTCCC,1
CATGGCCTGCACACACTTCTTCCCA,1
ATGGCCTGCACACACTTCTTCCCAG,1
TGGCCTGCACACACTTCTTCCCAGG,1
GGCCTGCACACACTTCTTCCCAGGA,1
GCCTGCACACACTTCTTCCCAGGAG,1
CCTGCACACACTTCTTCCCAGGAGA,1
CTGCACACACTTCTTCCCAGGAGAA,1
TGCACACACTTCTTCCCAGGAGAAG,1
GCACACACTTCTTCCCAGGAGAAGG,1
CACACACTTCTTCCCAGGAGAAGGG,1
ACACACTTCTTCCCAGGAGAAGGGG,1
CACACTTCTTCCCAGGAGAAGGGGA,1
ACACTTCTTCCCAGGAGAAGGGGAA,1
CACTTCTTCCCAGGAGAAGGGGAAT,1
ACTTCTTCCCAGGAGAAGGGGAATG,1
CTTCTTCCCAGGAGAAGGGGAATGA,1
TTCTTCCCAGGAGAAGGGGAATGAG,1
TCTTCCCAGGAGAAGGGGAATGAGG,1
CTTCCCAGGAGAAGGGGAATGAGGA,1
TTCCCAGGAGAAGGGGAATGAGGAA,1
TCCCAGGAGAAGGGGAATGAGGAAG,1
CCCAGGAGAAGGGGAATGAGGAAGG,1
CCAGGAGAAGGGGAATGAGGAAGGT,1
CAGGAGAAGGGGAATGAGGAAGGTG,1
AGGAGAAGGGGAATGAGGAAGGTGG,1
GGAGAAGGGGAATGAGGAAGGTGGG,1
GAGAAGGGGAATGAGGAAGGTGGGG,1
AGAAGGGGAATGAGGAAGGTGGGGG,1
GAAGGGGAATGAGGAAGGTGGGGGC,1
AAGGGGAATGAGGAAGGTGGGGGCC,1
AGGGGAATGAGGAAGGTGGGGGCCT,1
GGGGAATGAGGAAGGTGGGGGCCTC,1
GGGAATGAGGAAGGTGGGGGCCTCA,1
CTTTGGTGCGGCTTGGCAGAAGGCA,1
TTTGGTGCGGCTTGGCAGAAGGCAG,1
TTGGTGCGGCTTGGCAGAAGGCAGG,1
TGGTGCGGCTTGGCAGAAGGCAGGG,1
GGTGCGGCTTGGCAGAAGGCAGGGG,1
GTGCGGCTTGGCAGAAGGCAGGGGA,1
TGCGGCTTGGCAGAAGGCAGGGGAC,1
GCGGCTTGGCAGAAGGCAGGGGACC,1
CGGCTTGGCAGAAGGCAGGGGACCA,1
GGCTTGGCAGAAGGCAGGGGACCAG,1
GCTTGGCAGAAGGCAGGGGACCAGG,1
CTTGGCAGAAGGCAGGGGACCAGGA,1
TTGGCAGAAGGCAGGGGACCAGGAA,1
TGGCAGAAGGCAGGGGACCAGGAAG,1
GGCAGAAGGCAGGGGACCAGGAAGG,1
GCAGAAGGCAGGGGACCAGGAAGGC,1
CAGAAGGCAGGGGACCAGGAAGGCA,1
AGAAGGCAGGGGACCAGGAAGGCAG,1
GAAGGCAGGGGACCAGGAAGGCAGG,1
AAGGCAGGGGACCAGGAAGGCAGGG,1
AGGCAGGGGACCAGGAAGGCAGGGG,1
GGCAGGGGACCAGGAAGGCAGGGGG,1
GCAGGGGACCAGGAAGGCAGGGGGT,1
CAGGGGACCAGGAAGGCAGGGGGTG,1
AGGGGACCAGGAAGGCAGGGGGTGT,1
GGGGACCAGGAAGGCAGGGGGTGTG,1
GGGACCAGGAAGGCAGGGGGTGTGG,1
GGACCAGGAAGGCAGGGGGTGTGGT,1
GACCAGGAAGGCAGGGGGTGTGGTG,1
ACCAGGAAGGCAGGGGGTGTGGTGG,1
CCAGGAAGGCAGGGGGTGTGGTGGC,1
CAGGAAGGCAGGGGGTGTGGTGGCT,1
AGGAAGGCAGGGGGTGTGGTGGCTG,1
GGAAGGCAGGGGGTGTGGTGGCTGC,1
GAAGGCAGGGGGTGTGGTGGCTGCC,1
AAGGCAGGGGGTGTGGTGGCTGCCC,1
AGGCAGGGGGTGTGGTGGCTGCCCA,1
GGCAGGGGGTGTGGTGGCTGCCCAG,1
GCAGGGGGTGTGGTGGCTGCCCAGG,1
CAGGGGGTGTGGTGGCTGCCCAGGA,1
AGGGGGTGTGGTGGCTGCCCAGGAA,1
GGGGGTGTGGTGGCTGCCCAGGAAG,1
GGGGTGTGGTGGCTGCCCAGGAAGC,1
GGGTGTGGTGGCTGCCCAGGAAGCT,1
GGTGTGGTGGCTGCCCAGGAAGCTC,1
GTGTGGTGGCTGCCCAGGAAGCTCT,1
TGTGGTGGCTGCCCAGGAAGCTCTG,1
GTGGTGGCTGCCCAGGAAGCTCTGT,1
TGGTGGCTGCCCAGGAAGCTCTGTC,1
GGTGGCTGCCCAGGAAGCTCTGTCC,1
GTGGCTGCCCAGGAAGCTCTGTCCC,1
TGGCTGCCCAGGAAGCTCTGTCCCC,1
GGCTGCCCAGGAAGCTCTGTCCCCA,1
GCTGCCCAGGAAGCTCTGTCCCCAG,1
CTGCCCAGGAAGCTCTGTCCCCAGC,1
TGCCCAGGAAGCTCTGTCCCCAGCG,1
GCCCAGGAAGCTCTGTCCCCAGCGT,1
CCCAGGAAGCTCTGTCCCCAGCGTA,1
CCAGGAAGCTCTGTCCCCAGCGTAC,1
CAGGAAGCTCTGTCCCCAGCGTACG,1
AGGAAGCTCTGTCCCCAGCGTACGG,1
GGAAGCTCTGTCCCCAGCGTACGGG,1
GAAGCTCTGTCCCCAGCGTACGGGG,1
AAGCTCTGTCCCCAGCGTACGGGGC,1
AGCTCTGTCCCCAGCGTACGGGGCT,1
GCTCTGTCCCCAGCGTACGGGGCTC,1
CTCTGTCCCCAGCGTACGGGGCTCC,1
TCTGTCCCCAGCGTACGGGGCTCCA,1
CTGTCCCCAGCGTACGGGGCTCCAG,1
TGTCCCCAGCGTACGGGGCTCCAGA,1
GTCCCCAGCGTACGGGGCTCCAGAT,1
TCCCCAGCGTACGGGGCTCCAGATC,1
CCCCAGCGTACGGGGCTCCAGATCT,1
CCCAGCGTACGGGGCTCCAGATCTG,1
CCAGCGTACGGGGCTCCAGATCTGG,1
CAGCGTACGGGGCTCCAGATCTGGG,1
GTCGCTGTTTCCGATACACAACCCC,1
TCGCTGTTTCCGATACACAACCCCT,1
CGCTGTTTCCGATACACAACCCCTG,1
GCTGTTTCCGATACACAACCCCTGG,1
CTGTTTCCGATACACAACCCCTGGC,1
TGTTTCCGATACACAACCCCTGGCC,1
GTTTCCGATACACAACCCCTGGCCA,1
TTTCCGATACACAACCCCTGGCCAC,1
TTCCGATACACAACCCCTGGCCACG,1
TCCGATACACAACCCCTGGCCACGG,1
CCGATACACAACCCCTGGCCACGGT,1
CGATACACAACCCCTGGCCACGGTG,1
GATACACAACCCCTGGCCACGGTGG,1
ATACACAACCCCTGGCCACGGTGGC,1
TACACAACCCCTGGCCACGGTGGCC,1
ACACAACCCCTGGCCACGGTGGCCG,1
CACAACCCCTGGCCACGGTGGCCGG,1
ACAACCCCTGGCCACGGTGGCCGGT,1
CAACCCCTGGCCACGGTGGCCGGTA,1
AACCCCTGGCCACGGTGGCCGGTAC,1
ACCCCTGGCCACGGTGGCCGGTACC,1
CCCCTGGCCACGGTGGCCGGTACCT,1
CCCTGGCCACGGTGGCCGGTACCTG,1
CCTGGCCACGGTGGCCGGTACCTGC,1
CTGGCCACGGTGGCCGGTACCTGCG,1
TGGCCACGGTGGCCGGTACCTGCGT,1
GGCCACGGTGGCCGGTACCTGCGTG,1
GCCACGGTGGCCGGTACCTGCGTGG,1
CCACGGTGGCCGGTACCTGCGTGGA,1
CACGGTGGCCGGTACCTGCGTGGAC,1
ACGGTGGCCGGTACCTGCGTGGACC,1
CGGTGGCCGGTACCTGCGTGGACCA,1
GGTGGCCGGTACCTGCGTGGACCAT,1
GTGGCCGGTACCTGCGTGGACCATG,1
TGGCCGGTACCTGCGTGGACCATGC,1
GGCCGGTACCTGCGTGGACCATGCC,1
GCCGGTACCTGCGTGGACCATGCCG,1
CCGGTACCTGCGTGGACCATGCCGT,1
CGGTACCTGCGTGGACCATGCCGTG,1
GGTACCTGCGTGGACCATGCCGTGG,1
GTACCTGCGTGGACCATGCCGTGGT,1
TACCTGCGTGGACCATGCCGTGGTG,1
ACCTGCGTGGACCATGCCGTGGTGC,1
CCTGCGTGGACCATGCCGTGGTGCC,1
CTGCGTGGACCATGCCGTGGTGCCT,1
TGCGTGGACCATGCCGTGGTGCCTT,1
GCGTGGACCATGCCGTGGTGCCTTA,1
CGTGGACCATGCCGTGGTGCCTTAT,1
GTGGACCATGCCGTGGTGCCTTATG,1
TGGACCATGCCGTGGTGCCTTATGG,1
GGACCATGCCGTGGTGCCTTATGGG,1
GACCATGCCGTGGTGCCTTATGGGG,1
ACCATGCCGTGGTGCCTTATGGGGG,1
CCATGCCGTGGTGCCTTATGGGGGC,1
CATGCCGTGGTGCCTTATGGGGGCG,1
ATGCCGTGGTGCCTTATGGGGGCGA,1
TGCCGTGGTGCCTTATGGGGGCGAG,1
GCCGTGGTGCCTTATGGGGGCGAGG,1
CCGTGGTGCCTTATGGGGGCGAGGG,1
CGTGGTGCCTTATGGGGGCGAGGGG,1
GTGGTGCCTTATGGGGGCGAGGGGC,1
TGGTGCCTTATGGGGGCGAGGGGCC,1
GGTGCCTTATGGGGGCGAGGGGCCT,1
GTGCCTTATGGGGGCGAGGGGCCTC,1
TGCCTTATGGGGGCGAGGGGCCTCT,1
GCCTTATGGGGGCGAGGGGCCTCTC,1
CCTTATGGGGGCGAGGGGCCTCTCA,1
CTTATGGGGGCGAGGGGCCTCTCAT,1
TTATGGGGGCGAGGGGCCTCTCATG,1
TATGGGGGCGAGGGGCCTCTCATGC,1
ATGGGGGCGAGGGGCCTCTCATGCA,1
TGGGGGCGAGGGGCCTCTCATGCAC,1
GGGGGCGAGGGGCCTCTCATGCACT,1
GGGGCGAGGGGCCTCTCATGCACTG,1
GGGCGAGGGGCCTCTCATGCACTGC,1
GGCGAGGGGCCTCTCATGCACTGCA,1
CCTAGCTTCCCAATGCTTTGACCCC,1
CTAGCTTCCCAATGCTTTGACCCCC,1
TAGCTTCCCAATGCTTTGACCCCCA,1
AGCTTCCCAATGCTTTGACCCCCAA,1
GCTTCCCAATGCTTTGACCCCCAAC,1
CTTCCCAATGCTTTGACCCCCAACA,1
TTCCCAATGCTTTGACCCCCAACAA,1
TCCCAATGCTTTGACCCCCAACAAA,1
CCCAATGCTTTGACCCCCAACAAAG,1
CCAATGCTTTGACCCCCAACAAAGA,1
CAATGCTTTGACCCCCAACAAAGAT,1
AATGCTTTGACCCCCAACAAAGATC,1
ATGCTTTGACCCCCAACAAAGATCT,1
TGCTTTGACCCCCAACAAAGATCTC,1
GCTTTGACCCCCAACAAAGATCTCA,1
CTTTGACCCCCAACAAAGATCTCAG,1
TTTGACCCCCAACAAAGATCTCAGC,1
TTGACCCCCAACAAAGATCTCAGCA,1
TGACCCCCAACAAAGATCTCAGCAC,1
GACCCCCAACAAAGATCTCAGCACA,1
ACCCCCAACAAAGATCTCAGCACAC,1
CCCCCAACAAAGATCTCAGCACACC,1
CCCCAACAAAGATCTCAGCACACCG,1
CCCAACAAAGATCTCAGCACACCGT,1
CCAACAAAGATCTCAGCACACCGTC,1
CAACAAAGATCTCAGCACACCGTCC,1
AACAAAGATCTCAGCACACCGTCCA,1
ACAAAGATCTCAGCACACCGTCCAG,1
CAAAGATCTCAGCACACCGTCCAGG,1
AAAGATCTCAGCACACCGTCCAGGG,1
AAGATCTCAGCACACCGTCCAGGGA,1
AGATCTCAGCACACCGTCCAGGGAA,1
GATCTCAGCACACCGTCCAGGGAAA,1
ATCTCAGCACACCGTCCAGGGAAAA,1
TCTCAGCACACCGTCCAGGGAAAAA,1
CTCAGCACACCGTCCAGGGAAAAAT,1
TCAGCACACCGTCCAGGGAAAAATG,1
CAGCACACCGTCCAGGGAAAAATGC,1
AGCACACCGTCCAGGGAAAAATGCA,1
GCACACCGTCCAGGGAAAAATGCAG,1
CACACCGTCCAGGGAAAAATGCAGA,1
ACACCGTCCAGGGAAAAATGCAGAA,1
CACCGTCCAGGGAAAAATGCAGAAC,1
ACCGTCCAGGGAAAAATGCAGAACC,1
CCGTCCAGGGAAAAATGCAGAACCT,1
CGTCCAGGGAAAAATGCAGAACCTG,1
GTCCAGGGAAAAATGCAGAACCTGC,1
TCCAGGGAAAAATGCAGAACCTGCA,1
CCAGGGAAAAATGCAGAACCTGCAG,1
CAGGGAAAAATGCAGAACCTGCAGA,1
AGGGAAAAATGCAGAACCTGCAGAC,1
GGGAAAAATGCAGAACCTGCAGACG,1
GGAAAAATGCAGAACCTGCAGACGC,1
GAAAAATGCAGAACCTGCAGACGCT,1
AAAAATGCAGAACCTGCAGACGCTT,1
AAAATGCAGAACCTGCAGACGCTTT,1
AAATGCAGAACCTGCAGACGCTTTG,1
AATGCAGAACCTGCAGACGCTTTGA,1
ATGCAGAACCTGCAGACGCTTTGAT,1
TGCAGAACCTGCAGACGCTTTGATC,1
GCAGAACCTGCAGACGCTTTGATCA,1
CAGAACCTGCAGACGCTTTGATCAT,1
AGAACCTGCAGACGCTTTGATCATG,1
GAACCTGCAGACGCTTTGATCATGT,1
AACCTGCAGACGCTTTGATCATGTA,1
ACCTGCAGACGCTTTGATCATGTAG,1
CCTGCAGACGCTTTGATCATGTAGC,1
CTGCAGACGCTTTGATCATGTAGCC,1
TGCAGACGCTTTGATCATGTAGCCC,1
GCAGACGCTTTGATCATGTAGCCCC,1
CAGACGCTTTGATCATGTAGCCCCC,1
AGACGCTTTGATCATGTAGCCCCCG,1
GACGCTTTGATCATGTAGCCCCCGC,1
ACGCTTTGATCATGTAGCCCCCGCT,1
CGCTTTGATCATGTAGCCCCCGCTT,1
GCTTTGATCATGTAGCCCCCGCTTT,1
GTTTTGATCCTTTTTAGCCACATCC,1
TTTTGATCCTTTTTAGCCACATCCC,1
TTTGATCCTTTTTAGCCACATCCCA,1
TTGATCCTTTTTAGCCACATCCCAA,1
TGATCCTTTTTAGCCACATCCCAAG,1
GATCCTTTTTAGCCACATCCCAAGA,1
ATCCTTTTTAGCCACATCCCAAGAG,1
TCCTTTTTAGCCACATCCCAAGAGG,1
CCTTTTTAGCCACATCCCAAGAGGC,1
CTTTTTAGCCACATCCCAAGAGGCT,1
TTTTTAGCCACATCCCAAGAGGCTG,1
TTTTAGCCACATCCCAAGAGGCTGA,1
TTTAGCCACATCCCAAGAGGCTGAC,1
TTAGCCACATCCCAAGAGGCTGACT,1
TAGCCACATCCCAAGAGGCTGACTG,1
AGCCACATCCCAAGAGGCTGACTGG,1
GCCACATCCCAAGAGGCTGACTGGC,1
CCACATCCCAAGAGGCTGACTGGCC,1
CACATCCCAAGAGGCTGACTGGCCT,1
ACATCCCAAGAGGCTGACTGGCCTT,1
CATCCCAAGAGGCTGACTGGCCTTC,1
ATCCCAAGAGGCTGACTGGCCTTCA,1
TCCCAAGAGGCTGACTGGCCTTCAA,1
CCCAAGAGGCTGACTGGCCTTCAAA,1
CCAAGAGGCTGACTGGCCTTCAAAG,1
CAAGAGGCTGACTGGCCTTCAAAGA,1
AAGAGGCTGACTGGCCTTCAAAGAA,1
AGAGGCTGACTGGCCTTCAAAGAAG,1
GAGGCTGACTGGCCTTCAAAGAAGC,1
AGGCTGACTGGCCTTCAAAGAAGCT,1
GGCTGACTGGCCTTCAAAGAAGCTC,1
GCTGACTGGCCTTCAAAGAAGCTCT,1
CTGACTGGCCTTCAAAGAAGCTCTC,1
TGACTGGCCTTCAAAGAAGCTCTCG,1
GACTGGCCTTCAAAGAAGCTCTCGT,1
ACTGGCCTTCAAAGAAGCTCTCGTA,1
CTGGCCTTCAAAGAAGCTCTCGTAT,1
TGGCCTTCAAAGAAGCTCTCGTATT,1
GGCCTTCAAAGAAGCTCTCGTATTC,1
GCCTTCAAAGAAGCTCTCGTATTCC,1
CCTTCAAAGAAGCTCTCGTATTCCT,1
CTTCAAAGAAGCTCTCGTATTCCTC,1
TTCAAAGAAGCTCTCGTATTCCTCT,1
TCAAAGAAGCTCTCGTATTCCTCTT,1
CAAAGAAGCTCTCGTATTCCTCTTT,1
AAAGAAGCTCTCGTATTCCTCTTTG,1
AAGAAGCTCTCGTATTCCTCTTTGA,1
AGAAGCTCTCGTATTCCTCTTTGAA,1
GAAGCTCTCGTATTCCTCTTTGAAC,1
AAGCTCTCGTATTCCTCTTTGAACC,1
AGCTCTCGTATTCCTCTTTGAACCC,1
GCTCTCGTATTCCTCTTTGAACCCA,1
CTCTCGTATTCCTCTTTGAACCCAT,1
TCTCGTATTCCTCTTTGAACCCATA,1
CTCGTATTCCTCTTTGAACCCATAG,1
TCGTATTCCTCTTTGAACCCATAGC,1
CGTATTCCTCTTTGAACCCATAGCT,1
GTATTCCTCTTTGAACCCATAGCTG,1
TATTCCTCTTTGAACCCATAGCTGT,1
ATTCCTCTTTGAACCCATAGCTGTC,1
TTCCTCTTTGAACCCATAGCTGTCT,1
TCCTCTTTGAACCCATAGCTGTCTG,1
CCTCTTTGAACCCATAGCTGTCTGA,1
CTCTTTGAACCCATAGCTGTCTGAT,1
TCTTTGAACCCATAGCTGTCTGATG,1
CTTTGAACCCATAGCTGTCTGATGT,1
TTTGAACCCATAGCTGTCTGATGTC,1
TTGAACCCATAGCTGTCTGATGTCT,1
TGAACCCATAGCTGTCTGATGTCTT,1
GAACCCATAGCTGTCTGATGTCTTC,1
AACCCATAGCTGTCTGATGTCTTCA,1
ACCCATAGCTGTCTGATGTCTTCAT,1
CCCATAGCTGTCTGATGTCTTCATG,1
CCATAGCTGTCTGATGTCTTCATGA,1
CATAGCTGTCTGATGTCTTCATGAG,1
ATAGCTGTCTGATGTCTTCATGAGG,1
CCCCAGTTGAAACACCCCTCTGTCT,1
CCCAGTTGAAACACCCCTCTGTCTT,1
CCAGTTGAAACACCCCTCTGTCTTG,1
CAGTTGAAACACCCCTCTGTCTTGG,1
AGTTGAAACACCCCTCTGTCTTGGA,1
GTTGAAACACCCCTCTGTCTTGGAG,1
TTGAAACACCCCTCTGTCTTGGAGC,1
TGAAACACCCCTCTGTCTTGGAGCT,1
GAAACACCCCTCTGTCTTGGAGCTC,1
AAACACCCCTCTGTCTTGGAGCTCT,1
AACACCCCTCTGTCTTGGAGCTCTA,1
ACACCCCTCTGTCTTGGAGCTCTAT,1
CACCCCTCTGTCTTGGAGCTCTATA,1
ACCCCTCTGTCTTGGAGCTCTATAA,1
CCCCTCTGTCTTGGAGCTCTATAAT,1
CCCTCTGTCTTGGAGCTCTATAATT,1
CCTCTGTCTTGGAGCTCTATAATTA,1
CTCTGTCTTGGAGCTCTATAATTAC,1
TCTGTCTTGGAGCTCTATAATTACT,1
CTGTCTTGGAGCTCTATAATTACTT,1
TGTCTTGGAGCTCTATAATTACTTT,1
GTCTTGGAGCTCTATAATTACTTTG,1
TCTTGGAGCTCTATAATTACTTTGA,1
CTTGGAGCTCTATAATTACTTTGAA,1
TTGGAGCTCTATAATTACTTTGAAG,1
TGGAGCTCTATAATTACTTTGAAGA,1
GGAGCTCTATAATTACTTTGAAGAT,1
GAGCTCTATAATTACTTTGAAGATA,1
AGCTCTATAATTACTTTGAAGATAA,1
GCTCTATAATTACTTTGAAGATAAC,1
CTCTATAATTACTTTGAAGATAACA,1
TCTATAATTACTTTGAAGATAACAA,1
CTATAATTACTTTGAAGATAACAAT,1
TATAATTACTTTGAAGATAACAATT,1
ATAATTACTTTGAAGATAACAATTA,1
TAATTACTTTGAAGATAACAATTAT,1
AATTACTTTGAAGATAACAATTATG,1
ATTACTTTGAAGATAACAATTATGT,1
TTACTTTGAAGATAACAATTATGTC,1
TACTTTGAAGATAACAATTATGTCT,1
ACTTTGAAGATAACAATTATGTCTA,1
CTTTGAAGATAACAATTATGTCTAC,1
TTTGAAGATAACAATTATGTCTACC,1
TTGAAGATAACAATTATGTCTACCT,1
TGAAGATAACAATTATGTCTACCTG,1
GAAGATAACAATTATGTCTACCTGG,1
AAGATAACAATTATGTCTACCTGGT,1
AGATAACAATTATGTCTACCTGGTA,1
GATAACAATTATGTCTACCTGGTAT,1
ATAACAATTATGTCTACCTGGTATT,1
TAACAATTATGTCTACCTGGTATTG,1
AACAATTATGTCTACCTGGTATTGG,1
ACAATTATGTCTACCTGGTATTGGA,1
CAATTATGTCTACCTGGTATTGGAA,1
AATTATGTCTACCTGGTATTGGAAA,1
ATTATGTCTACCTGGTATTGGAAAT,1
TTATGTCTACCTGGTATTGGAAATG,1
TATGTCTACCTGGTATTGGAAATGT,1
ATGTCTACCTGGTATTGGAAATGTG,1
TGTCTACCTGGTATTGGAAATGTGC,1
GTCTACCTGGTATTGGAAATGTGCC,1
TCTACCTGGTATTGGAAATGTGCCA,1
CTACCTGGTATTGGAAATGTGCCAC,1
TACCTGGTATTGGAAATGTGCCACA,1
ACCTGGTATTGGAAATGTGCCACAA,1
CCTGGTATTGGAAATGTGCCACAAT,1
CTGGTATTGGAAATGTGCCACAATG,1
TGGTATTGGAAATGTGCCACAATGG,1
GGTATTGGAAATGTGCCACAATGGA,1
GTATTGGAAATGTGCCACAATGGAG,1
TATTGGAAATGTGCCACAATGGAGA,1
ATTGGAAATGTGCCACAATGGAGAA,1
TTGGAAATGTGCCACAATGGAGAAA,1
TGGAAATGTGCCACAATGGAGAAAT,1
GGAAATGTGCCACAATGGAGAAATG,1
GAAATGTGCCACAATGGAGAAATGA,1
CTTCAGCGCCTCGCTCTGGTTTGCC,1
TTCAGCGCCTCGCTCTGGTTTGCCA,1
TCAGCGCCTCGCTCTGGTTTGCCAT,1
CAGCGCCTCGCTCTGGTTTGCCATC,1
AGCGCCTCGCTCTGGTTTGCCATCC,1
GCGCCTCGCTCTGGTTTGCCATCCA,1
CGCCTCGCTCTGGTTTGCCATCCAC,1
GCCTCGCTCTGGTTTGCCATCCACT,1
CCTCGCTCTGGTTTGCCATCCACTG,1
CTCGCTCTGGTTTGCCATCCACTGC,1
TCGCTCTGGTTTGCCATCCACTGCT,1
CGCTCTGGTTTGCCATCCACTGCTG,1
GCTCTGGTTTGCCATCCACTGCTGC,1
CTCTGGTTTGCCATCCACTGCTGCC,1
TCTGGTTTGCCATCCACTGCTGCCT,1
CTGGTTTGCCATCCACTGCTGCCTC,1
TGGTTTGCCATCCACTGCTGCCTCT,1
GGTTTGCCATCCACTGCTGCCTCTG,1
GTTTGCCATCCACTGCTGCCTCTGC,1
TTTGCCATCCACTGCTGCCTCTGCT,1
TTGCCATCCACTGCTGCCTCTGCTG,1
TGCCATCCACTGCTGCCTCTGCTGT,1
GCCATCCACTGCTGCCTCTGCTGTT,1
CCATCCACTGCTGCCTCTGCTGTTC,1
CATCCACTGCTGCCTCTGCTGTTCC,1
ATCCACTGCTGCCTCTGCTGTTCCT,1
TCCACTGCTGCCTCTGCTGTTCCTC,1
CCACTGCTGCCTCTGCTGTTCCTCA,1
CACTGCTGCCTCTGCTGTTCCTCAC,1
ACTGCTGCCTCTGCTGTTCCTCACC,1
CTGCTGCCTCTGCTGTTCCTCACCG,1
TGCTGCCTCTGCTGTTCCTCACCGA,1
GCTGCCTCTGCTGTTCCTCACCGAG,1
CTGCCTCTGCTGTTCCTCACCGAGC,1
TGCCTCTGCTGTTCCTCACCGAGCT,1
GCCTCTGCTGTTCCTCACCGAGCTT,1
CCTCTGCTGTTCCTCACCGAGCTTC,1
CTCTGCTGTTCCTCACCGAGCTTCA,1
TCTGCTGTTCCTCACCGAGCTTCAG,1
CTGCTGTTCCTCACCGAGCTTCAGT,1
TGCTGTTCCTCACCGAGCTTCAGTG,1
GCTGTTCCTCACCGAGCTTCAGTGC,1
CTGTTCCTCACCGAGCTTCAGTGCG,1
TGTTCCTCACCGAGCTTCAGTGCGC,1
GTTCCTCACCGAGCTTCAGTGCGCT,1
TTCCTCACCGAGCTTCAGTGCGCTT,1
TCCTCACCGAGCTTCAGTGCGCTTT,1
CCTCACCGAGCTTCAGTGCGCTTTC,1
CTCACCGAGCTTCAGTGCGCTTTCA,1
TCACCGAGCTTCAGTGCGCTTTCAG,1
CACCGAGCTTCAGTGCGCTTTCAGC,1
ACCGAGCTTCAGTGCGCTTTCAGCT,1
CCGAGCTTCAGTGCGCTTTCAGCTG,1
CGAGCTTCAGTGCGCTTTCAGCTGA,1
GAGCTTCAGTGCGCTTTCAGCTGAG,1
AGCTTCAGTGCGCTTTCAGCTGAGT,1
GCTTCAGTGCGCTTTCAGCTGAGTC,1
CTTCAGTGCGCTTTCAGCTGAGTCT,1
TTCAGTGCGCTTTCAGCTGAGTCTG,1
TCAGTGCGCTTTCAGCTGAGTCTGG,1
CAGTGCGCTTTCAGCTGAGTCTGGA,1
AGTGCGCTTTCAGCTGAGTCTGGAG,1
GTGCGCTTTCAGCTGAGTCTGGAGG,1
TGCGCTTTCAGCTGAGTCTGGAGGC,1
GCGCTTTCAGCTGAGTCTGGAGGCT,1
CGCTTTCAGCTGAGTCTGGAGGCTC,1
GCTTTCAGCTGAGTCTGGAGGCTCC,1
CTTTCAGCTGAGTCTGGAGGCTCCG,1
TTTCAGCTGAGTCTGGAGGCTCCGG,1
TTCAGCTGAGTCTGGAGGCTCCGGG,1
TCAGCTGAGTCTGGAGGCTCCGGGG,1
CAGCTGAGTCTGGAGGCTCCGGGGA,1
AGCTGAGTCTGGAGGCTCCGGGGAT,1
GCTGAGTCTGGAGGCTCCGGGGATG,1
CTGAGTCTGGAGGCTCCGGGGATGC,1
TGAGTCTGGAGGCTCCGGGGATGCC,1
TTCAAGTCTTCCACCAGCAGCTGCT,1
TCAAGTCTTCCACCAGCAGCTGCTT,1
CAAGTCTTCCACCAGCAGCTGCTTG,1
AAGTCTTCCACCAGCAGCTGCTTGG,1
AGTCTTCCACCAGCAGCTGCTTGGG,1
GTCTTCCACCAGCAGCTGCTTGGGC,1
TCTTCCACCAGCAGCTGCTTGGGCT,1
CTTCCACCAGCAGCTGCTTGGGCTG,1
TTCCACCAGCAGCTGCTTGGGCTGG,1
TCCACCAGCAGCTGCTTGGGCTGGG,1
CCACCAGCAGCTGCTTGGGCTGGGT,1
CACCAGCAGCTGCTTGGGCTGGGTC,1
ACCAGCAGCTGCTTGGGCTGGGTCC,1
CCAGCAGCTGCTTGGGCTGGGTCCG,1
CAGCAGCTGCTTGGGCTGGGTCCGG,1
AGCAGCTGCTTGGGCTGGGTCCGGA,1
GCAGCTGCTTGGGCTGGGTCCGGAT,1
CAGCTGCTTGGGCTGGGTCCGGATG,1
AGCTGCTTGGGCTGGGTCCGGATGA,1
GCTGCTTGGGCTGGGTCCGGATGAC,1
CTGCTTGGGCTGGGTCCGGATGACC,1
TGCTTGGGCTGGGTCCGGATGACCC,1
GCTTGGGCTGGGTCCGGATGACCCG,1
CTTGGGCTGGGTCCGGATGACCCGA,1
TTGGGCTGGGTCCGGATGACCCGAT,1
TGGGCTGGGTCCGGATGACCCGATC,1
GGGCTGGGTCCGGATGACCCGATCT,1
GGCTGGGTCCGGATGACCCGATCTG,1
GCTGGGTCCGGATGACCCGATCTGA,1
CTGGGTCCGGATGACCCGATCTGAC,1
TGGGTCCGGATGACCCGATCTGACC,1
GGGTCCGGATGACCCGATCTGACCT,1
GGTCCGGATGACCCGATCTGACCTA,1
GTCCGGATGACCCGATCTGACCTAT,1
TCCGGATGACCCGATCTGACCTATG,1
CCGGATGACCCGATCTGACCTATGA,1
CGGATGACCCGATCTGACCTATGAC,1
GGATGACCCGATCTGACCTATGACC,1
GATGACCCGATCTGACCTATGACCT,1
ATGACCCGATCTGACCTATGACCTG,1
TGACCCGATCTGACCTATGACCTGG,1
GACCCGATCTGACCTATGACCTGGG,1
ACCCGATCTGACCTATGACCTGGGA,1
CCCGATCTGACCTATGACCTGGGAT,1
CCGATCTGACCTATGACCTGGGATG,1
CGATCTGACCTATGACCTGGGATGG,1
GATCTGACCTATGACCTGGGATGGG,1
ATCTGACCTATGACCTGGGATGGGC,1
TCTGACCTATGACCTGGGATGGGCC,1
CTGACCTATGACCTGGGATGGGCCT,1
TGACCTATGACCTGGGATGGGCCTG,1
GACCTATGACCTGGGATGGGCCTGG,1
ACCTATGACCTGGGATGGGCCTGGT,1
CCTATGACCTGGGATGGGCCTGGTG,1
CTATGACCTGGGATGGGCCTGGTGG,1
TATGACCTGGGATGGGCCTGGTGGG,1
ATGACCTGGGATGGGCCTGGTGGGC,1
TGACCTGGGATGGGCCTGGTGGGCG,1
GACCTGGGATGGGCCTGGTGGGCGG,1
ACCTGGGATGGGCCTGGTGGGCGGA,1
CCTGGGATGGGCCTGGTGGGCGGAG,1
CTGGGATGGGCCTGGTGGGCGGAGA,1
TGGGATGGGCCTGGTGGGCGGAGAC,1
GGGATGGGCCTGGTGGGCGGAGACC,1
GGATGGGCCTGGTGGGCGGAGACCG,1
GATGGGCCTGGTGGGCGGAGACCGT,1
ATGGGCCTGGTGGGCGGAGACCGTC,1
TGGGCCTGGTGGGCGGAGACCGTCC,1
GGGCCTGGTGGGCGGAGACCGTCCT,1
GGCCTGGTGGGCGGAGACCGTCCTA,1
GCCTGGTGGGCGGAGACCGTCCTAA,1
CCTGGTGGGCGGAGACCGTCCTAAT,1
CTGGTGGGCGGAGACCGTCCTAATA,1
TGGTGGGCGGAGACCGTCCTAATAG,1
GGTGGGCGGAGACCGTCCTAATAGG,1
GTGGGCGGAGACCGTCCTAATAGGC,1
CTCGATTCTTGTGTGCCCTAGCGTG,1
TCGATTCTTGTGTGCCCTAGCGTGC,1
CGATTCTTGTGTGCCCTAGCGTGCT,1
GATTCTTGTGTGCCCTAGCGTGCTA,1
ATTCTTGTGTGCCCTAGCGTGCTAT,1
TTCTTGTGTGCCCTAGCGTGCTATG,1
TCTTGTGTGCCCTAGCGTGCTATGA,1
CTTGTGTGCCCTAGCGTGCTATGAG,1
TTGTGTGCCCTAGCGTGCTATGAGG,1
TGTGTGCCCTAGCGTGCTATGAGGG,1
GTGTGCCCTAGCGTGCTATGAGGGT,1
TGTGCCCTAGCGTGCTATGAGGGTC,1
GTGCCCTAGCGTGCTATGAGGGTCA,1
TGCCCTAGCGTGCTATGAGGGTCAC,1
GCCCTAGCGTGCTATGAGGGTCACC,1
CCCTAGCGTGCTATGAGGGTCACCA,1
CCTAGCGTGCTATGAGGGTCACCAT,1
CTAGCGTGCTATGAGGGTCACCATG,1
TAGCGTGCTATGAGGGTCACCATGT,1
AGCGTGCTATGAGGGTCACCATGTT,1
GCGTGCTATGAGGGTCACCATGTTG,1
CGTGCTATGAGGGTCACCATGTTGG,1
GTGCTATGAGGGTCACCATGTTGGA,1
TGCTATGAGGGTCACCATGTTGGAT,1
GCTATGAGGGTCACCATGTTGGATT,1
CTATGAGGGTCACCATGTTGGATTT,1
TATGAGGGTCACCATGTTGGATTTG,1
ATGAGGGTCACCATGTTGGATTTGT,1
TGAGGGTCACCATGTTGGATTTGTG,1
GAGGGTCACCATGTTGGATTTGTGC,1
AGGGTCACCATGTTGGATTTGTGCA,1
GGGTCACCATGTTGGATTTGTGCAG,1
GGTCACCATGTTGGATTTGTGCAGA,1
GTCACCATGTTGGATTTGTGCAGAG,1
TCACCATGTTGGATTTGTGCAGAGC,1
CACCATGTTGGATTTGTGCAGAGCT,1
ACCATGTTGGATTTGTGCAGAGCTG,1
CCATGTTGGATTTGTGCAGAGCTGA,1
CATGTTGGATTTGTGCAGAGCTGAA,1
ATGTTGGATTTGTGCAGAGCTGAAA,1
TGTTGGATTTGTGCAGAGCTGAAAG,1
GTTGGATTTGTGCAGAGCTGAAAGC,1
TTGGATTTGTGCAGAGCTGAAAGCA,1
TGGATTTGTGCAGAGCTGAAAGCAC,1
GGATTTGTGCAGAGCTGAAAGCACC,1
GATTTGTGCAGAGCTGAAAGCACCA,1
ATTTGTGCAGAGCTGAAAGCACCAG,1
TTTGTGCAGAGCTGAAAGCACCAGG,1
TTGTGCAGAGCTGAAAGCACCAGGT,1
TGTGCAGAGCTGAAAGCACCAGGTG,1
GTGCAGAGCTGAAAGCACCAGGTGT,1
TGCAGAGCTGAAAGCACCAGGTGTG,1
GCAGAGCTGAAAGCACCAGGTGTGC,1
CAGAGCTGAAAGCACCAGGTGTGCC,1
AGAGCTGAAAGCACCAGGTGTGCCA,1
GAGCTGAAAGCACCAGGTGTGCCAG,1
AGCTGAAAGCACCAGGTGTGCCAGA,1
GCTGAAAGCACCAGGTGTGCCAGAG,1
CTGAAAGCACCAGGTGTGCCAGAGA,1
TGAAAGCACCAGGTGTGCCAGAGAT,1
GAAAGCACCAGGTGTGCCAGAGATG,1
AAAGCACCAGGTGTGCCAGAGATGC,1
AAGCACCAGGTGTGCCAGAGATGCA,1
AGCACCAGGTGTGCCAGAGATGCAG,1
GCACCAGGTGTGCCAGAGATGCAGT,1
CACCAGGTGTGCCAGAGATGCAGTT,1
ACCAGGTGTGCCAGAGATGCAGTTT,1
CCAGGTGTGCCAGAGATGCAGTTTG,1
CAGGTGTGCCAGAGATGCAGTTTGT,1
AGGTGTGCCAGAGATGCAGTTTGTG,1
GGTGTGCCAGAGATGCAGTTTGTGA,1
GTGTGCCAGAGATGCAGTTTGTGAT,1
TGTGCCAGAGATGCAGTTTGTGATT,1
GTGCCAGAGATGCAGTTTGTGATTA,1
TGCCAGAGATGCAGTTTGTGATTAT,1
GCCAGAGATGCAGTTTGTGATTATG,1
GTGCTTCATTGAGCTGGCGCTCAGC,1
TGCTTCATTGAGCTGGCGCTCAGCG,1
GCTTCATTGAGCTGGCGCTCAGCGG,1
CTTCATTGAGCTGGCGCTCAGCGGC,1
TTCATTGAGCTGGCGCTCAGCGGCC,1
TCATTGAGCTGGCGCTCAGCGGCCT,1
CATTGAGCTGGCGCTCAGCGGCCTC,1
ATTGAGCTGGCGCTCAGCGGCCTCG,1
TTGAGCTGGCGCTCAGCGGCCTCGC,1
TGAGCTGGCGCTCAGCGGCCTCGCG,1
GAGCTGGCGCTCAGCGGCCTCGCGC,1
AGCTGGCGCTCAGCGGCCTCGCGCA,1
GCTGGCGCTCAGCGGCCTCGCGCAG,1
CTGGCGCTCAGCGGCCTCGCGCAGG,1
TGGCGCTCAGCGGCCTCGCGCAGGG,1
GGCGCTCAGCGGCCTCGCGCAGGGC,1
GCGCTCAGCGGCCTCGCGCAGGGCT,1
CGCTCAGCGGCCTCGCGCAGGGCTG,1
GCTCAGCGGCCTCGCGCAGGGCTGG,1
CTCAGCGGCCTCGCGCAGGGCTGGG,1
TCAGCGGCCTCGCGCAGGGCTGGGT,1
CAGCGGCCTCGCGCAGGGCTGGGTC,1
AGCGGCCTCGCGCAGGGCTGGGTCC,1
GCGGCCTCGCGCAGGGCTGGGTCCA,1
CGGCCTCGCGCAGGGCTGGGTCCAT,1
GGCCTCGCGCAGGGCTGGGTCCATG,1
GCCTCGCGCAGGGCTGGGTCCATGG,1
CCTCGCGCAGGGCTGGGTCCATGGT,1
CTCGCGCAGGGCTGGGTCCATGGTG,1
TCGCGCAGGGCTGGGTCCATGGTGC,1
CGCGCAGGGCTGGGTCCATGGTGCC,1
GCGCAGGGCTGGGTCCATGGTGCCC,1
CGCAGGGCTGGGTCCATGGTGCCCC,1
GCAGGGCTGGGTCCATGGTGCCCCG,1
CAGGGCTGGGTCCATGGTGCCCCGG,1
AGGGCTGGGTCCATGGTGCCCCGGA,1
GGGCTGGGTCCATGGTGCCCCGGAG,1
GGCTGGGTCCATGGTGCCCCGGAGG,1
GCTGGGTCCATGGTGCCCCGGAGGG,1
CTGGGTCCATGGTGCCCCGGAGGGC,1
TGGGTCCATGGTGCCCCGGAGGGCC,1
GGGTCCATGGTGCCCCGGAGGGCCT,1
GGTCCATGGTGCCCCGGAGGGCCTC,1
GTCCATGGTGCCCCGGAGGGCCTCG,1
TCCATGGTGCCCCGGAGGGCCTCGA,1
CCATGGTGCCCCGGAGGGCCTCGAT,1
CATGGTGCCCCGGAGGGCCTCGATG,1
ATGGTGCCCCGGAGGGCCTCGATGA,1
TGGTGCCCCGGAGGGCCTCGATGAT,1
GGTGCCCCGGAGGGCCTCGATGATG,1
GTGCCCCGGAGGGCCTCGATGATGG,1
TGCCCCGGAGGGCCTCGATGATGGT,1
GCCCCGGAGGGCCTCGATGATGGTG,1
CCCCGGAGGGCCTCGATGATGGTGT,1
CCCGGAGGGCCTCGATGATGGTGTT,1
CCGGAGGGCCTCGATGATGGTGTTG,1
CGGAGGGCCTCGATGATGGTGTTGG,1
GGAGGGCCTCGATGATGGTGTTGGG,1
GAGGGCCTCGATGATGGTGTTGGGA,1
AGGGCCTCGATGATGGTGTTGGGAT,1
GGGCCTCGATGATGGTGTTGGGATA,1
GGCCTCGATGATGGTGTTGGGATAG,1
GCCTCGATGATGGTGTTGGGATAGA,1
CCTCGATGATGGTGTTGGGATAGAT,1
CTCGATGATGGTGTTGGGATAGATC,1
TCGATGATGGTGTTGGGATAGATCG,1
CGATGATGGTGTTGGGATAGATCGG,1
GATGATGGTGTTGGGATAGATCGGA,1
ATGATGGTGTTGGGATAGATCGGAA,1
TGATGGTGTTGGGATAGATCGGAAG,1
GATGGTGTTGGGATAGATCGGAAGA,1
ATGGTGTTGGGATAGATCGGAAGAG,1
TGGTGTTGGGATAGATCGGAAGAGC,1
GGTGTTGGGATAGATCGGAAGAGCA,1
GTGTTGGGATAGATCGGAAGAGCAC,1
TGTTGGGATAGATCGGAAGAGCACA,1
GCGCTTTCTTGGCTTCCCAGTTTGC,1
CGCTTTCTTGGCTTCCCAGTTTGCA,1
GCTTTCTTGGCTTCCCAGTTTGCAG,1
CTTTCTTGGCTTCCCAGTTTGCAGG,1
TTTCTTGGCTTCCCAGTTTGCAGGC,1
TTCTTGGCTTCCCAGTTTGCAGGCA,1
TCTTGGCTTCCCAGTTTGCAGGCAA,1
CTTGGCTTCCCAGTTTGCAGGCAAC,1
TTGGCTTCCCAGTTTGCAGGCAACT,1
TGGCTTCCCAGTTTGCAGGCAACTT,1
GGCTTCCCAGTTTGCAGGCAACTTA,1
GCTTCCCAGTTTGCAGGCAACTTAA,1
CTTCCCAGTTTGCAGGCAACTTAAG,1
TTCCCAGTTTGCAGGCAACTTAAGT,1
TCCCAGTTTGCAGGCAACTTAAGTC,1
CCCAGTTTGCAGGCAACTTAAGTCT,1
CCAGTTTGCAGGCAACTTAAGTCTT,1
CAGTTTGCAGGCAACTTAAGTCTTT,1
AGTTTGCAGGCAACTTAAGTCTTTT,1
GTTTGCAGGCAACTTAAGTCTTTTG,1
TTTGCAGGCAACTTAAGTCTTTTGT,1
TTGCAGGCAACTTAAGTCTTTTGTC,1
TGCAGGCAACTTAAGTCTTTTGTCT,1
GCAGGCAACTTAAGTCTTTTGTCTT,1
CAGGCAACTTAAGTCTTTTGTCTTC,1
AGGCAACTTAAGTCTTTTGTCTTCT,1
GGCAACTTAAGTCTTTTGTCTTCTT,1
GCAACTTAAGTCTTTTGTCTTCTTC,1
CAACTTAAGTCTTTTGTCTTCTTCC,1
AACTTAAGTCTTTTGTCTTCTTCCA,1
ACTTAAGTCTTTTGTCTTCTTCCAC,1
CTTAAGTCTTTTGTCTTCTTCCACA,1
TTAAGTCTTTTGTCTTCTTCCACAA,1
TAAGTCTTTTGTCTTCTTCCACAAC,1
AAGTCTTTTGTCTTCTTCCACAACT,1
AGTCTTTTGTCTTCTTCCACAACTT,1
GTCTTTTGTCTTCTTCCACAACTTC,1
TCTTTTGTCTTCTTCCACAACTTCC,1
CTTTTGTCTTCTTCCACAACTTCCT,1
TTTTGTCTTCTTCCACAACTTCCTG,1
TTTGTCTTCTTCCACAACTTCCTGG,1
TTGTCTTCTTCCACAACTTCCTGGT,1
TGTCTTCTTCCACAACTTCCTGGTG,1
GTCTTCTTCCACAACTTCCTGGTGA,1
TCTTCTTCCACAACTTCCTGGTGAT,1
CTTCTTCCACAACTTCCTGGTGATT,1
TTCTTCCACAACTTCCTGGTGATTC,1
TCTTCCACAACTTCCTGGTGATTCA,1
CTTCCACAACTTCCTGGTGATTCAG,1
TTCCACAACTTCCTGGTGATTCAGC,1
TCCACAACTTCCTGGTGATTCAGCT,1
CCACAACTTCCTGGTGATTCAGCTT,1
CACAACTTCCTGGTGATTCAGCTTA,1
ACAACTTCCTGGTGATTCAGCTTAC,1
CAACTTCCTGGTGATTCAGCTTACG,1
AACTTCCTGGTGATTCAGCTTACGA,1
ACTTCCTGGTGATTCAGCTTACGAG,1
CTTCCTGGTGATTCAGCTTACGAGC,1
TTCCTGGTGATTCAGCTTACGAGCT,1
TCCTGGTGATTCAGCTTACGAGCTT,1
CCTGGTGATTCAGCTTACGAGCTTC,1
CTGGTGATTCAGCTTACGAGCTTCA,1
TGGTGATTCAGCTTACGAGCTTCAT,1
GGTGATTCAGCTTACGAGCTTCATT,1
GTGATTCAGCTTACGAGCTTCATTC,1
TGATTCAGCTTACGAGCTTCATTCC,1
GATTCAGCTTACGAGCTTCATTCCG,1
ATTCAGCTTACGAGCTTCATTCCGC,1
TTCAGCTTACGAGCTTCATTCCGCT,1
TCAGCTTACGAGCTTCATTCCGCTT,1
CAGCTTACGAGCTTCATTCCGCTTC,1
AGCTTACGAGCTTCATTCCGCTTCA,1
GCTTACGAGCTTCATTCCGCTTCAG,1
CTTACGAGCTTCATTCCGCTTCAGA,1
TTACGAGCTTCATTCCGCTTCAGAT,1
TACGAGCTTCATTCCGCTTCAGATG,1
GTTGGAAGGCTTGAGGTCACGGTGC,1
TTGGAAGGCTTGAGGTCACGGTGCA,1
TGGAAGGCTTGAGGTCACGGTGCAG,1
GGAAGGCTTGAGGTCACGGTGCAGA,1
GAAGGCTTGAGGTCACGGTGCAGAA,1
AAGGCTTGAGGTCACGGTGCAGAAC,1
AGGCTTGAGGTCACGGTGCAGAACG,1
GGCTTGAGGTCACGGTGCAGAACGT,1
GCTTGAGGTCACGGTGCAGAACGTT,1
CTTGAGGTCACGGTGCAGAACGTTA,1
TTGAGGTCACGGTGCAGAACGTTAG,1
TGAGGTCACGGTGCAGAACGTTAGC,1
GAGGTCACGGTGCAGAACGTTAGCT,1
AGGTCACGGTGCAGAACGTTAGCTG,1
GGTCACGGTGCAGAACGTTAGCTGA,1
GTCACGGTGCAGAACGTTAGCTGAA,1
TCACGGTGCAGAACGTTAGCTGAAT,1
CACGGTGCAGAACGTTAGCTGAATG,1
ACGGTGCAGAACGTTAGCTGAATGG,1
CGGTGCAGAACGTTAGCTGAATGGA,1
GGTGCAGAACGTTAGCTGAATGGAT,1
GTGCAGAACGTTAGCTGAATGGATA,1
TGCAGAACGTTAGCTGAATGGATAT,1
GCAGAACGTTAGCTGAATGGATATA,1
CAGAACGTTAGCTGAATGGATATAC,1
AGAACGTTAGCTGAATGGATATACT,1
GAACGTTAGCTGAATGGATATACTT,1
AACGTTAGCTGAATGGATATACTTT,1
ACGTTAGCTGAATGGATATACTTTA,1
CGTTAGCTGAATGGATATACTTTAG,1
GTTAGCTGAATGGATATACTTTAGC,1
TTAGCTGAATGGATATACTTTAGCC,1
TAGCTGAATGGATATACTTTAGCCC,1
AGCTGAATGGATATACTTTAGCCCT,1
GCTGAATGGATATACTTTAGCCCTC,1
CTGAATGGATATACTTTAGCCCTCT,1
TGAATGGATATACTTTAGCCCTCTC,1
GAATGGATATACTTTAGCCCTCTCA,1
AATGGATATACTTTAGCCCTCTCAG,1
ATGGATATACTTTAGCCCTCTCAGG,1
TGGATATACTTTAGCCCTCTCAGGA,1
GGATATACTTTAGCCCTCTCAGGAT,1
GATATACTTTAGCCCTCTCAGGATC,1
ATATACTTTAGCCCTCTCAGGATCT,1
TATACTTTAGCCCTCTCAGGATCTG,1
ATACTTTAGCCCTCTCAGGATCTGA,1
TACTTTAGCCCTCTCAGGATCTGAT,1
ACTTTAGCCCTCTCAGGATCTGATA,1
CTTTAGCCCTCTCAGGATCTGATAA,1
TTTAGCCCTCTCAGGATCTGATAAA,1
TTAGCCCTCTCAGGATCTGATAAAG,1
TAGCCCTCTCAGGATCTGATAAAGA,1
AGCCCTCTCAGGATCTGATAAAGAA,1
GCCCTCTCAGGATCTGATAAAGAAA,1
CCCTCTCAGGATCTGATAAAGAAAA,1
CCTCTCAGGATCTGATAAAGAAAAT,1
CTCTCAGGATCTGATAAAGAAAATA,1
TCTCAGGATCTGATAAAGAAAATAG,1
CTCAGGATCTGATAAAGAAAATAGC,1
TCAGGATCTGATAAAGAAAATAGCA,1
CAGGATCTGATAAAGAAAATAGCAG,1
AGGATCTGATAAAGAAAATAGCAGA,1
GGATCTGATAAAGAAAATAGCAGAT,1
GATCTGATAAAGAAAATAGCAGATG,1
ATCTGATAAAGAAAATAGCAGATGT,1
TCTGATAAAGAAAATAGCAGATGTG,1
CTGATAAAGAAAATAGCAGATGTGG,1
TGATAAAGAAAATAGCAGATGTGGT,1
GATAAAGAAAATAGCAGATGTGGTC,1
ATAAAGAAAATAGCAGATGTGGTCA,1
TAAAGAAAATAGCAGATGTGGTCAT,1
AAAGAAAATAGCAGATGTGGTCATT,1
AAGAAAATAGCAGATGTGGTCATTG,1
AGAAAATAGCAGATGTGGTCATTGC,1
GAAAATAGCAGATGTGGTCATTGCT,1
AAAATAGCAGATGTGGTCATTGCTG,1
CTGGGGATGAGGCCTGGTCTTATGG,1
TGGGGATGAGGCCTGGTCTTATGGA,1
GGGGATGAGGCCTGGTCTTATGGAA,1
GGGATGAGGCCTGGTCTTATGGAAG,1
GGATGAGGCCTGGTCTTATGGAAGG,1
GATGAGGCCTGGTCTTATGGAAGGT,1
ATGAGGCCTGGTCTTATGGAAGGTG,1
TGAGGCCTGGTCTTATGGAAGGTGG,1
GAGGCCTGGTCTTATGGAAGGTGGA,1
AGGCCTGGTCTTATGGAAGGTGGAC,1
GGCCTGGTCTTATGGAAGGTGGACT,1
GCCTGGTCTTATGGAAGGTGGACTT,1
CCTGGTCTTATGGAAGGTGGACTTA,1
CTGGTCTTATGGAAGGTGGACTTAG,1
TGGTCTTATGGAAGGTGGACTTAGC,1
GGTCTTATGGAAGGTGGACTTAGCT,1
GTCTTATGGAAGGTGGACTTAGCTT,1
TCTTATGGAAGGTGGACTTAGCTTC,1
CTTATGGAAGGTGGACTTAGCTTCG,1
TTATGGAAGGTGGACTTAGCTTCGC,1
TATGGAAGGTGGACTTAGCTTCGCT,1
ATGGAAGGTGGACTTAGCTTCGCTG,1
TGGAAGGTGGACTTAGCTTCGCTGG,1
GGAAGGTGGACTTAGCTTCGCTGGG,1
GAAGGTGGACTTAGCTTCGCTGGGC,1
AAGGTGGACTTAGCTTCGCTGGGCG,1
AGGTGGACTTAGCTTCGCTGGGCGG,1
GGTGGACTTAGCTTCGCTGGGCGGA,1
GTGGACTTAGCTTCGCTGGGCGGAC,1
TGGACTTAGCTTCGCTGGGCGGACA,1
GGACTTAGCTTCGCTGGGCGGACAG,1
GACTTAGCTTCGCTGGGCGGACAGC,1
ACTTAGCTTCGCTGGGCGGACAGCT,1
CTTAGCTTCGCTGGGCGGACAGCTC,1
TTAGCTTCGCTGGGCGGACAGCTCT,1
TAGCTTCGCTGGGCGGACAGCTCTG,1
AGCTTCGCTGGGCGGACAGCTCTGG,1
GCTTCGCTGGGCGGACAGCTCTGGC,1
CTTCGCTGGGCGGACAGCTCTGGCC,1
TTCGCTGGGCGGACAGCTCTGGCCC,1
TCGCTGGGCGGACAGCTCTGGCCCA,1
CGCTGGGCGGACAGCTCTGGCCCAG,1
GCTGGGCGGACAGCTCTGGCCCAGG,1
CTGGGCGGACAGCTCTGGCCCAGGG,1
TGGGCGGACAGCTCTGGCCCAGGGT,1
GGGCGGACAGCTCTGGCCCAGGGTG,1
GGCGGACAGCTCTGGCCCAGGGTGG,1
GCGGACAGCTCTGGCCCAGGGTGGT,1
CGGACAGCTCTGGCCCAGGGTGGTA,1
GGACAGCTCTGGCCCAGGGTGGTAT,1
GACAGCTCTGGCCCAGGGTGGTATG,1
ACAGCTCTGGCCCAGGGTGGTATGT,1
CAGCTCTGGCCCAGGGTGGTATGTA,1
AGCTCTGGCCCAGGGTGGTATGTAA,1
GCTCTGGCCCAGGGTGGTATGTAAT,1
CTCTGGCCCAGGGTGGTATGTAATT,1
TCTGGCCCAGGGTGGTATGTAATTT,1
CTGGCCCAGGGTGGTATGTAATTTG,1
TGGCCCAGGGTGGTATGTAATTTGG,1
GGCCCAGGGTGGTATGTAATTTGGG,1
GCCCAGGGTGGTATGTAATTTGGGT,1
CCCAGGGTGGTATGTAATTTGGGTG,1
CCAGGGTGGTATGTAATTTGGGTGT,1
CAGGGTGGTATGTAATTTGGGTGTG,1
AGGGTGGTATGTAATTTGGGTGTGG,1
GGGTGGTATGTAATTTGGGTGTGGC,1
GGTGGTATGTAATTTGGGTGTGGCC,1
GTGGTATGTAATTTGGGTGTGGCCT,1
TGGTATGTAATTTGGGTGTGGCCTG,1
GGTATGTAATTTGGGTGTGGCCTGT,1
GTATGTAATTTGGGTGTGGCCTGTC,1
TATGTAATTTGGGTGTGGCCTGTCT,1
ATGTAATTTGGGTGTGGCCTGTCTG,1
TGTAATTTGGGTGTGGCCTGTCTGC,1
GTAATTTGGGTGTGGCCTGTCTGCA,1
TAATTTGGGTGTGGCCTGTCTGCAC,1
GTGCCTCTTATTGGTGTTGCCCTTG,1
TGCCTCTTATTGGTGTTGCCCTTGA,1
GCCTCTTATTGGTGTTGCCCTTGAG,1
CCTCTTATTGGTGTTGCCCTTGAGG,1
CTCTTATTGGTGTTGCCCTTGAGGA,1
TCTTATTGGTGTTGCCCTTGAGGAC,1
CTTATTGGTGTTGCCCTTGAGGACT,1
TTATTGGTGTTGCCCTTGAGGACTC,1
TATTGGTGTTGCCCTTGAGGACTCG,1
ATTGGTGTTGCCCTTGAGGACTCGC,1
TTGGTGTTGCCCTTGAGGACTCGCA,1
TGGTGTTGCCCTTGAGGACTCGCAG,1
GGTGTTGCCCTTGAGGACTCGCAGC,1
GTGTTGCCCTTGAGGACTCGCAGCA,1
TGTTGCCCTTGAGGACTCGCAGCAG,1
GTTGCCCTTGAGGACTCGCAGCAGG,1
TTGCCCTTGAGGACTCGCAGCAGGT,1
TGCCCTTGAGGACTCGCAGCAGGTA,1
GCCCTTGAGGACTCGCAGCAGGTAC,1
CCCTTGAGGACTCGCAGCAGGTACA,1
CCTTGAGGACTCGCAGCAGGTACAG,1
CTTGAGGACTCGCAGCAGGTACAGA,1
TTGAGGACTCGCAGCAGGTACAGAG,1
TGAGGACTCGCAGCAGGTACAGAGA,1
GAGGACTCGCAGCAGGTACAGAGAG,1
AGGACTCGCAGCAGGTACAGAGAGG,1
GGACTCGCAGCAGGTACAGAGAGGC,1
GACTCGCAGCAGGTACAGAGAGGCA,1
ACTCGCAGCAGGTACAGAGAGGCAT,1
CTCGCAGCAGGTACAGAGAGGCATT,1
TCGCAGCAGGTACAGAGAGGCATTG,1
CGCAGCAGGTACAGAGAGGCATTGA,1
GCAGCAGGTACAGAGAGGCATTGAA,1
CAGCAGGTACAGAGAGGCATTGAAA,1
AGCAGGTACAGAGAGGCATTGAAAT,1
GCAGGTACAGAGAGGCATTGAAATA,1
CAGGTACAGAGAGGCATTGAAATAG,1
AGGTACAGAGAGGCATTGAAATAGT,1
GGTACAGAGAGGCATTGAAATAGTA,1
GTACAGAGAGGCATTGAAATAGTAT,1
TACAGAGAGGCATTGAAATAGTATA,1
ACAGAGAGGCATTGAAATAGTATAA,1
CAGAGAGGCATTGAAATAGTATAAG,1
AGAGAGGCATTGAAATAGTATAAGG,1
GAGAGGCATTGAAATAGTATAAGGC,1
AGAGGCATTGAAATAGTATAAGGCG,1
GAGGCATTGAAATAGTATAAGGCGA,1
AGGCATTGAAATAGTATAAGGCGAC,1
GGCATTGAAATAGTATAAGGCGACA,1
GCATTGAAATAGTATAAGGCGACAG,1
CATTGAAATAGTATAAGGCGACAGA,1
ATTGAAATAGTATAAGGCGACAGAG,1
TTGAAATAGTATAAGGCGACAGAGG,1
TGAAATAGTATAAGGCGACAGAGGC,1
GAAATAGTATAAGGCGACAGAGGCA,1
AAATAGTATAAGGCGACAGAGGCAT,1
AATAGTATAAGGCGACAGAGGCATC,1
ATAGTATAAGGCGACAGAGGCATCA,1
TAGTATAAGGCGACAGAGGCATCAG,1
AGTATAAGGCGACAGAGGCATCAGC,1
GTATAAGGCGACAGAGGCATCAGCC,1
TATAAGGCGACAGAGGCATCAGCCT,1
ATAAGGCGACAGAGGCATCAGCCTG,1
TAAGGCGACAGAGGCATCAGCCTGG,1
AAGGCGACAGAGGCATCAGCCTGGC,1
AGGCGACAGAGGCATCAGCCTGGCT,1
GGCGACAGAGGCATCAGCCTGGCTG,1
GCGACAGAGGCATCAGCCTGGCTGC,1
CGACAGAGGCATCAGCCTGGCTGCC,1
GACAGAGGCATCAGCCTGGCTGCCA,1
ACAGAGGCATCAGCCTGGCTGCCAG,1
CAGAGGCATCAGCCTGGCTGCCAGC,1
AGAGGCATCAGCCTGGCTGCCAGCC,1
GAGGCATCAGCCTGGCTGCCAGCCT,1
AGGCATCAGCCTGGCTGCCAGCCTG,1
GGCATCAGCCTGGCTGCCAGCCTGC,1
GCCGAAGCCGCACTTCCCGGGTGAC,1
CCGAAGCCGCACTTCCCGGGTGACT,1
CGAAGCCGCACTTCCCGGGTGACTC,1
GAAGCCGCACTTCCCGGGTGACTCC,1
AAGCCGCACTTCCCGGGTGACTCCT,1
AGCCGCACTTCCCGGGTGACTCCTC,1
GCCGCACTTCCCGGGTGACTCCTCC,1
CCGCACTTCCCGGGTGACTCCTCCG,1
CGCACTTCCCGGGTGACTCCTCCGG,1
GCACTTCCCGGGTGACTCCTCCGGC,1
CACTTCCCGGGTGACTCCTCCGGCC,1
ACTTCCCGGGTGACTCCTCCGGCCA,1
CTTCCCGGGTGACTCCTCCGGCCAG,1
TTCCCGGGTGACTCCTCCGGCCAGC,1
TCCCGGGTGACTCCTCCGGCCAGCC,1
CCCGGGTGACTCCTCCGGCCAGCCG,1
CCGGGTGACTCCTCCGGCCAGCCGG,1
CGGGTGACTCCTCCGGCCAGCCGGG,1
GGGTGACTCCTCCGGCCAGCCGGGC,1
GGTGACTCCTCCGGCCAGCCGGGCC,1
GTGACTCCTCCGGCCAGCCGGGCCC,1
TGACTCCTCCGGCCAGCCGGGCCCC,1
GACTCCTCCGGCCAGCCGGGCCCCT,1
ACTCCTCCGGCCAGCCGGGCCCCTC,1
CTCCTCCGGCCAGCCGGGCCCCTCA,1
TCCTCCGGCCAGCCGGGCCCCTCAG,1
CCTCCGGCCAGCCGGGCCCCTCAGA,1
CTCCGGCCAGCCGGGCCCCTCAGAT,1
TCCGGCCAGCCGGGCCCCTCAGATG,1
CCGGCCAGCCGGGCCCCTCAGATGA,1
CGGCCAGCCGGGCCCCTCAGATGAG,1
GGCCAGCCGGGCCCCTCAGATGAGG,1
GCCAGCCGGGCCCCTCAGATGAGGG,1
CCAGCCGGGCCCCTCAGATGAGGGC,1
CAGCCGGGCCCCTCAGATGAGGGCT,1
AGCCGGGCCCCTCAGATGAGGGCTG,1
GCCGGGCCCCTCAGATGAGGGCTGC,1
CCGGGCCCCTCAGATGAGGGCTGCT,1
CGGGCCCCTCAGATGAGGGCTGCTC,1
GGGCCCCTCAGATGAGGGCTGCTCC,1
GGCCCCTCAGATGAGGGCTGCTCCC,1
GCCCCTCAGATGAGGGCTGCTCCCC,1
CCCCTCAGATGAGGGCTGCTCCCCG,1
CCCTCAGATGAGGGCTGCTCCCCGA,1
CCTCAGATGAGGGCTGCTCCCCGAA,1
CTCAGATGAGGGCTGCTCCCCGAAG,1
TCAGATGAGGGCTGCTCCCCGAAGA,1
CAGATGAGGGCTGCTCCCCGAAGAG,1
AGATGAGGGCTGCTCCCCGAAGAGC,1
GATGAGGGCTGCTCCCCGAAGAGCA,1
ATGAGGGCTGCTCCCCGAAGAGCAC,1
TGAGGGCTGCTCCCCGAAGAGCACC,1
GAGGGCTGCTCCCCGAAGAGCACCT,1
AGGGCTGCTCCCCGAAGAGCACCTG,1
GGGCTGCTCCCCGAAGAGCACCTGC,1
GGCTGCTCCCCGAAGAGCACCTGCA,1
GCTGCTCCCCGAAGAGCACCTGCAG,1
CTGCTCCCCGAAGAGCACCTGCAGC,1
TGCTCCCCGAAGAGCACCTGCAGCT,1
GCTCCCCGAAGAGCACCTGCAGCTC,1
CTCCCCGAAGAGCACCTGCAGCTCA,1
TCCCCGAAGAGCACCTGCAGCTCAG,1
CCCCGAAGAGCACCTGCAGCTCAGC,1
CCCGAAGAGCACCTGCAGCTCAGCC,1
CCGAAGAGCACCTGCAGCTCAGCCT,1
CGAAGAGCACCTGCAGCTCAGCCTC,1
GAAGAGCACCTGCAGCTCAGCCTCC,1
AAGAGCACCTGCAGCTCAGCCTCCA,1
AGAGCACCTGCAGCTCAGCCTCCAG,1
GAGCACCTGCAGCTCAGCCTCCAGC,1
AGCACCTGCAGCTCAGCCTCCAGCA,1
GCACCTGCAGCTCAGCCTCCAGCAG,1
CACCTGCAGCTCAGCCTCCAGCAGC,1
ACCTGCAGCTCAGCCTCCAGCAGCA,1
CCTGCAGCTCAGCCTCCAGCAGCAG,1
CTGCAGCTCAGCCTCCAGCAGCAGC,1
CGTCGTTGGTGTCTGGTACCTTCTG,1
GTCGTTGGTGTCTGGTACCTTCTGA,1
TCGTTGGTGTCTGGTACCTTCTGAG,1
CGTTGGTGTCTGGTACCTTCTGAGG,1
GTTGGTGTCTGGTACCTTCTGAGGA,1
TTGGTGTCTGGTACCTTCTGAGGAA,1
TGGTGTCTGGTACCTTCTGAGGAAG,1
GGTGTCTGGTACCTTCTGAGGAAGC,1
GTGTCTGGTACCTTCTGAGGAAGCA,1
TGTCTGGTACCTTCTGAGGAAGCAC,1
GTCTGGTACCTTCTGAGGAAGCACT,1
TCTGGTACCTTCTGAGGAAGCACTG,1
CTGGTACCTTCTGAGGAAGCACTGG,1
TGGTACCTTCTGAGGAAGCACTGGA,1
GGTACCTTCTGAGGAAGCACTGGAT,1
GTACCTTCTGAGGAAGCACTGGATT,1
TACCTTCTGAGGAAGCACTGGATTG,1
ACCTTCTGAGGAAGCACTGGATTGC,1
CCTTCTGAGGAAGCACTGGATTGCC,1
CTTCTGAGGAAGCACTGGATTGCCA,1
TTCTGAGGAAGCACTGGATTGCCAA,1
TCTGAGGAAGCACTGGATTGCCAAC,1
CTGAGGAAGCACTGGATTGCCAACA,1
TGAGGAAGCACTGGATTGCCAACAA,1
GAGGAAGCACTGGATTGCCAACAAC,1
AGGAAGCACTGGATTGCCAACAACC,1
GGAAGCACTGGATTGCCAACAACCT,1
GAAGCACTGGATTGCCAACAACCTG,1
AAGCACTGGATTGCCAACAACCTGT,1
AGCACTGGATTGCCAACAACCTGTT,1
GCACTGGATTGCCAACAACCTGTTT,1
CACTGGATTGCCAACAACCTGTTTG,1
ACTGGATTGCCAACAACCTGTTTGG,1
CTGGATTGCCAACAACCTGTTTGGC,1
TGGATTGCCAACAACCTGTTTGGCC,1
GGATTGCCAACAACCTGTTTGGCCT,1
GATTGCCAACAACCTGTTTGGCCTG,1
ATTGCCAACAACCTGTTTGGCCTGG,1
TTGCCAACAACCTGTTTGGCCTGGC,1
TGCCAACAACCTGTTTGGCCTGGCC,1
GCCAACAACCTGTTTGGCCTGGCCT,1
CCAACAACCTGTTTGGCCTGGCCTT,1
CAACAACCTGTTTGGCCTGGCCTTC,1
AACAACCTGTTTGGCCTGGCCTTCT,1
ACAACCTGTTTGGCCTGGCCTTCTC,1
CAACCTGTTTGGCCTGGCCTTCTCC,1
AACCTGTTTGGCCTGGCCTTCTCCC,1
ACCTGTTTGGCCTGGCCTTCTCCCT,1
CCTGTTTGGCCTGGCCTTCTCCCTT,1
CTGTTTGGCCTGGCCTTCTCCCTTA,1
TGTTTGGCCTGGCCTTCTCCCTTAA,1
GTTTGGCCTGGCCTTCTCCCTTAAT,1
TTTGGCCTGGCCTTCTCCCTTAATG,1
TTGGCCTGGCCTTCTCCCTTAATGG,1
TGGCCTGGCCTTCTCCCTTAATGGG,1
GGCCTGGCCTTCTCCCTTAATGGGG,1
GCCTGGCCTTCTCCCTTAATGGGGT,1
CCTGGCCTTCTCCCTTAATGGGGTA,1
CTGGCCTTCTCCCTTAATGGGGTAG,1
TGGCCTTCTCCCTTAATGGGGTAGA,1
GGCCTTCTCCCTTAATGGGGTAGAG,1
GCCTTCTCCCTTAATGGGGTAGAGC,1
CCTTCTCCCTTAATGGGGTAGAGCT,1
CTTCTCCCTTAATGGGGTAGAGCTC,1
TTCTCCCTTAATGGGGTAGAGCTCC,1
TCTCCCTTAATGGGGTAGAGCTCCT,1
CTCCCTTAATGGGGTAGAGCTCCTG,1
TCCCTTAATGGGGTAGAGCTCCTGC,1
CCCTTAATGGGGTAGAGCTCCTGCA,1
CCTTAATGGGGTAGAGCTCCTGCAC,1
CTTAATGGGGTAGAGCTCCTGCACC,1
TTAATGGGGTAGAGCTCCTGCACCT,1
TAATGGGGTAGAGCTCCTGCACCTG,1
AATGGGGTAGAGCTCCTGCACCTGA,1
ATGGGGTAGAGCTCCTGCACCTGAA,1
TGGGGTAGAGCTCCTGCACCTGAAC,1
CCTGGATGTGTTCAATGACTAGAGA,1
CTGGATGTGTTCAATGACTAGAGAA,1
TGGATGTGTTCAATGACTAGAGAAT,1
GGATGTGTTCAATGACTAGAGAATC,1
GATGTGTTCAATGACTAGAGAATCT,1
ATGTGTTCAATGACTAGAGAATCTA,1
TGTGTTCAATGACTAGAGAATCTAC,1
GTGTTCAATGACTAGAGAATCTACG,1
TGTTCAATGACTAGAGAATCTACGT,1
GTTCAATGACTAGAGAATCTACGTC,1
TTCAATGACTAGAGAATCTACGTCT,1
TCAATGACTAGAGAATCTACGTCTA,1
CAATGACTAGAGAATCTACGTCTAA,1
AATGACTAGAGAATCTACGTCTAAA,1
ATGACTAGAGAATCTACGTCTAAAC,1
TGACTAGAGAATCTACGTCTAAACC,1
GACTAGAGAATCTACGTCTAAACCC,1
ACTAGAGAATCTACGTCTAAACCCT,1
CTAGAGAATCTACGTCTAAACCCTT,1
TAGAGAATCTACGTCTAAACCCTTA,1
AGAGAATCTACGTCTAAACCCTTAA,1
GAGAATCTACGTCTAAACCCTTAAG,1
AGAATCTACGTCTAAACCCTTAAGT,1
GAATCTACGTCTAAACCCTTAAGTT,1
AATCTACGTCTAAACCCTTAAGTTC,1
ATCTACGTCTAAACCCTTAAGTTCA,1
TCTACGTCTAAACCCTTAAGTTCAG,1
CTACGTCTAAACCCTTAAGTTCAGC,1
TACGTCTAAACCCTTAAGTTCAGCG,1
ACGTCTAAACCCTTAAGTTCAGCGT,1
CGTCTAAACCCTTAAGTTCAGCGTT,1
GTCTAAACCCTTAAGTTCAGCGTTA,1
TCTAAACCCTTAAGTTCAGCGTTAC,1
CTAAACCCTTAAGTTCAGCGTTACT,1
TAAACCCTTAAGTTCAGCGTTACTC,1
AAACCCTTAAGTTCAGCGTTACTCT,1
AACCCTTAAGTTCAGCGTTACTCTC,1
ACCCTTAAGTTCAGCGTTACTCTCA,1
CCCTTAAGTTCAGCGTTACTCTCAG,1
CCTTAAGTTCAGCGTTACTCTCAGC,1
CTTAAGTTCAGCGTTACTCTCAGCA,1
TTAAGTTCAGCGTTACTCTCAGCAT,1
TAAGTTCAGCGTTACTCTCAGCATT,1
AAGTTCAGCGTTACTCTCAGCATTT,1
AGTTCAGCGTTACTCTCAGCATTTT,1
GTTCAGCGTTACTCTCAGCATTTTT,1
TTCAGCGTTACTCTCAGCATTTTTA,1
TCAGCGTTACTCTCAGCATTTTTAA,1
CAGCGTTACTCTCAGCATTTTTAAG,1
AGCGTTACTCTCAGCATTTTTAAGC,1
GCGTTACTCTCAGCATTTTTAAGCA,1
CGTTACTCTCAGCATTTTTAAGCAT,1
GTTACTCTCAGCATTTTTAAGCATG,1
TTACTCTCAGCATTTTTAAGCATGT,1
TACTCTCAGCATTTTTAAGCATGTG,1
ACTCTCAGCATTTTTAAGCATGTGC,1
CTCTCAGCATTTTTAAGCATGTGCA,1
TCTCAGCATTTTTAAGCATGTGCAG,1
CTCAGCATTTTTAAGCATGTGCAGC,1
TCAGCATTTTTAAGCATGTGCAGCA,1
CAGCATTTTTAAGCATGTGCAGCAA,1
AGCATTTTTAAGCATGTGCAGCAAA,1
GCATTTTTAAGCATGTGCAGCAAAA,1
CATTTTTAAGCATGTGCAGCAAAAA,1
ATTTTTAAGCATGTGCAGCAAAAAT,1
TTTTTAAGCATGTGCAGCAAAAATT,1
TTTTAAGCATGTGCAGCAAAAATTC,1
TTTAAGCATGTGCAGCAAAAATTCA,1
TTAAGCATGTGCAGCAAAAATTCAG,1
TAAGCATGTGCAGCAAAAATTCAGC,1
AAGCATGTGCAGCAAAAATTCAGCA,1
AGCATGTGCAGCAAAAATTCAGCAC,1
GCATGTGCAGCAAAAATTCAGCACT,1
CATGTGCAGCAAAAATTCAGCACTC,1
ATGTGCAGCAAAAATTCAGCACTCT,1
TGTGCAGCAAAAATTCAGCACTCTT,1
AAGACTTTCAGAAACGATACATCCT,1
AGACTTTCAGAAACGATACATCCTT,1
GACTTTCAGAAACGATACATCCTTA,1
ACTTTCAGAAACGATACATCCTTAA,1
CTTTCAGAAACGATACATCCTTAAG,1
TTTCAGAAACGATACATCCTTAAGA,1
TTCAGAAACGATACATCCTTAAGAG,1
TCAGAAACGATACATCCTTAAGAGA,1
CAGAAACGATACATCCTTAAGAGAG,1
AGAAACGATACATCCTTAAGAGAGA,1
GAAACGATACATCCTTAAGAGAGAT,1
AAACGATACATCCTTAAGAGAGATA,1
AACGATACATCCTTAAGAGAGATAA,1
ACGATACATCCTTAAGAGAGATAAC,1
CGATACATCCTTAAGAGAGATAACT,1
GATACATCCTTAAGAGAGATAACTC,1
ATACATCCTTAAGAGAGATAACTCT,1
TACATCCTTAAGAGAGATAACTCTA,1
ACATCCTTAAGAGAGATAACTCTAG,1
CATCCTTAAGAGAGATAACTCTAGC,1
ATCCTTAAGAGAGATAACTCTAGCT,1
TCCTTAAGAGAGATAACTCTAGCTT,1
CCTTAAGAGAGATAACTCTAGCTTT,1
CTTAAGAGAGATAACTCTAGCTTTG,1
TTAAGAGAGATAACTCTAGCTTTGA,1
TAAGAGAGATAACTCTAGCTTTGAC,1
AAGAGAGATAACTCTAGCTTTGACA,1
AGAGAGATAACTCTAGCTTTGACAA,1
GAGAGATAACTCTAGCTTTGACAAA,1
AGAGATAACTCTAGCTTTGACAAAG,1
GAGATAACTCTAGCTTTGACAAAGA,1
AGATAACTCTAGCTTTGACAAAGAT,1
GATAACTCTAGCTTTGACAAAGATG,1
ATAACTCTAGCTTTGACAAAGATGA,1
TAACTCTAGCTTTGACAAAGATGAT,1
AACTCTAGCTTTGACAAAGATGATA,1
ACTCTAGCTTTGACAAAGATGATAG,1
CTCTAGCTTTGACAAAGATGATAGC,1
TCTAGCTTTGACAAAGATGATAGCC,1
CTAGCTTTGACAAAGATGATAGCCA,1
TAGCTTTGACAAAGATGATAGCCAG,1
AGCTTTGACAAAGATGATAGCCAGA,1
GCTTTGACAAAGATGATAGCCAGAT,1
CTTTGACAAAGATGATAGCCAGATG,1
TTTGACAAAGATGATAGCCAGATGA,1
TTGACAAAGATGATAGCCAGATGAG,1
TGACAAAGATGATAGCCAGATGAGA,1
GACAAAGATGATAGCCAGATGAGAA,1
ACAAAGATGATAGCCAGATGAGAAT,1
CAAAGATGATAGCCAGATGAGAATA,1
AAAGATGATAGCCAGATGAGAATAC,1
AAGATGATAGCCAGATGAGAATACG,1
AGATGATAGCCAGATGAGAATACGT,1
GATGATAGCCAGATGAGAATACGTT,1
ATGATAGCCAGATGAGAATACGTTT,1
TGATAGCCAGATGAGAATACGTTTG,1
GATAGCCAGATGAGAATACGTTTGA,1
ATAGCCAGATGAGAATACGTTTGAA,1
TAGCCAGATGAGAATACGTTTGAAA,1
AGCCAGATGAGAATACGTTTGAAAG,1
GCCAGATGAGAATACGTTTGAAAGA,1
CCAGATGAGAATACGTTTGAAAGAT,1
CAGATGAGAATACGTTTGAAAGATG,1
AGATGAGAATACGTTTGAAAGATGA,1
GATGAGAATACGTTTGAAAGATGAC,1
ATGAGAATACGTTTGAAAGATGACA,1
TGAGAATACGTTTGAAAGATGACAG,1
GAGAATACGTTTGAAAGATGACAGA,1
AGAATACGTTTGAAAGATGACAGAA,1
GAATACGTTTGAAAGATGACAGAAG,1
AATACGTTTGAAAGATGACAGAAGA,1
ATACGTTTGAAAGATGACAGAAGAA,1
TACGTTTGAAAGATGACAGAAGAAG,1
ACGTTTGAAAGATGACAGAAGAAGC,1
CGTTTGAAAGATGACAGAAGAAGCA,1
GTTTGAAAGATGACAGAAGAAGCAA,1
AGGGTGGACTCCTTTTGAATGTTGT,1
GGGTGGACTCCTTTTGAATGTTGTA,1
GGTGGACTCCTTTTGAATGTTGTAG,1
GTGGACTCCTTTTGAATGTTGTAGT,1
TGGACTCCTTTTGAATGTTGTAGTC,1
GGACTCCTTTTGAATGTTGTAGTCA,1
GACTCCTTTTGAATGTTGTAGTCAG,1
ACTCCTTTTGAATGTTGTAGTCAGA,1
CTCCTTTTGAATGTTGTAGTCAGAC,1
TCCTTTTGAATGTTGTAGTCAGACA,1
CCTTTTGAATGTTGTAGTCAGACAA,1
CTTTTGAATGTTGTAGTCAGACAAA,1
TTTTGAATGTTGTAGTCAGACAAAG,1
TTTGAATGTTGTAGTCAGACAAAGT,1
TTGAATGTTGTAGTCAGACAAAGTC,1
TGAATGTTGTAGTCAGACAAAGTCC,1
GAATGTTGTAGTCAGACAAAGTCCG,1
AATGTTGTAGTCAGACAAAGTCCGG,1
ATGTTGTAGTCAGACAAAGTCCGGC,1
TGTTGTAGTCAGACAAAGTCCGGCC,1
GTTGTAGTCAGACAAAGTCCGGCCA,1
TTGTAGTCAGACAAAGTCCGGCCAT,1
TGTAGTCAGACAAAGTCCGGCCATC,1
GTAGTCAGACAAAGTCCGGCCATCT,1
TAGTCAGACAAAGTCCGGCCATCTT,1
AGTCAGACAAAGTCCGGCCATCTTC,1
GTCAGACAAAGTCCGGCCATCTTCC,1
TCAGACAAAGTCCGGCCATCTTCCA,1
CAGACAAAGTCCGGCCATCTTCCAG,1
AGACAAAGTCCGGCCATCTTCCAGC,1
GACAAAGTCCGGCCATCTTCCAGCT,1
ACAAAGTCCGGCCATCTTCCAGCTG,1
CAAAGTCCGGCCATCTTCCAGCTGC,1
AAAGTCCGGCCATCTTCCAGCTGCT,1
AAGTCCGGCCATCTTCCAGCTGCTT,1
AGTCCGGCCATCTTCCAGCTGCTTA,1
GTCCGGCCATCTTCCAGCTGCTTAC,1
TCCGGCCATCTTCCAGCTGCTTACC,1
CCGGCCATCTTCCAGCTGCTTACCA,1
CGGCCATCTTCCAGCTGCTTACCAG,1
GGCCATCTTCCAGCTGCTTACCAGC,1
GCCATCTTCCAGCTGCTTACCAGCA,1
CCATCTTCCAGCTGCTTACCAGCAA,1
CATCTTCCAGCTGCTTACCAGCAAA,1
ATCTTCCAGCTGCTTACCAGCAAAG,1
TCTTCCAGCTGCTTACCAGCAAAGA,1
CTTCCAGCTGCTTACCAGCAAAGAT,1
TTCCAGCTGCTTACCAGCAAAGATC,1
TCCAGCTGCTTACCAGCAAAGATCA,1
CCAGCTGCTTACCAGCAAAGATCAG,1
CAGCTGCTTACCAGCAAAGATCAGC,1
AGCTGCTTACCAGCAAAGATCAGCC,1
GCTGCTTACCAGCAAAGATCAGCCT,1
CTTTAAACTGAACAAGCAGAACTGA,1
TTTAAACTGAACAAGCAGAACTGAA,1
TTAAACTGAACAAGCAGAACTGAAC,1
TAAACTGAACAAGCAGAACTGAACT,1
AAACTGAACAAGCAGAACTGAACTA,1
AACTGAACAAGCAGAACTGAACTAC,1
ACTGAACAAGCAGAACTGAACTACC,1
CTGAACAAGCAGAACTGAACTACCA,1
TGAACAAGCAGAACTGAACTACCAT,1
GAACAAGCAGAACTGAACTACCATC,1
AACAAGCAGAACTGAACTACCATCG,1
ACAAGCAGAACTGAACTACCATCGA,1
CAAGCAGAACTGAACTACCATCGAT,1
AAGCAGAACTGAACTACCATCGATG,1
AGCAGAACTGAACTACCATCGATGA,1
GCAGAACTGAACTACCATCGATGAA,1
CAGAACTGAACTACCATCGATGAAA,1
AGAACTGAACTACCATCGATGAAAT,1
GAACTGAACTACCATCGATGAAATG,1
AACTGAACTACCATCGATGAAATGT,1
ACTGAACTACCATCGATGAAATGTA,1
CTGAACTACCATCGATGAAATGTAT,1
TGAACTACCATCGATGAAATGTATC,1
GAACTACCATCGATGAAATGTATCC,1
AACTACCATCGATGAAATGTATCCA,1
ACTACCATCGATGAAATGTATCCAC,1
CTACCATCGATGAAATGTATCCACA,1
TACCATCGATGAAATGTATCCACAC,1
ACCATCGATGAAATGTATCCACACT,1
CCATCGATGAAATGTATCCACACTG,1
CATCGATGAAATGTATCCACACTGT,1
ATCGATGAAATGTATCCACACTGTT,1
TCGATGAAATGTATCCACACTGTTA,1
CGATGAAATGTATCCACACTGTTAA,1
GATGAAATGTATCCACACTGTTAAA,1
ATGAAATGTATCCACACTGTTAAAT,1
TGAAATGTATCCACACTGTTAAATA,1
GAAATGTATCCACACTGTTAAATAT,1
AAATGTATCCACACTGTTAAATATT,1
AATGTATCCACACTGTTAAATATTA,1
ATGTATCCACACTGTTAAATATTAA,1
TGTATCCACACTGTTAAATATTAAT,1
GTATCCACACTGTTAAATATTAATG,1
TATCCACACTGTTAAATATTAATGT,1
ATCCACACTGTTAAATATTAATGTA,1
TCCACACTGTTAAATATTAATGTAA,1
CCACACTGTTAAATATTAATGTAAA,1
CACACTGTTAAATATTAATGTAAAA,1
ACACTGTTAAATATTAATGTAAAAT,1
CACTGTTAAATATTAATGTAAAATA,1
ACTGTTAAATATTAATGTAAAATAA,1
CTGTTAAATATTAATGTAAAATAAA,1
TGTTAAATATTAATGTAAAATAAAA,1
GTTAAATATTAATGTAAAATAAAAA,1
TTAAATATTAATGTAAAATAAAAAC,1
TAAATATTAATGTAAAATAAAAACC,1
AAATATTAATGTAAAATAAAAACCA,1
AATATTAATGTAAAATAAAAACCAC,1
ATATTAATGTAAAATAAAAACCACA,1
TATTAATGTAAAATAAAAACCACAC,1
ATTAATGTAAAATAAAAACCACACA,1
TTAATGTAAAATAAAAACCACACAC,1
TAATGTAAAATAAAAACCACACACT,1
AATGTAAAATAAAAACCACACACTT,1
ATGTAAAATAAAAACCACACACTTT,1
TGTAAAATAAAAACCACACACTTTG,1
GTAAAATAAAAACCACACACTTTGT,1
TAAAATAAAAACCACACACTTTGTG,1
AAAATAAAAACCACACACTTTGTGG,1
AAATAAAAACCACACACTTTGTGGA,1
AATAAAAACCACACACTTTGTGGAA,1
ATAAAAACCACACACTTTGTGGAAT,1
TAAAAACCACACACTTTGTGGAATA,1
AAAAACCACACACTTTGTGGAATAA,1
AAAACCACACACTTTGTGGAATAAA,1
AAACCACACACTTTGTGGAATAAAT,1
CTGCAGTAATGTTAGCTGTAAGCCG,1
TGCAGTAATGTTAGCTGTAAGCCGG,1
GCAGTAATGTTAGCTGTAAGCCGGA,1
CAGTAATGTTAGCTGTAAGCCGGAC,1
AGTAATGTTAGCTGTAAGCCGGACT,1
GTAATGTTAGCTGTAAGCCGGACTG,1
TAATGTTAGCTGTAAGCCGGACTGC,1
AATGTTAGCTGTAAGCCGGACTGCT,1
ATGTTAGCTGTAAGCCGGACTGCTA,1
TGTTAGCTGTAAGCCGGACTGCTAA,1
GTTAGCTGTAAGCCGGACTGCTAAT,1
TTAGCTGTAAGCCGGACTGCTAATG,1
TAGCTGTAAGCCGGACTGCTAATGC,1
AGCTGTAAGCCGGACTGCTAATGCC,1
GCTGTAAGCCGGACTGCTAATGCCA,1
CTGTAAGCCGGACTGCTAATGCCAT,1
TGTAAGCCGGACTGCTAATGCCATT,1
GTAAGCCGGACTGCTAATGCCATTG,1
TAAGCCGGACTGCTAATGCCATTGG,1
AAGCCGGACTGCTAATGCCATTGGT,1
AGCCGGACTGCTAATGCCATTGGTT,1
GCCGGACTGCTAATGCCATTGGTTG,1
CCGGACTGCTAATGCCATTGGTTGA,1
CGGACTGCTAATGCCATTGGTTGAA,1
GGACTGCTAATGCCATTGGTTGAAT,1
GACTGCTAATGCCATTGGTTGAATA,1
ACTGCTAATGCCATTGGTTGAATAA,1
CTGCTAATGCCATTGGTTGAATAAA,1
TGCTAATGCCATTGGTTGAATAAAT,1
GCTAATGCCATTGGTTGAATAAATA,1
CTAATGCCATTGGTTGAATAAATAG,1
TAATGCCATTGGTTGAATAAATAGG,1
AATGCCATTGGTTGAATAAATAGGC,1
ATGCCATTGGTTGAATAAATAGGCT,1
TGCCATTGGTTGAATAAATAGGCTA,1
GCCATTGGTTGAATAAATAGGCTAA,1
CCATTGGTTGAATAAATAGGCTAAT,1
CATTGGTTGAATAAATAGGCTAATT,1
ATTGGTTGAATAAATAGGCTAATTG,1
TTGGTTGAATAAATAGGCTAATTGT,1
TGGTTGAATAAATAGGCTAATTGTT,1
GGTTGAATAAATAGGCTAATTGTTT,1
GTTGAATAAATAGGCTAATTGTTTC,1
TTGAATAAATAGGCTAATTGTTTCA,1
TGAATAAATAGGCTAATTGTTTCAA,1
GAATAAATAGGCTAATTGTTTCAAT,1
AATAAATAGGCTAATTGTTTCAATA,1
ATAAATAGGCTAATTGTTTCAATAA,1
TAAATAGGCTAATTGTTTCAATAAT,1
AAATAGGCTAATTGTTTCAATAATA,1
AATAGGCTAATTGTTTCAATAATAA,1
ATAGGCTAATTGTTTCAATAATAAT,1
TAGGCTAATTGTTTCAATAATAATA,1
AGGCTAATTGTTTCAATAATAATAA,1
GGCTAATTGTTTCAATAATAATAAG,1
GCTAATTGTTTCAATAATAATAAGT,1
CTAATTGTTTCAATAATAATAAGTA,1
TAATTGTTTCAATAATAATAAGTAT,1
AATTGTTTCAATAATAATAAGTATT,1
ATTGTTTCAATAATAATAAGTATTG,1
TTGTTTCAATAATAATAAGTATTGG,1
TGTTTCAATAATAATAAGTATTGGA,1
GTTTCAATAATAATAAGTATTGGAA,1
TTTCAATAATAATAAGTATTGGAAT,1
TTCAATAATAATAAGTATTGGAATT,1
TCAATAATAATAAGTATTGGAATTA,1
CAATAATAATAAGTATTGGAATTAG,1
AATAATAATAAGTATTGGAATTAGT,1
ATAATAATAAGTATTGGAATTAGTG,1
TAATAATAAGTATTGGAATTAGTGA,1
AATAATAAGTATTGGAATTAGTGAA,1
ATAATAAGTATTGGAATTAGTGAAA,1
TAATAAGTATTGGAATTAGTGAAAT,1
AATAAGTATTGGAATTAGTGAAATT,1
ATAAGTATTGGAATTAGTGAAATTG,1
TAAGTATTGGAATTAGTGAAATTGG,1
CTGAGACTGGCCTATCATTTAAGAC,1
TGAGACTGGCCTATCATTTAAGACA,1
GAGACTGGCCTATCATTTAAGACAC,1
AGACTGGCCTATCATTTAAGACACT,1
GACTGGCCTATCATTTAAGACACTC,1
ACTGGCCTATCATTTAAGACACTCC,1
CTGGCCTATCATTTAAGACACTCCC,1
TGGCCTATCATTTAAGACACTCCCT,1
GGCCTATCATTTAAGACACTCCCTA,1
GCCTATCATTTAAGACACTCCCTAG,1
CCTATCATTTAAGACACTCCCTAGA,1
CTATCATTTAAGACACTCCCTAGAA,1
TATCATTTAAGACACTCCCTAGAAG,1
ATCATTTAAGACACTCCCTAGAAGA,1
TCATTTAAGACACTCCCTAGAAGAC,1
CATTTAAGACACTCCCTAGAAGACA,1
ATTTAAGACACTCCCTAGAAGACAC,1
TTTAAGACACTCCCTAGAAGACACT,1
TTAAGACACTCCCTAGAAGACACTT,1
TAAGACACTCCCTAGAAGACACTTC,1
AAGACACTCCCTAGAAGACACTTCT,1
AGACACTCCCTAGAAGACACTTCTC,1
GACACTCCCTAGAAGACACTTCTCA,1
ACACTCCCTAGAAGACACTTCTCAA,1
CACTCCCTAGAAGACACTTCTCAAA,1
ACTCCCTAGAAGACACTTCTCAAAA,1
CTCCCTAGAAGACACTTCTCAAAAA,1
TCCCTAGAAGACACTTCTCAAAAAT,1
CCCTAGAAGACACTTCTCAAAAATC,1
CCTAGAAGACACTTCTCAAAAATCT,1
CTAGAAGACACTTCTCAAAAATCTC,1
TAGAAGACACTTCTCAAAAATCTCC,1
AGAAGACACTTCTCAAAAATCTCCT,1
GAAGACACTTCTCAAAAATCTCCTC,1
AAGACACTTCTCAAAAATCTCCTCT,1
AGACACTTCTCAAAAATCTCCTCTG,1
GACACTTCTCAAAAATCTCCTCTGG,1
ACACTTCTCAAAAATCTCCTCTGGC,1
CACTTCTCAAAAATCTCCTCTGGCC,1
ACTTCTCAAAAATCTCCTCTGGCCG,1
CTTCTCAAAAATCTCCTCTGGCCGT,1
TTCTCAAAAATCTCCTCTGGCCGTC,1
TCTCAAAAATCTCCTCTGGCCGTCT,1
CTCAAAAATCTCCTCTGGCCGTCTG,1
TCAAAAATCTCCTCTGGCCGTCTGC,1
CAAAAATCTCCTCTGGCCGTCTGCT,1
AAAAATCTCCTCTGGCCGTCTGCTT,1
AAAATCTCCTCTGGCCGTCTGCTTC,1
AAATCTCCTCTGGCCGTCTGCTTCT,1
AATCTCCTCTGGCCGTCTGCTTCTG,1
ATCTCCTCTGGCCGTCTGCTTCTGC,1
TCTCCTCTGGCCGTCTGCTTCTGCT,1
CTCCTCTGGCCGTCTGCTTCTGCTC,1
TCCTCTGGCCGTCTGCTTCTGCTCC,1
CCTCTGGCCGTCTGCTTCTGCTCCT,1
CTCTGGCCGTCTGCTTCTGCTCCTT,1
TCTGGCCGTCTGCTTCTGCTCCTTT,1
CTGGCCGTCTGCTTCTGCTCCTTTT,1
TGGCCGTCTGCTTCTGCTCCTTTTT,1
GGCCGTCTGCTTCTGCTCCTTTTTT,1
GCCGTCTGCTTCTGCTCCTTTTTTG,1
CCGTCTGCTTCTGCTCCTTTTTTGT,1
CGTCTGCTTCTGCTCCTTTTTTGTT,1
GTCTGCTTCTGCTCCTTTTTTGTTG,1
TCTGCTTCTGCTCCTTTTTTGTTGT,1
CTGCTTCTGCTCCTTTTTTGTTGTT,1
TGCTTCTGCTCCTTTTTTGTTGTTC,1
GCTTCTGCTCCTTTTTTGTTGTTCA,1
CTTCTGCTCCTTTTTTGTTGTTCAC,1
TTCTGCTCCTTTTTTGTTGTTCACT,1
TCTGCTCCTTTTTTGTTGTTCACTG,1
CTGCTCCTTTTTTGTTGTTCACTGC,1
TGCTCCTTTTTTGTTGTTCACTGCT,1
GCTCCTTTTTTGTTGTTCACTGCTC,1
CTCCTTTTTTGTTGTTCACTGCTCA,1
TCCTTTTTTGTTGTTCACTGCTCAG,1
GATCAGTTCAAGTATTTCCAATTAG,1
ATCAGTTCAAGTATTTCCAATTAGG,1
TCAGTTCAAGTATTTCCAATTAGGT,1
CAGTTCAAGTATTTCCAATTAGGTG,1
AGTTCAAGTATTTCCAATTAGGTGT,1
GTTCAAGTATTTCCAATTAGGTGTA,1
TTCAAGTATTTCCAATTAGGTGTAT,1
TCAAGTATTTCCAATTAGGTGTATT,1
CAAGTATTTCCAATTAGGTGTATTG,1
AAGTATTTCCAATTAGGTGTATTGT,1
AGTATTTCCAATTAGGTGTATTGTG,1
GTATTTCCAATTAGGTGTATTGTGT,1
TATTTCCAATTAGGTGTATTGTGTG,1
ATTTCCAATTAGGTGTATTGTGTGA,1
TTTCCAATTAGGTGTATTGTGTGAT,1
TTCCAATTAGGTGTATTGTGTGATG,1
TCCAATTAGGTGTATTGTGTGATGA,1
CCAATTAGGTGTATTGTGTGATGAG,1
CAATTAGGTGTATTGTGTGATGAGG,1
AATTAGGTGTATTGTGTGATGAGGT,1
ATTAGGTGTATTGTGTGATGAGGTG,1
TTAGGTGTATTGTGTGATGAGGTGT,1
TAGGTGTATTGTGTGATGAGGTGTG,1
AGGTGTATTGTGTGATGAGGTGTGC,1
GGTGTATTGTGTGATGAGGTGTGCT,1
GTGTATTGTGTGATGAGGTGTGCTT,1
TGTATTGTGTGATGAGGTGTGCTTG,1
GTATTGTGTGATGAGGTGTGCTTGG,1
TATTGTGTGATGAGGTGTGCTTGGG,1
ATTGTGTGATGAGGTGTGCTTGGGT,1
TTGTGTGATGAGGTGTGCTTGGGTG,1
TGTGTGATGAGGTGTGCTTGGGTGT,1
GTGTGATGAGGTGTGCTTGGGTGTA,1
TGTGATGAGGTGTGCTTGGGTGTAG,1
GTGATGAGGTGTGCTTGGGTGTAGG,1
TGATGAGGTGTGCTTGGGTGTAGGA,1
GATGAGGTGTGCTTGGGTGTAGGAA,1
ATGAGGTGTGCTTGGGTGTAGGAAC,1
TGAGGTGTGCTTGGGTGTAGGAACA,1
GAGGTGTGCTTGGGTGTAGGAACAC,1
AGGTGTGCTTGGGTGTAGGAACACA,1
GGTGTGCTTGGGTGTAGGAACACAT,1
GTGTGCTTGGGTGTAGGAACACATT,1
TGTGCTTGGGTGTAGGAACACATTG,1
GTGCTTGGGTGTAGGAACACATTGG,1
TGCTTGGGTGTAGGAACACATTGGT,1
GCTTGGGTGTAGGAACACATTGGTT,1
CTTGGGTGTAGGAACACATTGGTTC,1
TTGGGTGTAGGAACACATTGGTTCT,1
TGGGTGTAGGAACACATTGGTTCTG,1
GGGTGTAGGAACACATTGGTTCTGA,1
GGTGTAGGAACACATTGGTTCTGAT,1
GTGTAGGAACACATTGGTTCTGATG,1
TGTAGGAACACATTGGTTCTGATGA,1
GTAGGAACACATTGGTTCTGATGAT,1
TAGGAACACATTGGTTCTGATGATT,1
AGGAACACATTGGTTCTGATGATTT,1
GGAACACATTGGTTCTGATGATTTA,1
GAACACATTGGTTCTGATGATTTAG,1
AACACATTGGTTCTGATGATTTAGT,1
ACACATTGGTTCTGATGATTTAGTG,1
CACATTGGTTCTGATGATTTAGTGA,1
ACATTGGTTCTGATGATTTAGTGAA,1
CATTGGTTCTGATGATTTAGTGAAA,1
ATTGGTTCTGATGATTTAGTGAAAA,1
TTGGTTCTGATGATTTAGTGAAAAG,1
TGGTTCTGATGATTTAGTGAAAAGA,1
GGTTCTGATGATTTAGTGAAAAGAG,1
GTTCTGATGATTTAGTGAAAAGAGT,1
TTCTGATGATTTAGTGAAAAGAGTG,1
TCTGATGATTTAGTGAAAAGAGTGT,1
CTGATGATTTAGTGAAAAGAGTGTC,1
TGATGATTTAGTGAAAAGAGTGTCA,1
GATGATTTAGTGAAAAGAGTGTCAG,1
ATGATTTAGTGAAAAGAGTGTCAGG,1
TGATTTAGTGAAAAGAGTGTCAGGC,1
CGGTAGCCAATTACTTTGTGCATAT,1
GGTAGCCAATTACTTTGTGCATATG,1
GTAGCCAATTACTTTGTGCATATGA,1
TAGCCAATTACTTTGTGCATATGAT,1
AGCCAATTACTTTGTGCATATGATC,1
GCCAATTACTTTGTGCATATGATCT,1
CCAATTACTTTGTGCATATGATCTT,1
CAATTACTTTGTGCATATGATCTTT,1
AATTACTTTGTGCATATGATCTTTA,1
ATTACTTTGTGCATATGATCTTTAA,1
TTACTTTGTGCATATGATCTTTAAC,1
TACTTTGTGCATATGATCTTTAACT,1
ACTTTGTGCATATGATCTTTAACTT,1
CTTTGTGCATATGATCTTTAACTTA,1
TTTGTGCATATGATCTTTAACTTAT,1
TTGTGCATATGATCTTTAACTTATA,1
TGTGCATATGATCTTTAACTTATAT,1
GTGCATATGATCTTTAACTTATATC,1
TGCATATGATCTTTAACTTATATCC,1
GCATATGATCTTTAACTTATATCCC,1
CATATGATCTTTAACTTATATCCCA,1
ATATGATCTTTAACTTATATCCCAG,1
TATGATCTTTAACTTATATCCCAGA,1
ATGATCTTTAACTTATATCCCAGAT,1
TGATCTTTAACTTATATCCCAGATT,1
GATCTTTAACTTATATCCCAGATTT,1
ATCTTTAACTTATATCCCAGATTTA,1
TCTTTAACTTATATCCCAGATTTAA,1
CTTTAACTTATATCCCAGATTTAAA,1
TTTAACTTATATCCCAGATTTAAAA,1
TTAACTTATATCCCAGATTTAAAAG,1
TAACTTATATCCCAGATTTAAAAGT,1
AACTTATATCCCAGATTTAAAAGTT,1
ACTTATATCCCAGATTTAAAAGTTC,1
CTTATATCCCAGATTTAAAAGTTCT,1
TTATATCCCAGATTTAAAAGTTCTT,1
TATATCCCAGATTTAAAAGTTCTTG,1
ATATCCCAGATTTAAAAGTTCTTGT,1
TATCCCAGATTTAAAAGTTCTTGTT,1
ATCCCAGATTTAAAAGTTCTTGTTT,1
TCCCAGATTTAAAAGTTCTTGTTTT,1
CCCAGATTTAAAAGTTCTTGTTTTG,1
CCAGATTTAAAAGTTCTTGTTTTGG,1
CAGATTTAAAAGTTCTTGTTTTGGT,1
AGATTTAAAAGTTCTTGTTTTGGTT,1
GATTTAAAAGTTCTTGTTTTGGTTT,1
ATTTAAAAGTTCTTGTTTTGGTTTG,1
TTTAAAAGTTCTTGTTTTGGTTTGT,1
TTAAAAGTTCTTGTTTTGGTTTGTA,1
TAAAAGTTCTTGTTTTGGTTTGTAG,1
AAAAGTTCTTGTTTTGGTTTGTAGA,1
AAAGTTCTTGTTTTGGTTTGTAGAT,1
AAGTTCTTGTTTTGGTTTGTAGATT,1
AGTTCTTGTTTTGGTTTGTAGATTT,1
GTTCTTGTTTTGGTTTGTAGATTTC,1
TTCTTGTTTTGGTTTGTAGATTTCA,1
TCTTGTTTTGGTTTGTAGATTTCAC,1
CTTGTTTTGGTTTGTAGATTTCACT,1
TTGTTTTGGTTTGTAGATTTCACTA,1
TGTTTTGGTTTGTAGATTTCACTAT,1
GTTTTGGTTTGTAGATTTCACTATT,1
TTTTGGTTTGTAGATTTCACTATTA,1
TTTGGTTTGTAGATTTCACTATTAG,1
TTGGTTTGTAGATTTCACTATTAGC,1
TGGTTTGTAGATTTCACTATTAGCT,1
GGTTTGTAGATTTCACTATTAGCTA,1
GTTTGTAGATTTCACTATTAGCTAT,1
TTTGTAGATTTCACTATTAGCTATA,1
TTGTAGATTTCACTATTAGCTATAA,1
TGTAGATTTCACTATTAGCTATAAA,1
GTAGATTTCACTATTAGCTATAAAA,1
TAGATTTCACTATTAGCTATAAAAA,1
AGATTTCACTATTAGCTATAAAAAG,1
GATTTCACTATTAGCTATAAAAAGA,1
ATTTCACTATTAGCTATAAAAAGAA,1
TTTCACTATTAGCTATAAAAAGAAA,1
CCCGGTCCTCGCAGCGCGTGAAGAG,1
CCGGTCCTCGCAGCGCGTGAAGAGC,1
CGGTCCTCGCAGCGCGTGAAGAGCG,1
GGTCCTCGCAGCGCGTGAAGAGCGC,1
GTCCTCGCAGCGCGTGAAGAGCGCA,1
TCCTCGCAGCGCGTGAAGAGCGCAC,1
CCTCGCAGCGCGTGAAGAGCGCACG,1
CTCGCAGCGCGTGAAGAGCGCACGC,1
TCGCAGCGCGTGAAGAGCGCACGCA,1
CGCAGCGCGTGAAGAGCGCACGCAC,1
GCAGCGCGTGAAGAGCGCACGCACG,1
CAGCGCGTGAAGAGCGCACGCACGG,1
AGCGCGTGAAGAGCGCACGCACGGG,1
GCGCGTGAAGAGCGCACGCACGGGC,1
CGCGTGAAGAGCGCACGCACGGGCA,1
GCGTGAAGAGCGCACGCACGGGCAG,1
CGTGAAGAGCGCACGCACGGGCAGG,1
GTGAAGAGCGCACGCACGGGCAGGT,1
TGAAGAGCGCACGCACGGGCAGGTT,1
GAAGAGCGCACGCACGGGCAGGTTG,1
AAGAGCGCACGCACGGGCAGGTTGC,1
AGAGCGCACGCACGGGCAGGTTGCC,1
GAGCGCACGCACGGGCAGGTTGCCC,1
AGCGCACGCACGGGCAGGTTGCCCT,1
GCGCACGCACGGGCAGGTTGCCCTT,1
CGCACGCACGGGCAGGTTGCCCTTC,1
GCACGCACGGGCAGGTTGCCCTTCT,1
CACGCACGGGCAGGTTGCCCTTCTG,1
ACGCACGGGCAGGTTGCCCTTCTGC,1
CGCACGGGCAGGTTGCCCTTCTGCA,1
GCACGGGCAGGTTGCCCTTCTGCAG,1
CACGGGCAGGTTGCCCTTCTGCAGA,1
ACGGGCAGGTTGCCCTTCTGCAGAC,1
CGGGCAGGTTGCCCTTCTGCAGACG,1
GGGCAGGTTGCCCTTCTGCAGACGC,1
GGCAGGTTGCCCTTCTGCAGACGCC,1
GCAGGTTGCCCTTCTGCAGACGCCG,1
CAGGTTGCCCTTCTGCAGACGCCGC,1
AGGTTGCCCTTCTGCAGACGCCGCA,1
GGTTGCCCTTCTGCAGACGCCGCAG,1
GTTGCCCTTCTGCAGACGCCGCAGC,1
TTGCCCTTCTGCAGACGCCGCAGCA,1
TGCCCTTCTGCAGACGCCGCAGCAT,1
GCCCTTCTGCAGACGCCGCAGCATG,1
CCCTTCTGCAGACGCCGCAGCATGA,1
CCTTCTGCAGACGCCGCAGCATGAT,1
CTTCTGCAGACGCCGCAGCATGATG,1
TTCTGCAGACGCCGCAGCATGATGC,1
TCTGCAGACGCCGCAGCATGATGCC,1
CTGCAGACGCCGCAGCATGATGCCG,1
TGCAGACGCCGCAGCATGATGCCGG,1
GCAGACGCCGCAGCATGATGCCGGG,1
CAGACGCCGCAGCATGATGCCGGGG,1
AGACGCCGCAGCATGATGCCGGGGA,1
GACGCCGCAGCATGATGCCGGGGAT,1
ACGCCGCAGCATGATGCCGGGGATG,1
CGCCGCAGCATGATGCCGGGGATGG,1
GCCGCAGCATGATGCCGGGGATGGC,1
CCGCAGCATGATGCCGGGGATGGCC,1
CGCAGCATGATGCCGGGGATGGCCA,1
GCAGCATGATGCCGGGGATGGCCAC,1
CAGCATGATGCCGGGGATGGCCACA,1
AGCATGATGCCGGGGATGGCCACAT,1
GCATGATGCCGGGGATGGCCACATT,1
CATGATGCCGGGGATGGCCACATTA,1
ATGATGCCGGGGATGGCCACATTAA,1
TGATGCCGGGGATGGCCACATTAAT,1
GATGCCGGGGATGGCCACATTAATG,1
ATGCCGGGGATGGCCACATTAATGG,1
TGCCGGGGATGGCCACATTAATGGC,1
GCCGGGGATGGCCACATTAATGGCA,1
CCGGGGATGGCCACATTAATGGCAG,1
CGGGGATGGCCACATTAATGGCAGA,1
GGGGATGGCCACATTAATGGCAGAT,1
GGGATGGCCACATTAATGGCAGATT,1
GGATGGCCACATTAATGGCAGATTC,1
GCCATATCCAAGGTGAACACACACC,1
CCATATCCAAGGTGAACACACACCC,1
CATATCCAAGGTGAACACACACCCT,1
ATATCCAAGGTGAACACACACCCTG,1
TATCCAAGGTGAACACACACCCTGA,1
ATCCAAGGTGAACACACACCCTGAC,1
TCCAAGGTGAACACACACCCTGACC,1
CCAAGGTGAACACACACCCTGACCC,1
CAAGGTGAACACACACCCTGACCCA,1
AAGGTGAACACACACCCTGACCCAC,1
AGGTGAACACACACCCTGACCCACC,1
GGTGAACACACACCCTGACCCACCT,1
GTGAACACACACCCTGACCCACCTT,1
TGAACACACACCCTGACCCACCTTT,1
GAACACACACCCTGACCCACCTTTT,1
AACACACACCCTGACCCACCTTTTT,1
ACACACACCCTGACCCACCTTTTTC,1
CACACACCCTGACCCACCTTTTTCT,1
ACACACCCTGACCCACCTTTTTCTC,1
CACACCCTGACCCACCTTTTTCTCA,1
ACACCCTGACCCACCTTTTTCTCAA,1
CACCCTGACCCACCTTTTTCTCAAT,1
ACCCTGACCCACCTTTTTCTCAATT,1
CCCTGACCCACCTTTTTCTCAATTT,1
CCTGACCCACCTTTTTCTCAATTTT,1
CTGACCCACCTTTTTCTCAATTTTT,1
TGACCCACCTTTTTCTCAATTTTTA,1
GACCCACCTTTTTCTCAATTTTTAA,1
ACCCACCTTTTTCTCAATTTTTAAA,1
CCCACCTTTTTCTCAATTTTTAAAA,1
CCACCTTTTTCTCAATTTTTAAAAT,1
CACCTTTTTCTCAATTTTTAAAATA,1
ACCTTTTTCTCAATTTTTAAAATAG,1
CCTTTTTCTCAATTTTTAAAATAGC,1
CTTTTTCTCAATTTTTAAAATAGCC,1
TTTTTCTCAATTTTTAAAATAGCCA,1
TTTTCTCAATTTTTAAAATAGCCAA,1
TTTCTCAATTTTTAAAATAGCCAAT,1
TTCTCAATTTTTAAAATAGCCAATT,1
TCTCAATTTTTAAAATAGCCAATTC,1
CTCAATTTTTAAAATAGCCAATTCC,1
TCAATTTTTAAAATAGCCAATTCCT,1
CAATTTTTAAAATAGCCAATTCCTC,1
AATTTTTAAAATAGCCAATTCCTCC,1
ATTTTTAAAATAGCCAATTCCTCCT,1
TTTTTAAAATAGCCAATTCCTCCTC,1
TTTTAAAATAGCCAATTCCTCCTCT,1
TTTAAAATAGCCAATTCCTCCTCTC,1
TTAAAATAGCCAATTCCTCCTCTCC,1
TAAAATAGCCAATTCCTCCTCTCCC,1
AAAATAGCCAATTCCTCCTCTCCCT,1
AAATAGCCAATTCCTCCTCTCCCTG,1
AATAGCCAATTCCTCCTCTCCCTGA,1
ATAGCCAATTCCTCCTCTCCCTGAC,1
TAGCCAATTCCTCCTCTCCCTGACC,1
AGCCAATTCCTCCTCTCCCTGACCC,1
GCCAATTCCTCCTCTCCCTGACCCC,1
CCAATTCCTCCTCTCCCTGACCCCA,1
CAATTCCTCCTCTCCCTGACCCCAA,1
AATTCCTCCTCTCCCTGACCCCAAG,1
ATTCCTCCTCTCCCTGACCCCAAGA,1
TTCCTCCTCTCCCTGACCCCAAGAC,1
TCCTCCTCTCCCTGACCCCAAGACA,1
CCTCCTCTCCCTGACCCCAAGACAT,1
CTCCTCTCCCTGACCCCAAGACATG,1
TCCTCTCCCTGACCCCAAGACATGT,1
CCTCTCCCTGACCCCAAGACATGTG,1
CTCTCCCTGACCCCAAGACATGTGA,1
TCTCCCTGACCCCAAGACATGTGAG,1
CTCCCTGACCCCAAGACATGTGAGC,1
TCCCTGACCCCAAGACATGTGAGCA,1
CCCTGACCCCAAGACATGTGAGCAA,1
CCTGACCCCAAGACATGTGAGCAAC,1
CTGACCCCAAGACATGTGAGCAACT,1
TGACCCCAAGACATGTGAGCAACTG,1
GACCCCAAGACATGTGAGCAACTGC,1
CGACAGCCGGACGGAGCAGGGGCCT,1
GACAGCCGGACGGAGCAGGGGCCTC,1
ACAGCCGGACGGAGCAGGGGCCTCA,1
CAGCCGGACGGAGCAGGGGCCTCAG,1
AGCCGGACGGAGCAGGGGCCTCAGG,1
GCCGGACGGAGCAGGGGCCTCAGGT,1
CCGGACGGAGCAGGGGCCTCAGGTG,1
CGGACGGAGCAGGGGCCTCAGGTGG,1
GGACGGAGCAGGGGCCTCAGGTGGA,1
GACGGAGCAGGGGCCTCAGGTGGAT,1
ACGGAGCAGGGGCCTCAGGTGGATG,1
CGGAGCAGGGGCCTCAGGTGGATGA,1
GGAGCAGGGGCCTCAGGTGGATGAA,1
GAGCAGGGGCCTCAGGTGGATGAAA,1
AGCAGGGGCCTCAGGTGGATGAAAC,1
GCAGGGGCCTCAGGTGGATGAAACT,1
CAGGGGCCTCAGGTGGATGAAACTC,1
AGGGGCCTCAGGTGGATGAAACTCA,1
GGGGCCTCAGGTGGATGAAACTCAG,1
GGGCCTCAGGTGGATGAAACTCAGT,1
GGCCTCAGGTGGATGAAACTCAGTT,1
GCCTCAGGTGGATGAAACTCAGTTT,1
CCTCAGGTGGATGAAACTCAGTTTA,1
CTCAGGTGGATGAAACTCAGTTTAA,1
TCAGGTGGATGAAACTCAGTTTAAG,1
CAGGTGGATGAAACTCAGTTTAAGA,1
AGGTGGATGAAACTCAGTTTAAGAA,1
GGTGGATGAAACTCAGTTTAAGAAG,1
GTGGATGAAACTCAGTTTAAGAAGA,1
TGGATGAAACTCAGTTTAAGAAGAT,1
GGATGAAACTCAGTTTAAGAAGATC,1
GATGAAACTCAGTTTAAGAAGATCC,1
ATGAAACTCAGTTTAAGAAGATCCT,1
TGAAACTCAGTTTAAGAAGATCCTC,1
GAAACTCAGTTTAAGAAGATCCTCG,1
AAACTCAGTTTAAGAAGATCCTCGG,1
AACTCAGTTTAAGAAGATCCTCGGC,1
ACTCAGTTTAAGAAGATCCTCGGCT,1
CTCAGTTTAAGAAGATCCTCGGCTA,1
TCAGTTTAAGAAGATCCTCGGCTAC,1
CAGTTTAAGAAGATCCTCGGCTACA,1
AGTTTAAGAAGATCCTCGGCTACAT,1
GTTTAAGAAGATCCTCGGCTACATC,1
TTTAAGAAGATCCTCGGCTACATCA,1
TTAAGAAGATCCTCGGCTACATCAA,1
TAAGAAGATCCTCGGCTACATCAAA,1
AAGAAGATCCTCGGCTACATCAAAT,1
AGAAGATCCTCGGCTACATCAAATC,1
GAAGATCCTCGGCTACATCAAATCG,1
AAGATCCTCGGCTACATCAAATCGG,1
AGATCCTCGGCTACATCAAATCGGG,1
GATCCTCGGCTACATCAAATCGGGA,1
ATCCTCGGCTACATCAAATCGGGAC,1
TCCTCGGCTACATCAAATCGGGACA,1
CCTCGGCTACATCAAATCGGGACAA,1
CTCGGCTACATCAAATCGGGACAAC,1
TCGGCTACATCAAATCGGGACAACA,1
CGGCTACATCAAATCGGGACAACAA,1
GGCTACATCAAATCGGGACAACAAG,1
GCTACATCAAATCGGGACAACAAGA,1
CTACATCAAATCGGGACAACAAGAA,1
TACATCAAATCGGGACAACAAGAAG,1
ACATCAAATCGGGACAACAAGAAGG,1
CATCAAATCGGGACAACAAGAAGGG,1
ATCAAATCGGGACAACAAGAAGGGG,1
TCAAATCGGGACAACAAGAAGGGGC,1
CAAATCGGGACAACAAGAAGGGGCG,1
AAATCGGGACAACAAGAAGGGGCGA,1
AATCGGGACAACAAGAAGGGGCGAA,1
ATCGGGACAACAAGAAGGGGCGAAG,1
TCGGGACAACAAGAAGGGGCGAAGC,1
CGGGACAACAAGAAGGGGCGAAGCT,1
GGGACAACAAGAAGGGGCGAAGCTG,1
GGACAACAAGAAGGGGCGAAGCTGC,1
GACAACAAGAAGGGGCGAAGCTGCT,1
ACAACAAGAAGGGGCGAAGCTGCTG,1
GTCGGGCACCCATGTCTCGGTAGCA,1
TCGGGCACCCATGTCTCGGTAGCAC,1
CGGGCACCCATGTCTCGGTAGCACT,1
GGGCACCCATGTCTCGGTAGCACTG,1
GGCACCCATGTCTCGGTAGCACTGT,1
GCACCCATGTCTCGGTAGCACTGTG,1
CACCCATGTCTCGGTAGCACTGTGT,1
ACCCATGTCTCGGTAGCACTGTGTG,1
CCCATGTCTCGGTAGCACTGTGTGA,1
CCATGTCTCGGTAGCACTGTGTGAC,1
CATGTCTCGGTAGCACTGTGTGACT,1
ATGTCTCGGTAGCACTGTGTGACTG,1
TGTCTCGGTAGCACTGTGTGACTGC,1
GTCTCGGTAGCACTGTGTGACTGCA,1
TCTCGGTAGCACTGTGTGACTGCAC,1
CTCGGTAGCACTGTGTGACTGCACC,1
TCGGTAGCACTGTGTGACTGCACCA,1
CGGTAGCACTGTGTGACTGCACCAG,1
GGTAGCACTGTGTGACTGCACCAGC,1
GTAGCACTGTGTGACTGCACCAGCA,1
TAGCACTGTGTGACTGCACCAGCAG,1
AGCACTGTGTGACTGCACCAGCAGT,1
GCACTGTGTGACTGCACCAGCAGTG,1
CACTGTGTGACTGCACCAGCAGTGG,1
ACTGTGTGACTGCACCAGCAGTGGT,1
CTGTGTGACTGCACCAGCAGTGGTC,1
TGTGTGACTGCACCAGCAGTGGTCA,1
GTGTGACTGCACCAGCAGTGGTCAG,1
TGTGACTGCACCAGCAGTGGTCAGG,1
GTGACTGCACCAGCAGTGGTCAGGT,1
TGACTGCACCAGCAGTGGTCAGGTC,1
GACTGCACCAGCAGTGGTCAGGTCC,1
ACTGCACCAGCAGTGGTCAGGTCCC,1
CTGCACCAGCAGTGGTCAGGTCCCT,1
TGCACCAGCAGTGGTCAGGTCCCTG,1
GCACCAGCAGTGGTCAGGTCCCTGT,1
CACCAGCAGTGGTCAGGTCCCTGTA,1
ACCAGCAGTGGTCAGGTCCCTGTAC,1
CCAGCAGTGGTCAGGTCCCTGTACT,1
CAGCAGTGGTCAGGTCCCTGTACTC,1
AGCAGTGGTCAGGTCCCTGTACTCC,1
GCAGTGGTCAGGTCCCTGTACTCCC,1
CAGTGGTCAGGTCCCTGTACTCCCG,1
AGTGGTCAGGTCCCTGTACTCCCGA,1
GTGGTCAGGTCCCTGTACTCCCGAT,1
TGGTCAGGTCCCTGTACTCCCGATA,1
GGTCAGGTCCCTGTACTCCCGATAC,1
GTCAGGTCCCTGTACTCCCGATACA,1
TCAGGTCCCTGTACTCCCGATACAT,1
CAGGTCCCTGTACTCCCGATACATG,1
AGGTCCCTGTACTCCCGATACATGT,1
GGTCCCTGTACTCCCGATACATGTT,1
GTCCCTGTACTCCCGATACATGTTG,1
TCCCTGTACTCCCGATACATGTTGT,1
CCCTGTACTCCCGATACATGTTGTG,1
CCTGTACTCCCGATACATGTTGTGT,1
CTGTACTCCCGATACATGTTGTGTG,1
TGTACTCCCGATACATGTTGTGTGT,1
GTACTCCCGATACATGTTGTGTGTG,1
TACTCCCGATACATGTTGTGTGTGC,1
ACTCCCGATACATGTTGTGTGTGCC,1
CTCCCGATACATGTTGTGTGTGCCA,1
TCCCGATACATGTTGTGTGTGCCAC,1
CCCGATACATGTTGTGTGTGCCACT,1
CCGATACATGTTGTGTGTGCCACTG,1
CGATACATGTTGTGTGTGCCACTGC,1
GATACATGTTGTGTGTGCCACTGCG,1
ATACATGTTGTGTGTGCCACTGCGG,1
TACATGTTGTGTGTGCCACTGCGGG,1
ACATGTTGTGTGTGCCACTGCGGGA,1
CATGTTGTGTGTGCCACTGCGGGAG,1
ATGTTGTGTGTGCCACTGCGGGAGT,1
TGTTGTGTGTGCCACTGCGGGAGTC,1
GTTGTGTGTGCCACTGCGGGAGTCA,1
TTGTGTGTGCCACTGCGGGAGTCAT,1
TGTGTGTGCCACTGCGGGAGTCATA,1
CTTATGAGACTCTGATGCGCTCGGG,1
TTATGAGACTCTGATGCGCTCGGGA,1
TATGAGACTCTGATGCGCTCGGGAG,1
ATGAGACTCTGATGCGCTCGGGAGG,1
TGAGACTCTGATGCGCTCGGGAGGA,1
GAGACTCTGATGCGCTCGGGAGGAC,1
AGACTCTGATGCGCTCGGGAGGACA,1
GACTCTGATGCGCTCGGGAGGACAC,1
ACTCTGATGCGCTCGGGAGGACACT,1
CTCTGATGCGCTCGGGAGGACACTG,1
TCTGATGCGCTCGGGAGGACACTGA,1
CTGATGCGCTCGGGAGGACACTGAA,1
TGATGCGCTCGGGAGGACACTGAAC,1
GATGCGCTCGGGAGGACACTGAACG,1
ATGCGCTCGGGAGGACACTGAACGG,1
TGCGCTCGGGAGGACACTGAACGGC,1
GCGCTCGGGAGGACACTGAACGGCG,1
CGCTCGGGAGGACACTGAACGGCGG,1
GCTCGGGAGGACACTGAACGGCGGC,1
CTCGGGAGGACACTGAACGGCGGCT,1
TCGGGAGGACACTGAACGGCGGCTC,1
CGGGAGGACACTGAACGGCGGCTCT,1
GGGAGGACACTGAACGGCGGCTCTT,1
GGAGGACACTGAACGGCGGCTCTTC,1
GAGGACACTGAACGGCGGCTCTTCT,1
AGGACACTGAACGGCGGCTCTTCTG,1
GGACACTGAACGGCGGCTCTTCTGT,1
GACACTGAACGGCGGCTCTTCTGTG,1
ACACTGAACGGCGGCTCTTCTGTGT,1
CACTGAACGGCGGCTCTTCTGTGTT,1
ACTGAACGGCGGCTCTTCTGTGTTT,1
CTGAACGGCGGCTCTTCTGTGTTTT,1
TGAACGGCGGCTCTTCTGTGTTTTG,1
GAACGGCGGCTCTTCTGTGTTTTGC,1
AACGGCGGCTCTTCTGTGTTTTGCT,1
ACGGCGGCTCTTCTGTGTTTTGCTT,1
CGGCGGCTCTTCTGTGTTTTGCTTG,1
GGCGGCTCTTCTGTGTTTTGCTTGT,1
GCGGCTCTTCTGTGTTTTGCTTGTG,1
CGGCTCTTCTGTGTTTTGCTTGTGT,1
GGCTCTTCTGTGTTTTGCTTGTGTT,1
GCTCTTCTGTGTTTTGCTTGTGTTT,1
CTCTTCTGTGTTTTGCTTGTGTTTT,1
TCTTCTGTGTTTTGCTTGTGTTTTG,1
CTTCTGTGTTTTGCTTGTGTTTTGT,1
TTCTGTGTTTTGCTTGTGTTTTGTC,1
TCTGTGTTTTGCTTGTGTTTTGTCT,1
CTGTGTTTTGCTTGTGTTTTGTCTG,1
TGTGTTTTGCTTGTGTTTTGTCTGA,1
GTGTTTTGCTTGTGTTTTGTCTGAA,1
TGTTTTGCTTGTGTTTTGTCTGAAG,1
GTTTTGCTTGTGTTTTGTCTGAAGA,1
TTTTGCTTGTGTTTTGTCTGAAGAG,1
TTTGCTTGTGTTTTGTCTGAAGAGG,1
TTGCTTGTGTTTTGTCTGAAGAGGA,1
TGCTTGTGTTTTGTCTGAAGAGGAT,1
GCTTGTGTTTTGTCTGAAGAGGATT,1
CTTGTGTTTTGTCTGAAGAGGATTC,1
TTGTGTTTTGTCTGAAGAGGATTCC,1
TGTGTTTTGTCTGAAGAGGATTCCT,1
GTGTTTTGTCTGAAGAGGATTCCTC,1
TGTTTTGTCTGAAGAGGATTCCTCA,1
GTTTTGTCTGAAGAGGATTCCTCAG,1
TTTTGTCTGAAGAGGATTCCTCAGG,1
TTTGTCTGAAGAGGATTCCTCAGGG,1
TTGTCTGAAGAGGATTCCTCAGGGG,1
TGTCTGAAGAGGATTCCTCAGGGGG,1
GTCTGAAGAGGATTCCTCAGGGGGG,1
TCTGAAGAGGATTCCTCAGGGGGGA,1
CTGAAGAGGATTCCTCAGGGGGGAT,1
TGAAGAGGATTCCTCAGGGGGGATT,1
GAAGAGGATTCCTCAGGGGGGATTT,1
AAGAGGATTCCTCAGGGGGGATTTT,1
AGAGGATTCCTCAGGGGGGATTTTG,1
GAGGATTCCTCAGGGGGGATTTTGG,1
AGGATTCCTCAGGGGGGATTTTGGT,1
CGAGACGTAATTCGTGAAGGAACCT,1
GAGACGTAATTCGTGAAGGAACCTA,1
AGACGTAATTCGTGAAGGAACCTAC,1
GACGTAATTCGTGAAGGAACCTACC,1
ACGTAATTCGTGAAGGAACCTACCA,1
CGTAATTCGTGAAGGAACCTACCAA,1
GTAATTCGTGAAGGAACCTACCAAG,1
TAATTCGTGAAGGAACCTACCAAGG,1
AATTCGTGAAGGAACCTACCAAGGC,1
ATTCGTGAAGGAACCTACCAAGGCC,1
TTCGTGAAGGAACCTACCAAGGCCA,1
TCGTGAAGGAACCTACCAAGGCCAC,1
CGTGAAGGAACCTACCAAGGCCACC,1
GTGAAGGAACCTACCAAGGCCACCA,1
TGAAGGAACCTACCAAGGCCACCAC,1
GAAGGAACCTACCAAGGCCACCACA,1
AAGGAACCTACCAAGGCCACCACAC,1
AGGAACCTACCAAGGCCACCACACT,1
GGAACCTACCAAGGCCACCACACTC,1
GAACCTACCAAGGCCACCACACTCC,1
AACCTACCAAGGCCACCACACTCCT,1
ACCTACCAAGGCCACCACACTCCTA,1
CCTACCAAGGCCACCACACTCCTAT,1
CTACCAAGGCCACCACACTCCTATT,1
TACCAAGGCCACCACACTCCTATTG,1
ACCAAGGCCACCACACTCCTATTGT,1
CCAAGGCCACCACACTCCTATTGTA,1
CAAGGCCACCACACTCCTATTGTAC,1
AAGGCCACCACACTCCTATTGTACA,1
AGGCCACCACACTCCTATTGTACAA,1
GGCCACCACACTCCTATTGTACAAA,1
GCCACCACACTCCTATTGTACAAAA,1
CCACCACACTCCTATTGTACAAAAA,1
CACCACACTCCTATTGTACAAAAAG,1
ACCACACTCCTATTGTACAAAAAGG,1
CCACACTCCTATTGTACAAAAAGGA,1
CACACTCCTATTGTACAAAAAGGAC,1
ACACTCCTATTGTACAAAAAGGACT,1
CACTCCTATTGTACAAAAAGGACTA,1
ACTCCTATTGTACAAAAAGGACTAC,1
CTCCTATTGTACAAAAAGGACTACG,1
TCCTATTGTACAAAAAGGACTACGA,1
CCTATTGTACAAAAAGGACTACGAT,1
CTATTGTACAAAAAGGACTACGATA,1
TATTGTACAAAAAGGACTACGATAT,1
ATTGTACAAAAAGGACTACGATATG,1
TTGTACAAAAAGGACTACGATATGG,1
TGTACAAAAAGGACTACGATATGGT,1
GTACAAAAAGGACTACGATATGGTA,1
TACAAAAAGGACTACGATATGGTAT,1
ACAAAAAGGACTACGATATGGTATA,1
CAAAAAGGACTACGATATGGTATAA,1
AAAAAGGACTACGATATGGTATAAT,1
AAAAGGACTACGATATGGTATAATT,1
AAAGGACTACGATATGGTATAATTC,1
AAGGACTACGATATGGTATAATTCT,1
AGGACTACGATATGGTATAATTCTA,1
GGACTACGATATGGTATAATTCTAT,1
GACTACGATATGGTATAATTCTATT,1
ACTACGATATGGTATAATTCTATTC,1
CTACGATATGGTATAATTCTATTCA,1
TACGATATGGTATAATTCTATTCAT,1
ACGATATGGTATAATTCTATTCATC,1
CGATATGGTATAATTCTATTCATCG,1
GATATGGTATAATTCTATTCATCGT,1
ATATGGTATAATTCTATTCATCGTC,1
TATGGTATAATTCTATTCATCGTCT,1
ATGGTATAATTCTATTCATCGTCTC,1
TGGTATAATTCTATTCATCGTCTCG,1
GGTATAATTCTATTCATCGTCTCGG,1
GTATAATTCTATTCATCGTCTCGGA,1
TATAATTCTATTCATCGTCTCGGAA,1
ATAATTCTATTCATCGTCTCGGAAG,1
TAATTCTATTCATCGTCTCGGAAGT,1
AATTCTATTCATCGTCTCGGAAGTA,1
ATTCTATTCATCGTCTCGGAAGTAT,1
GTCATACCAAAATCCCACACTAATT,1
TCATACCAAAATCCCACACTAATTG,1
CATACCAAAATCCCACACTAATTGC,1
ATACCAAAATCCCACACTAATTGCA,1
TACCAAAATCCCACACTAATTGCAG,1
ACCAAAATCCCACACTAATTGCAGT,1
CCAAAATCCCACACTAATTGCAGTG,1
CAAAATCCCACACTAATTGCAGTGT,1
AAAATCCCACACTAATTGCAGTGTA,1
AAATCCCACACTAATTGCAGTGTAA,1
AATCCCACACTAATTGCAGTGTAAA,1
ATCCCACACTAATTGCAGTGTAAAA,1
TCCCACACTAATTGCAGTGTAAAAT,1
CCCACACTAATTGCAGTGTAAAATT,1
CCACACTAATTGCAGTGTAAAATTG,1
CACACTAATTGCAGTGTAAAATTGA,1
ACACTAATTGCAGTGTAAAATTGAG,1
CACTAATTGCAGTGTAAAATTGAGA,1
ACTAATTGCAGTGTAAAATTGAGAT,1
CTAATTGCAGTGTAAAATTGAGATT,1
TAATTGCAGTGTAAAATTGAGATTC,1
AATTGCAGTGTAAAATTGAGATTCA,1
ATTGCAGTGTAAAATTGAGATTCAT,1
TTGCAGTGTAAAATTGAGATTCATG,1
TGCAGTGTAAAATTGAGATTCATGA,1
GCAGTGTAAAATTGAGATTCATGAA,1
CAGTGTAAAATTGAGATTCATGAAG,1
AGTGTAAAATTGAGATTCATGAAGG,1
GTGTAAAATTGAGATTCATGAAGGA,1
TGTAAAATTGAGATTCATGAAGGAA,1
GTAAAATTGAGATTCATGAAGGAAT,1
TAAAATTGAGATTCATGAAGGAATG,1
AAAATTGAGATTCATGAAGGAATGC,1
AAATTGAGATTCATGAAGGAATGCT,1
AATTGAGATTCATGAAGGAATGCTG,1
ATTGAGATTCATGAAGGAATGCTGG,1
TTGAGATTCATGAAGGAATGCTGGG,1
TGAGATTCATGAAGGAATGCTGGGA,1
GAGATTCATGAAGGAATGCTGGGAT,1
AGATTCATGAAGGAATGCTGGGATA,1
GATTCATGAAGGAATGCTGGGATAA,1
ATTCATGAAGGAATGCTGGGATAAG,1
TTCATGAAGGAATGCTGGGATAAGG,1
TCATGAAGGAATGCTGGGATAAGGC,1
CATGAAGGAATGCTGGGATAAGGCA,1
ATGAAGGAATGCTGGGATAAGGCAC,1
TGAAGGAATGCTGGGATAAGGCACA,1
GAAGGAATGCTGGGATAAGGCACAG,1
AAGGAATGCTGGGATAAGGCACAGG,1
AGGAATGCTGGGATAAGGCACAGGC,1
GGAATGCTGGGATAAGGCACAGGCA,1
GAATGCTGGGATAAGGCACAGGCAG,1
AATGCTGGGATAAGGCACAGGCAGA,1
ATGCTGGGATAAGGCACAGGCAGAG,1
TGCTGGGATAAGGCACAGGCAGAGG,1
GCTGGGATAAGGCACAGGCAGAGGA,1
CTGGGATAAGGCACAGGCAGAGGAA,1
TGGGATAAGGCACAGGCAGAGGAAA,1
GGGATAAGGCACAGGCAGAGGAAAC,1
GGATAAGGCACAGGCAGAGGAAACC,1
GATAAGGCACAGGCAGAGGAAACCA,1
ATAAGGCACAGGCAGAGGAAACCAA,1
TAAGGCACAGGCAGAGGAAACCAAG,1
AAGGCACAGGCAGAGGAAACCAAGG,1
AGGCACAGGCAGAGGAAACCAAGGT,1
GGCACAGGCAGAGGAAACCAAGGTG,1
GCACAGGCAGAGGAAACCAAGGTGC,1
CACAGGCAGAGGAAACCAAGGTGCC,1
ACAGGCAGAGGAAACCAAGGTGCCC,1
CAGGCAGAGGAAACCAAGGTGCCCG,1
AGGCAGAGGAAACCAAGGTGCCCGG,1
GGCAGAGGAAACCAAGGTGCCCGGT,1
GCAGAGGAAACCAAGGTGCCCGGTC,1
CAGAGGAAACCAAGGTGCCCGGTCC,1
AGAGGAAACCAAGGTGCCCGGTCCC,1
GAGGAAACCAAGGTGCCCGGTCCCT,1
CGCATGAACATCTCCCCATCATCAT,1
GCATGAACATCTCCCCATCATCATT,1
CATGAACATCTCCCCATCATCATTA,1
ATGAACATCTCCCCATCATCATTAG,1
TGAACATCTCCCCATCATCATTAGG,1
GAACATCTCCCCATCATCATTAGGG,1
AACATCTCCCCATCATCATTAGGGC,1
ACATCTCCCCATCATCATTAGGGCC,1
CATCTCCCCATCATCATTAGGGCCA,1
ATCTCCCCATCATCATTAGGGCCAT,1
TCTCCCCATCATCATTAGGGCCATC,1
CTCCCCATCATCATTAGGGCCATCC,1
TCCCCATCATCATTAGGGCCATCCT,1
CCCCATCATCATTAGGGCCATCCTG,1
CCCATCATCATTAGGGCCATCCTGG,1
CCATCATCATTAGGGCCATCCTGGA,1
CATCATCATTAGGGCCATCCTGGAC,1
ATCATCATTAGGGCCATCCTGGACC,1
TCATCATTAGGGCCATCCTGGACCT,1
CATCATTAGGGCCATCCTGGACCTC,1
ATCATTAGGGCCATCCTGGACCTCC,1
TCATTAGGGCCATCCTGGACCTCCA,1
CATTAGGGCCATCCTGGACCTCCAC,1
ATTAGGGCCATCCTGGACCTCCACC,1
TTAGGGCCATCCTGGACCTCCACCT,1
TAGGGCCATCCTGGACCTCCACCTC,1
AGGGCCATCCTGGACCTCCACCTCC,1
GGGCCATCCTGGACCTCCACCTCCT,1
GGCCATCCTGGACCTCCACCTCCTC,1
GCCATCCTGGACCTCCACCTCCTCA,1
CCATCCTGGACCTCCACCTCCTCAG,1
CATCCTGGACCTCCACCTCCTCAGC,1
ATCCTGGACCTCCACCTCCTCAGCC,1
TCCTGGACCTCCACCTCCTCAGCCA,1
CCTGGACCTCCACCTCCTCAGCCAG,1
CTGGACCTCCACCTCCTCAGCCAGC,1
TGGACCTCCACCTCCTCAGCCAGCG,1
GGACCTCCACCTCCTCAGCCAGCGC,1
GACCTCCACCTCCTCAGCCAGCGCC,1
ACCTCCACCTCCTCAGCCAGCGCCT,1
CCTCCACCTCCTCAGCCAGCGCCTT,1
CTCCACCTCCTCAGCCAGCGCCTTG,1
TCCACCTCCTCAGCCAGCGCCTTGG,1
CCACCTCCTCAGCCAGCGCCTTGGC,1
CACCTCCTCAGCCAGCGCCTTGGCT,1
ACCTCCTCAGCCAGCGCCTTGGCTT,1
CCTCCTCAGCCAGCGCCTTGGCTTC,1
CTCCTCAGCCAGCGCCTTGGCTTCT,1
TCCTCAGCCAGCGCCTTGGCTTCTT,1
CCTCAGCCAGCGCCTTGGCTTCTTC,1
CTCAGCCAGCGCCTTGGCTTCTTCC,1
TCAGCCAGCGCCTTGGCTTCTTCCT,1
CAGCCAGCGCCTTGGCTTCTTCCTC,1
AGCCAGCGCCTTGGCTTCTTCCTCC,1
GCCAGCGCCTTGGCTTCTTCCTCCG,1
CCAGCGCCTTGGCTTCTTCCTCCGT,1
CAGCGCCTTGGCTTCTTCCTCCGTG,1
AGCGCCTTGGCTTCTTCCTCCGTGT,1
GCGCCTTGGCTTCTTCCTCCGTGTA,1
CGCCTTGGCTTCTTCCTCCGTGTAG,1
GCCTTGGCTTCTTCCTCCGTGTAGC,1
CCTTGGCTTCTTCCTCCGTGTAGCA,1
CTTGGCTTCTTCCTCCGTGTAGCAC,1
TTGGCTTCTTCCTCCGTGTAGCACA,1
TGGCTTCTTCCTCCGTGTAGCACAC,1
GGCTTCTTCCTCCGTGTAGCACACT,1
GCTTCTTCCTCCGTGTAGCACACTC,1
CTTCTTCCTCCGTGTAGCACACTCC,1
TTCTTCCTCCGTGTAGCACACTCCC,1
TCTTCCTCCGTGTAGCACACTCCCA,1
CTTCCTCCGTGTAGCACACTCCCAC,1
TTCCTCCGTGTAGCACACTCCCACC,1
TCCTCCGTGTAGCACACTCCCACCA,1
CCTCCGTGTAGCACACTCCCACCAG,1
CTCCGTGTAGCACACTCCCACCAGG,1
TCCGTGTAGCACACTCCCACCAGGT,1
CTGAAAAGGGCTTGGATTTGAAAGC,1
TGAAAAGGGCTTGGATTTGAAAGCT,1
GAAAAGGGCTTGGATTTGAAAGCTG,1
AAAAGGGCTTGGATTTGAAAGCTGT,1
AAAGGGCTTGGATTTGAAAGCTGTG,1
AAGGGCTTGGATTTGAAAGCTGTGG,1
AGGGCTTGGATTTGAAAGCTGTGGA,1
GGGCTTGGATTTGAAAGCTGTGGAT,1
GGCTTGGATTTGAAAGCTGTGGATT,1
GCTTGGATTTGAAAGCTGTGGATTG,1
CTTGGATTTGAAAGCTGTGGATTGG,1
TTGGATTTGAAAGCTGTGGATTGGC,1
TGGATTTGAAAGCTGTGGATTGGCA,1
GGATTTGAAAGCTGTGGATTGGCAT,1
GATTTGAAAGCTGTGGATTGGCATG,1
ATTTGAAAGCTGTGGATTGGCATGA,1
TTTGAAAGCTGTGGATTGGCATGAT,1
TTGAAAGCTGTGGATTGGCATGATC,1
TGAAAGCTGTGGATTGGCATGATCA,1
GAAAGCTGTGGATTGGCATGATCAC,1
AAAGCTGTGGATTGGCATGATCACA,1
AAGCTGTGGATTGGCATGATCACAA,1
AGCTGTGGATTGGCATGATCACAAG,1
GCTGTGGATTGGCATGATCACAAGC,1
CTGTGGATTGGCATGATCACAAGCT,1
TGTGGATTGGCATGATCACAAGCTG,1
GTGGATTGGCATGATCACAAGCTGA,1
TGGATTGGCATGATCACAAGCTGAA,1
GGATTGGCATGATCACAAGCTGAAG,1
GATTGGCATGATCACAAGCTGAAGC,1
ATTGGCATGATCACAAGCTGAAGCC,1
TTGGCATGATCACAAGCTGAAGCCG,1
TGGCATGATCACAAGCTGAAGCCGA,1
GGCATGATCACAAGCTGAAGCCGAA,1
GCATGATCACAAGCTGAAGCCGAAG,1
CATGATCACAAGCTGAAGCCGAAGC,1
ATGATCACAAGCTGAAGCCGAAGCT,1
TGATCACAAGCTGAAGCCGAAGCTA,1
GATCACAAGCTGAAGCCGAAGCTAT,1
ATCACAAGCTGAAGCCGAAGCTATT,1
TCACAAGCTGAAGCCGAAGCTATTT,1
CACAAGCTGAAGCCGAAGCTATTTC,1
ACAAGCTGAAGCCGAAGCTATTTCT,1
CAAGCTGAAGCCGAAGCTATTTCTC,1
AAGCTGAAGCCGAAGCTATTTCTCC,1
AGCTGAAGCCGAAGCTATTTCTCCA,1
GCTGAAGCCGAAGCTATTTCTCCAA,1
CTGAAGCCGAAGCTATTTCTCCAAC,1
TGAAGCCGAAGCTATTTCTCCAACC,1
GAAGCCGAAGCTATTTCTCCAACCA,1
AAGCCGAAGCTATTTCTCCAACCAT,1
AGCCGAAGCTATTTCTCCAACCATT,1
GCCGAAGCTATTTCTCCAACCATTG,1
CCGAAGCTATTTCTCCAACCATTGT,1
CGAAGCTATTTCTCCAACCATTGTA,1
GAAGCTATTTCTCCAACCATTGTAT,1
AAGCTATTTCTCCAACCATTGTATT,1
AGCTATTTCTCCAACCATTGTATTT,1
GCTATTTCTCCAACCATTGTATTTG,1
CTATTTCTCCAACCATTGTATTTGT,1
TATTTCTCCAACCATTGTATTTGTA,1
ATTTCTCCAACCATTGTATTTGTAG,1
TTTCTCCAACCATTGTATTTGTAGC,1
TTCTCCAACCATTGTATTTGTAGCT,1
TCTCCAACCATTGTATTTGTAGCTA,1
CTCCAACCATTGTATTTGTAGCTAA,1
TCCAACCATTGTATTTGTAGCTAAT,1
CCAACCATTGTATTTGTAGCTAATA,1
CAACCATTGTATTTGTAGCTAATAT,1
AACCATTGTATTTGTAGCTAATATT,1
ACCATTGTATTTGTAGCTAATATTG,1
CCATTGTATTTGTAGCTAATATTGC,1
CATTGTATTTGTAGCTAATATTGCA,1
ATTGTATTTGTAGCTAATATTGCAG,1
TTGTATTTGTAGCTAATATTGCAGA,1
TGTATTTGTAGCTAATATTGCAGAT,1
CCAAGATCTTTCGTGGTATTCCCTC,1
CAAGATCTTTCGTGGTATTCCCTCT,1
AAGATCTTTCGTGGTATTCCCTCTC,1
AGATCTTTCGTGGTATTCCCTCTCC,1
GATCTTTCGTGGTATTCCCTCTCCA,1
ATCTTTCGTGGTATTCCCTCTCCAC,1
TCTTTCGTGGTATTCCCTCTCCACC,1
CTTTCGTGGTATTCCCTCTCCACCT,1
TTTCGTGGTATTCCCTCTCCACCTC,1
TTCGTGGTATTCCCTCTCCACCTCC,1
TCGTGGTATTCCCTCTCCACCTCCA,1
CGTGGTATTCCCTCTCCACCTCCAG,1
GTGGTATTCCCTCTCCACCTCCAGA,1
TGGTATTCCCTCTCCACCTCCAGAG,1
GGTATTCCCTCTCCACCTCCAGAGA,1
GTATTCCCTCTCCACCTCCAGAGAA,1
TATTCCCTCTCCACCTCCAGAGAAC,1
ATTCCCTCTCCACCTCCAGAGAACT,1
TTCCCTCTCCACCTCCAGAGAACTC,1
TCCCTCTCCACCTCCAGAGAACTCA,1
CCCTCTCCACCTCCAGAGAACTCAT,1
CCTCTCCACCTCCAGAGAACTCATT,1
CTCTCCACCTCCAGAGAACTCATTT,1
TCTCCACCTCCAGAGAACTCATTTA,1
CTCCACCTCCAGAGAACTCATTTAC,1
TCCACCTCCAGAGAACTCATTTACA,1
CCACCTCCAGAGAACTCATTTACAG,1
CACCTCCAGAGAACTCATTTACAGT,1
ACCTCCAGAGAACTCATTTACAGTG,1
CCTCCAGAGAACTCATTTACAGTGG,1
CTCCAGAGAACTCATTTACAGTGGC,1
TCCAGAGAACTCATTTACAGTGGCA,1
CCAGAGAACTCATTTACAGTGGCAT,1
CAGAGAACTCATTTACAGTGGCATT,1
AGAGAACTCATTTACAGTGGCATTC,1
GAGAACTCATTTACAGTGGCATTCC,1
AGAACTCATTTACAGTGGCATTCCT,1
GAACTCATTTACAGTGGCATTCCTT,1
AACTCATTTACAGTGGCATTCCTTG,1
ACTCATTTACAGTGGCATTCCTTGT,1
CTCATTTACAGTGGCATTCCTTGTT,1
TCATTTACAGTGGCATTCCTTGTTC,1
TAAAGAAGAGTCCAAAAGAGAAAGC,1
AAAGAAGAGTCCAAAAGAGAAAGCG,1
AAGAAGAGTCCAAAAGAGAAAGCGA,1
AGAAGAGTCCAAAAGAGAAAGCGAG,1
GAAGAGTCCAAAAGAGAAAGCGAGA,1
AAGAGTCCAAAAGAGAAAGCGAGAC,1
AGAGTCCAAAAGAGAAAGCGAGACA,1
GAGTCCAAAAGAGAAAGCGAGACAT,1
AGTCCAAAAGAGAAAGCGAGACATC,1
GTCCAAAAGAGAAAGCGAGACATCA,1
TCCAAAAGAGAAAGCGAGACATCAG,1
CCAAAAGAGAAAGCGAGACATCAGG,1
CAAAAGAGAAAGCGAGACATCAGGT,1
AAAAGAGAAAGCGAGACATCAGGTA,1
AAAGAGAAAGCGAGACATCAGGTAG,1
AAGAGAAAGCGAGACATCAGGTAGC,1
AGAGAAAGCGAGACATCAGGTAGCA,1
GAGAAAGCGAGACATCAGGTAGCAA,1
AGAAAGCGAGACATCAGGTAGCAAG,1
GAAAGCGAGACATCAGGTAGCAAGC,1
AAAGCGAGACATCAGGTAGCAAGCA,1
AAGCGAGACATCAGGTAGCAAGCAG,1
AGCGAGACATCAGGTAGCAAGCAGA,1
GCGAGACATCAGGTAGCAAGCAGAG,1
CGAGACATCAGGTAGCAAGCAGAGG,1
GAGACATCAGGTAGCAAGCAGAGGG,1
AGACATCAGGTAGCAAGCAGAGGGT,1
GACATCAGGTAGCAAGCAGAGGGTC,1
ACATCAGGTAGCAAGCAGAGGGTCG,1
CATCAGGTAGCAAGCAGAGGGTCGT,1
ATCAGGTAGCAAGCAGAGGGTCGTC,1
TCAGGTAGCAAGCAGAGGGTCGTCG,1
CAGGTAGCAAGCAGAGGGTCGTCGT,1
AGGTAGCAAGCAGAGGGTCGTCGTT,1
GGTAGCAAGCAGAGGGTCGTCGTTG,1
GTAGCAAGCAGAGGGTCGTCGTTGC,1
TAGCAAGCAGAGGGTCGTCGTTGCC,1
AGCAAGCAGAGGGTCGTCGTTGCCA,1
GCAAGCAGAGGGTCGTCGTTGCCAA,1
CAAGCAGAGGGTCGTCGTTGCCAAA,1
AAGCAGAGGGTCGTCGTTGCCAAAG,1
AGCAGAGGGTCGTCGTTGCCAAAGA,1
GCAGAGGGTCGTCGTTGCCAAAGAA,1
CAGAGGGTCGTCGTTGCCAAAGAAA,1
AGAGGGTCGTCGTTGCCAAAGAAAG,1
GAGGGTCGTCGTTGCCAAAGAAAGT,1
AGGGTCGTCGTTGCCAAAGAAAGTA,1
GGGTCGTCGTTGCCAAAGAAAGTAA,1
GGTCGTCGTTGCCAAAGAAAGTAAC,1
GTCGTCGTTGCCAAAGAAAGTAACA,1
TCGTCGTTGCCAAAGAAAGTAACAC,1
CGTCGTTGCCAAAGAAAGTAACACT,1
GTCGTTGCCAAAGAAAGTAACACTA,1
TCGTTGCCAAAGAAAGTAACACTAA,1
CGTTGCCAAAGAAAGTAACACTAAG,1
GTTGCCAAAGAAAGTAACACTAAGA,1
TTGCCAAAGAAAGTAACACTAAGAA,1
TGCCAAAGAAAGTAACACTAAGAAA,1
GCCAAAGAAAGTAACACTAAGAAAG,1
CCAAAGAAAGTAACACTAAGAAAGA,1
CAAAGAAAGTAACACTAAGAAAGAC,1
AAAGAAAGTAACACTAAGAAAGACT,1
AAGAAAGTAACACTAAGAAAGACTC,1
AGAAAGTAACACTAAGAAAGACTCG,1
GAAAGTAACACTAAGAAAGACTCGG,1
AAAGTAACACTAAGAAAGACTCGGG,1
AAGTAACACTAAGAAAGACTCGGGT,1
AGTAACACTAAGAAAGACTCGGGTA,1
GTAACACTAAGAAAGACTCGGGTAC,1
TAACACTAAGAAAGACTCGGGTACA,1
AACACTAAGAAAGACTCGGGTACAA,1
ACACTAAGAAAGACTCGGGTACAAC,1
CACTAAGAAAGACTCGGGTACAACG,1
ACTAAGAAAGACTCGGGTACAACGA,1
CTAAGAAAGACTCGGGTACAACGAA,1
TAAGAAAGACTCGGGTACAACGAAG,1
GAAGGGACTAAAGTAAATAATCATC,1
AAGGGACTAAAGTAAATAATCATCA,1
AGGGACTAAAGTAAATAATCATCAA,1
GGGACTAAAGTAAATAATCATCAAC,1
GGACTAAAGTAAATAATCATCAACA,1
GACTAAAGTAAATAATCATCAACAG,1
ACTAAAGTAAATAATCATCAACAGC,1
CTAAAGTAAATAATCATCAACAGCA,1
TAAAGTAAATAATCATCAACAGCAC,1
AAAGTAAATAATCATCAACAGCACA,1
AAGTAAATAATCATCAACAGCACAA,1
AGTAAATAATCATCAACAGCACAAA,1
GTAAATAATCATCAACAGCACAAAA,1
TAAATAATCATCAACAGCACAAAAT,1
AAATAATCATCAACAGCACAAAATA,1
AATAATCATCAACAGCACAAAATAA,1
ATAATCATCAACAGCACAAAATAAG,1
TAATCATCAACAGCACAAAATAAGT,1
AATCATCAACAGCACAAAATAAGTC,1
ATCATCAACAGCACAAAATAAGTCT,1
TCATCAACAGCACAAAATAAGTCTA,1
CATCAACAGCACAAAATAAGTCTAT,1
ATCAACAGCACAAAATAAGTCTATG,1
TCAACAGCACAAAATAAGTCTATGA,1
CAACAGCACAAAATAAGTCTATGAC,1
AACAGCACAAAATAAGTCTATGACA,1
ACAGCACAAAATAAGTCTATGACAT,1
CAGCACAAAATAAGTCTATGACATA,1
AGCACAAAATAAGTCTATGACATAA,1
GCACAAAATAAGTCTATGACATAAA,1
CACAAAATAAGTCTATGACATAAAA,1
ACAAAATAAGTCTATGACATAAAAA,1
CAAAATAAGTCTATGACATAAAAAA,1
AAAATAAGTCTATGACATAAAAAAT,1
AAATAAGTCTATGACATAAAAAATT,1
AATAAGTCTATGACATAAAAAATTA,1
ATAAGTCTATGACATAAAAAATTAT,1
TAAGTCTATGACATAAAAAATTATG,1
AAGTCTATGACATAAAAAATTATGA,1
AGTCTATGACATAAAAAATTATGAA,1
GTCTATGACATAAAAAATTATGAAA,1
TCTATGACATAAAAAATTATGAAAA,1
CTATGACATAAAAAATTATGAAAAA,1
TATGACATAAAAAATTATGAAAAAT,1
ATGACATAAAAAATTATGAAAAATA,1
TGACATAAAAAATTATGAAAAATAA,1
GACATAAAAAATTATGAAAAATAAA,1
ACATAAAAAATTATGAAAAATAAAA,1
CATAAAAAATTATGAAAAATAAAAA,1
ATAAAAAATTATGAAAAATAAAAAT,1
TAAAAAATTATGAAAAATAAAAATC,1
AAAAAATTATGAAAAATAAAAATCT,1
AAAAATTATGAAAAATAAAAATCTG,1
AAAATTATGAAAAATAAAAATCTGT,1
AAATTATGAAAAATAAAAATCTGTG,1
AATTATGAAAAATAAAAATCTGTGA,1
ATTATGAAAAATAAAAATCTGTGAC,1
TTATGAAAAATAAAAATCTGTGACT,1
TATGAAAAATAAAAATCTGTGACTT,1
ATGAAAAATAAAAATCTGTGACTTG,1
TGAAAAATAAAAATCTGTGACTTGC,1
GAAAAATAAAAATCTGTGACTTGCT,1
AAAAATAAAAATCTGTGACTTGCTT,1
AAAATAAAAATCTGTGACTTGCTTT,1
AAATAAAAATCTGTGACTTGCTTTT,1
AATAAAAATCTGTGACTTGCTTTTT,1
ATAAAAATCTGTGACTTGCTTTTTT,1
TAAAAATCTGTGACTTGCTTTTTTC,1
AAAAATCTGTGACTTGCTTTTTTCC,1
AAAATCTGTGACTTGCTTTTTTCCA,1
AAATCTGTGACTTGCTTTTTTCCAA,1
AATCTGTGACTTGCTTTTTTCCAAA,1
ATCTGTGACTTGCTTTTTTCCAAAG,1
TCTGTGACTTGCTTTTTTCCAAAGT,1
CTGTGACTTGCTTTTTTCCAAAGTA,1
TGTGACTTGCTTTTTTCCAAAGTAT,1
TGATTATCCAAAATGCTTCATTGTG,1
GATTATCCAAAATGCTTCATTGTGG,1
ATTATCCAAAATGCTTCATTGTGGG,1
TTATCCAAAATGCTTCATTGTGGGA,1
TATCCAAAATGCTTCATTGTGGGAG,1
ATCCAAAATGCTTCATTGTGGGAGC,1
TCCAAAATGCTTCATTGTGGGAGCA,1
CCAAAATGCTTCATTGTGGGAGCAG,1
CAAAATGCTTCATTGTGGGAGCAGA,1
AAAATGCTTCATTGTGGGAGCAGAC,1
AAATGCTTCATTGTGGGAGCAGACA,1
AATGCTTCATTGTGGGAGCAGACAA,1
ATGCTTCATTGTGGGAGCAGACAAC,1
TGCTTCATTGTGGGAGCAGACAACG,1
GCTTCATTGTGGGAGCAGACAACGT,1
CTTCATTGTGGGAGCAGACAACGTG,1
TTCATTGTGGGAGCAGACAACGTGG,1
TCATTGTGGGAGCAGACAACGTGGG,1
CATTGTGGGAGCAGACAACGTGGGC,1
ATTGTGGGAGCAGACAACGTGGGCT,1
TTGTGGGAGCAGACAACGTGGGCTC,1
TGTGGGAGCAGACAACGTGGGCTCC,1
GTGGGAGCAGACAACGTGGGCTCCA,1
TGGGAGCAGACAACGTGGGCTCCAA,1
GGGAGCAGACAACGTGGGCTCCAAG,1
GGAGCAGACAACGTGGGCTCCAAGC,1
GAGCAGACAACGTGGGCTCCAAGCA,1
AGCAGACAACGTGGGCTCCAAGCAG,1
GCAGACAACGTGGGCTCCAAGCAGA,1
CAGACAACGTGGGCTCCAAGCAGAT,1
AGACAACGTGGGCTCCAAGCAGATG,1
GACAACGTGGGCTCCAAGCAGATGC,1
ACAACGTGGGCTCCAAGCAGATGCA,1
CAACGTGGGCTCCAAGCAGATGCAG,1
AACGTGGGCTCCAAGCAGATGCAGC,1
ACGTGGGCTCCAAGCAGATGCAGCA,1
CGTGGGCTCCAAGCAGATGCAGCAG,1
GTGGGCTCCAAGCAGATGCAGCAGA,1
TGGGCTCCAAGCAGATGCAGCAGAT,1
GGGCTCCAAGCAGATGCAGCAGATC,1
GGCTCCAAGCAGATGCAGCAGATCC,1
GCTCCAAGCAGATGCAGCAGATCCG,1
CTCCAAGCAGATGCAGCAGATCCGC,1
TCCAAGCAGATGCAGCAGATCCGCA,1
CCAAGCAGATGCAGCAGATCCGCAT,1
CAAGCAGATGCAGCAGATCCGCATG,1
AAGCAGATGCAGCAGATCCGCATGT,1
AGCAGATGCAGCAGATCCGCATGTC,1
GCAGATGCAGCAGATCCGCATGTCG,1
CAGATGCAGCAGATCCGCATGTCGC,1
AGATGCAGCAGATCCGCATGTCGCT,1
GATGCAGCAGATCCGCATGTCGCTC,1
ATGCAGCAGATCCGCATGTCGCTCC,1
TGCAGCAGATCCGCATGTCGCTCCG,1
GCAGCAGATCCGCATGTCGCTCCGA,1
CAGCAGATCCGCATGTCGCTCCGAG,1
AGCAGATCCGCATGTCGCTCCGAGG,1
GCAGATCCGCATGTCGCTCCGAGGG,1
CAGATCCGCATGTCGCTCCGAGGGA,1
AGATCCGCATGTCGCTCCGAGGGAA,1
GATCCGCATGTCGCTCCGAGGGAAG,1
ATCCGCATGTCGCTCCGAGGGAAGG,1
TCCGCATGTCGCTCCGAGGGAAGGC,1
CCGCATGTCGCTCCGAGGGAAGGCC,1
CGCATGTCGCTCCGAGGGAAGGCCG,1
GCATGTCGCTCCGAGGGAAGGCCGT,1
CATGTCGCTCCGAGGGAAGGCCGTG,1
ATGTCGCTCCGAGGGAAGGCCGTGG,1
TGTCGCTCCGAGGGAAGGCCGTGGT,1
GTCGCTCCGAGGGAAGGCCGTGGTG,1
TCGCTCCGAGGGAAGGCCGTGGTGC,1
CGCTCCGAGGGAAGGCCGTGGTGCT,1
GCTCCGAGGGAAGGCCGTGGTGCTG,1
CTCCGAGGGAAGGCCGTGGTGCTGA,1
TCCGAGGGAAGGCCGTGGTGCTGAT,1
CCGAGGGAAGGCCGTGGTGCTGATG,1
TGGACTCAGGCCCACCTTCTCTCTG,1
GGACTCAGGCCCACCTTCTCTCTGG,1
GACTCAGGCCCACCTTCTCTCTGGC,1
ACTCAGGCCCACCTTCTCTCTGGCC,1
CTCAGGCCCACCTTCTCTCTGGCCT,1
TCAGGCCCACCTTCTCTCTGGCCTA,1
CAGGCCCACCTTCTCTCTGGCCTAG,1
AGGCCCACCTTCTCTCTGGCCTAGC,1
GGCCCACCTTCTCTCTGGCCTAGCC,1
GCCCACCTTCTCTCTGGCCTAGCCT,1
CCCACCTTCTCTCTGGCCTAGCCTT,1
CCACCTTCTCTCTGGCCTAGCCTTT,1
CACCTTCTCTCTGGCCTAGCCTTTG,1
ACCTTCTCTCTGGCCTAGCCTTTGG,1
CCTTCTCTCTGGCCTAGCCTTTGGC,1
CTTCTCTCTGGCCTAGCCTTTGGCT,1
TTCTCTCTGGCCTAGCCTTTGGCTG,1
TCTCTCTGGCCTAGCCTTTGGCTGC,1
CTCTCTGGCCTAGCCTTTGGCTGCC,1
TCTCTGGCCTAGCCTTTGGCTGCCT,1
CTCTGGCCTAGCCTTTGGCTGCCTC,1
TCTGGCCTAGCCTTTGGCTGCCTCC,1
CTGGCCTAGCCTTTGGCTGCCTCCG,1
TGGCCTAGCCTTTGGCTGCCTCCGC,1
GGCCTAGCCTTTGGCTGCCTCCGCC,1
GCCTAGCCTTTGGCTGCCTCCGCCC,1
CCTAGCCTTTGGCTGCCTCCGCCCT,1
CTAGCCTTTGGCTGCCTCCGCCCTC,1
TAGCCTTTGGCTGCCTCCGCCCTCC,1
AGCCTTTGGCTGCCTCCGCCCTCCC,1
GCCTTTGGCTGCCTCCGCCCTCCCT,1
CCTTTGGCTGCCTCCGCCCTCCCTC,1
CTTTGGCTGCCTCCGCCCTCCCTCA,1
TTTGGCTGCCTCCGCCCTCCCTCAG,1
TTGGCTGCCTCCGCCCTCCCTCAGC,1
TGGCTGCCTCCGCCCTCCCTCAGCT,1
GGCTGCCTCCGCCCTCCCTCAGCTG,1
GCTGCCTCCGCCCTCCCTCAGCTGC,1
CTGCCTCCGCCCTCCCTCAGCTGCT,1
TGCCTCCGCCCTCCCTCAGCTGCTG,1
GCCTCCGCCCTCCCTCAGCTGCTGT,1
CCTCCGCCCTCCCTCAGCTGCTGTC,1
CTCCGCCCTCCCTCAGCTGCTGTCC,1
TCCGCCCTCCCTCAGCTGCTGTCCT,1
CCGCCCTCCCTCAGCTGCTGTCCTA,1
CGCCCTCCCTCAGCTGCTGTCCTAA,1
GCCCTCCCTCAGCTGCTGTCCTAAA,1
CCCTCCCTCAGCTGCTGTCCTAAAC,1
CCTCCCTCAGCTGCTGTCCTAAACT,1
CTCCCTCAGCTGCTGTCCTAAACTT,1
TCCCTCAGCTGCTGTCCTAAACTTT,1
CCCTCAGCTGCTGTCCTAAACTTTC,1
CCTCAGCTGCTGTCCTAAACTTTCC,1
CTCAGCTGCTGTCCTAAACTTTCCT,1
TCAGCTGCTGTCCTAAACTTTCCTG,1
CAGCTGCTGTCCTAAACTTTCCTGA,1
AGCTGCTGTCCTAAACTTTCCTGAG,1
GCTGCTGTCCTAAACTTTCCTGAGT,1
CTGCTGTCCTAAACTTTCCTGAGTG,1
TGCTGTCCTAAACTTTCCTGAGTGT,1
GCTGTCCTAAACTTTCCTGAGTGTG,1
CTGTCCTAAACTTTCCTGAGTGTGG,1
TGTCCTAAACTTTCCTGAGTGTGGT,1
GTCCTAAACTTTCCTGAGTGTGGTC,1
TCCTAAACTTTCCTGAGTGTGGTCT,1
CCTAAACTTTCCTGAGTGTGGTCTC,1
CTAAACTTTCCTGAGTGTGGTCTCT,1
TAAACTTTCCTGAGTGTGGTCTCTG,1
AAACTTTCCTGAGTGTGGTCTCTGG,1
AACTTTCCTGAGTGTGGTCTCTGGG,1
ACTTTCCTGAGTGTGGTCTCTGGGC,1
CTTTCCTGAGTGTGGTCTCTGGGCT,1
TTTCCTGAGTGTGGTCTCTGGGCTC,1
TTCCTGAGTGTGGTCTCTGGGCTCC,1
TCCTGAGTGTGGTCTCTGGGCTCCC,1
CCTGAGTGTGGTCTCTGGGCTCCCA,1
CAGTTCTACCTGATCCATTTCATCA,1
AGTTCTACCTGATCCATTTCATCAG,1
GTTCTACCTGATCCATTTCATCAGT,1
TTCTACCTGATCCATTTCATCAGTC,1
TCTACCTGATCCATTTCATCAGTCT,1
CTACCTGATCCATTTCATCAGTCTC,1
TACCTGATCCATTTCATCAGTCTCT,1
ACCTGATCCATTTCATCAGTCTCTT,1
CCTGATCCATTTCATCAGTCTCTTC,1
CTGATCCATTTCATCAGTCTCTTCT,1
TGATCCATTTCATCAGTCTCTTCTA,1
GATCCATTTCATCAGTCTCTTCTAC,1
ATCCATTTCATCAGTCTCTTCTACT,1
TCCATTTCATCAGTCTCTTCTACTT,1
CCATTTCATCAGTCTCTTCTACTTC,1
CATTTCATCAGTCTCTTCTACTTCC,1
ATTTCATCAGTCTCTTCTACTTCCT,1
TTTCATCAGTCTCTTCTACTTCCTT,1
TTCATCAGTCTCTTCTACTTCCTTC,1
TCATCAGTCTCTTCTACTTCCTTCC,1
CATCAGTCTCTTCTACTTCCTTCCT,1
ATCAGTCTCTTCTACTTCCTTCCTT,1
TCAGTCTCTTCTACTTCCTTCCTTT,1
CAGTCTCTTCTACTTCCTTCCTTTC,1
AGTCTCTTCTACTTCCTTCCTTTCA,1
GTCTCTTCTACTTCCTTCCTTTCAG,1
TCTCTTCTACTTCCTTCCTTTCAGG,1
CTCTTCTACTTCCTTCCTTTCAGGA,1
TCTTCTACTTCCTTCCTTTCAGGAA,1
CTTCTACTTCCTTCCTTTCAGGAAG,1
TTCTACTTCCTTCCTTTCAGGAAGG,1
TCTACTTCCTTCCTTTCAGGAAGGA,1
CTACTTCCTTCCTTTCAGGAAGGAG,1
TACTTCCTTCCTTTCAGGAAGGAGT,1
ACTTCCTTCCTTTCAGGAAGGAGTT,1
CTTCCTTCCTTTCAGGAAGGAGTTT,1
TTCCTTCCTTTCAGGAAGGAGTTTT,1
TCCTTCCTTTCAGGAAGGAGTTTTT,1
CCTTCCTTTCAGGAAGGAGTTTTTC,1
CTTCCTTTCAGGAAGGAGTTTTTCC,1
TTCCTTTCAGGAAGGAGTTTTTCCA,1
TCCTTTCAGGAAGGAGTTTTTCCAG,1
CCTTTCAGGAAGGAGTTTTTCCAGC,1
CTTTCAGGAAGGAGTTTTTCCAGCA,1
TTTCAGGAAGGAGTTTTTCCAGCAA,1
TTCAGGAAGGAGTTTTTCCAGCAAA,1
TCAGGAAGGAGTTTTTCCAGCAAAG,1
CAGGAAGGAGTTTTTCCAGCAAAGA,1
AGGAAGGAGTTTTTCCAGCAAAGAG,1
GGAAGGAGTTTTTCCAGCAAAGAGA,1
GAAGGAGTTTTTCCAGCAAAGAGAG,1
AAGGAGTTTTTCCAGCAAAGAGAGT,1
AGGAGTTTTTCCAGCAAAGAGAGTT,1
GGAGTTTTTCCAGCAAAGAGAGTTT,1
GAGTTTTTCCAGCAAAGAGAGTTTA,1
AGTTTTTCCAGCAAAGAGAGTTTAT,1
GTTTTTCCAGCAAAGAGAGTTTATC,1
TTTTTCCAGCAAAGAGAGTTTATCA,1
TTTTCCAGCAAAGAGAGTTTATCAG,1
TTTCCAGCAAAGAGAGTTTATCAGG,1
TTCCAGCAAAGAGAGTTTATCAGGA,1
TCCAGCAAAGAGAGTTTATCAGGAG,1
CCAGCAAAGAGAGTTTATCAGGAGA,1
CAGCAAAGAGAGTTTATCAGGAGAG,1
AGCAAAGAGAGTTTATCAGGAGAGA,1
GCAAAGAGAGTTTATCAGGAGAGAG,1
CAAAGAGAGTTTATCAGGAGAGAGA,1
AAAGAGAGTTTATCAGGAGAGAGAA,1
AAGAGAGTTTATCAGGAGAGAGAAA,1
AGAGAGTTTATCAGGAGAGAGAAAG,1
GAGAGTTTATCAGGAGAGAGAAAGC,1
AGAGTTTATCAGGAGAGAGAAAGCC,1
GAGTTTATCAGGAGAGAGAAAGCCA,1
AGTTTATCAGGAGAGAGAAAGCCAT,1
GTTTATCAGGAGAGAGAAAGCCATT,1
TTTATCAGGAGAGAGAAAGCCATTT,1
AAAGGATCTCCTTCATCCCTCTCCA,1
AAGGATCTCCTTCATCCCTCTCCAG,1
AGGATCTCCTTCATCCCTCTCCAGA,1
GGATCTCCTTCATCCCTCTCCAGAA,1
GATCTCCTTCATCCCTCTCCAGAAG,1
ATCTCCTTCATCCCTCTCCAGAAGA,1
TCTCCTTCATCCCTCTCCAGAAGAG,1
CTCCTTCATCCCTCTCCAGAAGAGG,1
TCCTTCATCCCTCTCCAGAAGAGGA,1
CCTTCATCCCTCTCCAGAAGAGGAG,1
CTTCATCCCTCTCCAGAAGAGGAGA,1
TTCATCCCTCTCCAGAAGAGGAGAA,1
TCATCCCTCTCCAGAAGAGGAGAAG,1
CATCCCTCTCCAGAAGAGGAGAAGA,1
ATCCCTCTCCAGAAGAGGAGAAGAG,1
TCCCTCTCCAGAAGAGGAGAAGAGG,1
CCCTCTCCAGAAGAGGAGAAGAGGA,1
CCTCTCCAGAAGAGGAGAAGAGGAA,1
CTCTCCAGAAGAGGAGAAGAGGAAA,1
TCTCCAGAAGAGGAGAAGAGGAAAC,1
CTCCAGAAGAGGAGAAGAGGAAACA,1
TCCAGAAGAGGAGAAGAGGAAACAC,1
CCAGAAGAGGAGAAGAGGAAACACA,1
CAGAAGAGGAGAAGAGGAAACACAA,1
AGAAGAGGAGAAGAGGAAACACAAG,1
GAAGAGGAGAAGAGGAAACACAAGA,1
AAGAGGAGAAGAGGAAACACAAGAA,1
AGAGGAGAAGAGGAAACACAAGAAA,1
GAGGAGAAGAGGAAACACAAGAAAA,1
AGGAGAAGAGGAAACACAAGAAAAA,1
GGAGAAGAGGAAACACAAGAAAAAG,1
GAGAAGAGGAAACACAAGAAAAAGC,1
AGAAGAGGAAACACAAGAAAAAGCG,1
GAAGAGGAAACACAAGAAAAAGCGC,1
AAGAGGAAACACAAGAAAAAGCGCC,1
AGAGGAAACACAAGAAAAAGCGCCT,1
GAGGAAACACAAGAAAAAGCGCCTG,1
AGGAAACACAAGAAAAAGCGCCTGG,1
GGAAACACAAGAAAAAGCGCCTGGT,1
GAAACACAAGAAAAAGCGCCTGGTG,1
AAACACAAGAAAAAGCGCCTGGTGC,1
AACACAAGAAAAAGCGCCTGGTGCA,1
ACACAAGAAAAAGCGCCTGGTGCAG,1
CACAAGAAAAAGCGCCTGGTGCAGA,1
ACAAGAAAAAGCGCCTGGTGCAGAG,1
CAAGAAAAAGCGCCTGGTGCAGAGC,1
AAGAAAAAGCGCCTGGTGCAGAGCC,1
AGAAAAAGCGCCTGGTGCAGAGCCC,1
GAAAAAGCGCCTGGTGCAGAGCCCC,1
AAAAAGCGCCTGGTGCAGAGCCCCA,1
AAAAGCGCCTGGTGCAGAGCCCCAA,1
AAAGCGCCTGGTGCAGAGCCCCAAT,1
AAGCGCCTGGTGCAGAGCCCCAATT,1
AGCGCCTGGTGCAGAGCCCCAATTC,1
GCGCCTGGTGCAGAGCCCCAATTCC,1
CGCCTGGTGCAGAGCCCCAATTCCT,1
GCCTGGTGCAGAGCCCCAATTCCTA,1
CCTGGTGCAGAGCCCCAATTCCTAC,1
CTGGTGCAGAGCCCCAATTCCTACT,1
TGGTGCAGAGCCCCAATTCCTACTT,1
GGTGCAGAGCCCCAATTCCTACTTT,1
GTGCAGAGCCCCAATTCCTACTTTA,1
TGCAGAGCCCCAATTCCTACTTTAT,1
GCAGAGCCCCAATTCCTACTTTATG,1
CAGAGCCCCAATTCCTACTTTATGG,1
AGAGCCCCAATTCCTACTTTATGGA,1
GAGCCCCAATTCCTACTTTATGGAC,1
AGCCCCAATTCCTACTTTATGGACG,1
GCCCCAATTCCTACTTTATGGACGT,1
CCCCAATTCCTACTTTATGGACGTG,1
CCCAATTCCTACTTTATGGACGTGA,1
CCAATTCCTACTTTATGGACGTGAA,1
CAATTCCTACTTTATGGACGTGAAA,1
AATTCCTACTTTATGGACGTGAAAT,1
ATTCCTACTTTATGGACGTGAAATG,1
TTCCTACTTTATGGACGTGAAATGC,1
TTAAACTTCTTAGACGAATCACCAG,1
TAAACTTCTTAGACGAATCACCAGA,1
AAACTTCTTAGACGAATCACCAGAA,1
AACTTCTTAGACGAATCACCAGAAC,1
ACTTCTTAGACGAATCACCAGAACG,1
CTTCTTAGACGAATCACCAGAACGG,1
TTCTTAGACGAATCACCAGAACGGA,1
TCTTAGACGAATCACCAGAACGGAA,1
CTTAGACGAATCACCAGAACGGAAA,1
TTAGACGAATCACCAGAACGGAAAA,1
TAGACGAATCACCAGAACGGAAAAC,1
AGACGAATCACCAGAACGGAAAACA,1
GACGAATCACCAGAACGGAAAACAT,1
ACGAATCACCAGAACGGAAAACATC,1
CGAATCACCAGAACGGAAAACATCC,1
GAATCACCAGAACGGAAAACATCCT,1
AATCACCAGAACGGAAAACATCCTT,1
ATCACCAGAACGGAAAACATCCTTC,1
TCACCAGAACGGAAAACATCCTTCA,1
CACCAGAACGGAAAACATCCTTCAT,1
ACCAGAACGGAAAACATCCTTCATA,1
CCAGAACGGAAAACATCCTTCATAG,1
CAGAACGGAAAACATCCTTCATAGA,1
AGAACGGAAAACATCCTTCATAGAA,1
GAACGGAAAACATCCTTCATAGAAA,1
AACGGAAAACATCCTTCATAGAAAT,1
ACGGAAAACATCCTTCATAGAAATT,1
CGGAAAACATCCTTCATAGAAATTT,1
GGAAAACATCCTTCATAGAAATTTC,1
GAAAACATCCTTCATAGAAATTTCA,1
AAAACATCCTTCATAGAAATTTCAC,1
AAACATCCTTCATAGAAATTTCACG,1
AACATCCTTCATAGAAATTTCACGC,1
ACATCCTTCATAGAAATTTCACGCG,1
CATCCTTCATAGAAATTTCACGCGG,1
ATCCTTCATAGAAATTTCACGCGGC,1
TCCTTCATAGAAATTTCACGCGGCG,1
CCTTCATAGAAATTTCACGCGGCGG,1
CTTCATAGAAATTTCACGCGGCGGC,1
TTCATAGAAATTTCACGCGGCGGCA,1
TCATAGAAATTTCACGCGGCGGCAA,1
CATAGAAATTTCACGCGGCGGCAAG,1
ATAGAAATTTCACGCGGCGGCAAGT,1
TAGAAATTTCACGCGGCGGCAAGTT,1
AGAAATTTCACGCGGCGGCAAGTTG,1
GAAATTTCACGCGGCGGCAAGTTGC,1
AAATTTCACGCGGCGGCAAGTTGCC,1
AATTTCACGCGGCGGCAAGTTGCCA,1
ATTTCACGCGGCGGCAAGTTGCCAT,1
TTTCACGCGGCGGCAAGTTGCCATA,1
TTCACGCGGCGGCAAGTTGCCATAC,1
TCACGCGGCGGCAAGTTGCCATACA,1
CACGCGGCGGCAAGTTGCCATACAA,1
ACGCGGCGGCAAGTTGCCATACAAA,1
CGCGGCGGCAAGTTGCCATACAAAA,1
GCGGCGGCAAGTTGCCATACAAAAC,1
CGGCGGCAAGTTGCCATACAAAACA,1
GGCGGCAAGTTGCCATACAAAACAG,1
GCGGCAAGTTGCCATACAAAACAGG,1
CGGCAAGTTGCCATACAAAACAGGG,1
GGCAAGTTGCCATACAAAACAGGGT,1
GCAAGTTGCCATACAAAACAGGGTC,1
CAAGTTGCCATACAAAACAGGGTCG,1
AAGTTGCCATACAAAACAGGGTCGC,1
AGTTGCCATACAAAACAGGGTCGCC,1
GTTGCCATACAAAACAGGGTCGCCA,1
TTGCCATACAAAACAGGGTCGCCAG,1
TGCCATACAAAACAGGGTCGCCAGC,1
GCCATACAAAACAGGGTCGCCAGCA,1
CCATACAAAACAGGGTCGCCAGCAA,1
CATACAAAACAGGGTCGCCAGCAAT,1
ATACAAAACAGGGTCGCCAGCAATA,1
TACAAAACAGGGTCGCCAGCAATAT,1
ACAAAACAGGGTCGCCAGCAATATC,1
CAAAACAGGGTCGCCAGCAATATCG,1
AAAACAGGGTCGCCAGCAATATCGG,1
AGAGGGAGCACTTGTCTTCATCACA,1
GAGGGAGCACTTGTCTTCATCACAA,1
AGGGAGCACTTGTCTTCATCACAAG,1
GGGAGCACTTGTCTTCATCACAAGC,1
GGAGCACTTGTCTTCATCACAAGCA,1
GAGCACTTGTCTTCATCACAAGCAA,1
AGCACTTGTCTTCATCACAAGCAAG,1
GCACTTGTCTTCATCACAAGCAAGA,1
CACTTGTCTTCATCACAAGCAAGAT,1
ACTTGTCTTCATCACAAGCAAGATG,1
CTTGTCTTCATCACAAGCAAGATGA,1
TTGTCTTCATCACAAGCAAGATGAT,1
TGTCTTCATCACAAGCAAGATGATG,1
GTCTTCATCACAAGCAAGATGATGA,1
TCTTCATCACAAGCAAGATGATGAG,1
CTTCATCACAAGCAAGATGATGAGC,1
TTCATCACAAGCAAGATGATGAGCA,1
TCATCACAAGCAAGATGATGAGCAC,1
CATCACAAGCAAGATGATGAGCACA,1
ATCACAAGCAAGATGATGAGCACAG,1
TCACAAGCAAGATGATGAGCACAGA,1
CACAAGCAAGATGATGAGCACAGAG,1
ACAAGCAAGATGATGAGCACAGAGT,1
CAAGCAAGATGATGAGCACAGAGTG,1
AAGCAAGATGATGAGCACAGAGTGA,1
AGCAAGATGATGAGCACAGAGTGAG,1
GCAAGATGATGAGCACAGAGTGAGA,1
CAAGATGATGAGCACAGAGTGAGAC,1
AAGATGATGAGCACAGAGTGAGACC,1
AGATGATGAGCACAGAGTGAGACCT,1
GATGATGAGCACAGAGTGAGACCTT,1
ATGATGAGCACAGAGTGAGACCTTT,1
TGATGAGCACAGAGTGAGACCTTTA,1
GATGAGCACAGAGTGAGACCTTTAA,1
ATGAGCACAGAGTGAGACCTTTAAC,1
TGAGCACAGAGTGAGACCTTTAACA,1
GAGCACAGAGTGAGACCTTTAACAG,1
AGCACAGAGTGAGACCTTTAACAGG,1
GCACAGAGTGAGACCTTTAACAGGA,1
CACAGAGTGAGACCTTTAACAGGAT,1
ACAGAGTGAGACCTTTAACAGGATG,1
CAGAGTGAGACCTTTAACAGGATGG,1
AGAGTGAGACCTTTAACAGGATGGC,1
GAGTGAGACCTTTAACAGGATGGCG,1
AGTGAGACCTTTAACAGGATGGCGG,1
GTGAGACCTTTAACAGGATGGCGGA,1
TGAGACCTTTAACAGGATGGCGGAG,1
GAGACCTTTAACAGGATGGCGGAGG,1
AGACCTTTAACAGGATGGCGGAGGG,1
GACCTTTAACAGGATGGCGGAGGGA,1
ACCTTTAACAGGATGGCGGAGGGAA,1
CCTTTAACAGGATGGCGGAGGGAAA,1
CTTTAACAGGATGGCGGAGGGAAAG,1
TTTAACAGGATGGCGGAGGGAAAGG,1
TTAACAGGATGGCGGAGGGAAAGGT,1
TAACAGGATGGCGGAGGGAAAGGTG,1
AACAGGATGGCGGAGGGAAAGGTGT,1
ACAGGATGGCGGAGGGAAAGGTGTT,1
CAGGATGGCGGAGGGAAAGGTGTTT,1
AGGATGGCGGAGGGAAAGGTGTTTG,1
GGATGGCGGAGGGAAAGGTGTTTGC,1
GATGGCGGAGGGAAAGGTGTTTGCT,1
ATGGCGGAGGGAAAGGTGTTTGCTG,1
TGGCGGAGGGAAAGGTGTTTGCTGG,1
GGCGGAGGGAAAGGTGTTTGCTGGA,1
GCGGAGGGAAAGGTGTTTGCTGGAG,1
CGGAGGGAAAGGTGTTTGCTGGAGT,1
GGAGGGAAAGGTGTTTGCTGGAGTG,1
GAGGGAAAGGTGTTTGCTGGAGTGA,1
AGGGAAAGGTGTTTGCTGGAGTGAC,1
GGGAAAGGTGTTTGCTGGAGTGACT,1
GGAAAGGTGTTTGCTGGAGTGACTT,1
GAAAGGTGTTTGCTGGAGTGACTTC,1
AAAGGTGTTTGCTGGAGTGACTTCC,1
AAGGTGTTTGCTGGAGTGACTTCCG,1
AGGTGTTTGCTGGAGTGACTTCCGT,1
CTTCAGAATACTTTGAAACATCATT,1
TTCAGAATACTTTGAAACATCATTC,1
TCAGAATACTTTGAAACATCATTCT,1
CAGAATACTTTGAAACATCATTCTC,1
AGAATACTTTGAAACATCATTCTCC,1
GAATACTTTGAAACATCATTCTCCA,1
AATACTTTGAAACATCATTCTCCAT,1
ATACTTTGAAACATCATTCTCCATT,1
TACTTTGAAACATCATTCTCCATTT,1
ACTTTGAAACATCATTCTCCATTTC,1
CTTTGAAACATCATTCTCCATTTCA,1
TTTGAAACATCATTCTCCATTTCAG,1
TTGAAACATCATTCTCCATTTCAGA,1
TGAAACATCATTCTCCATTTCAGAT,1
GAAACATCATTCTCCATTTCAGATG,1
AAACATCATTCTCCATTTCAGATGG,1
AACATCATTCTCCATTTCAGATGGT,1
ACATCATTCTCCATTTCAGATGGTA,1
CATCATTCTCCATTTCAGATGGTAT,1
ATCATTCTCCATTTCAGATGGTATC,1
TCATTCTCCATTTCAGATGGTATCT,1
CATTCTCCATTTCAGATGGTATCTA,1
ATTCTCCATTTCAGATGGTATCTAT,1
TTCTCCATTTCAGATGGTATCTATG,1
TCTCCATTTCAGATGGTATCTATGG,1
CTCCATTTCAGATGGTATCTATGGT,1
TCCATTTCAGATGGTATCTATGGTT,1
CCATTTCAGATGGTATCTATGGTTC,1
CATTTCAGATGGTATCTATGGTTCT,1
ATTTCAGATGGTATCTATGGTTCTA,1
TTTCAGATGGTATCTATGGTTCTAC,1
TTCAGATGGTATCTATGGTTCTACA,1
TCAGATGGTATCTATGGTTCTACAT,1
CAGATGGTATCTATGGTTCTACATT,1
AGATGGTATCTATGGTTCTACATTC,1
GATGGTATCTATGGTTCTACATTCT,1
ATGGTATCTATGGTTCTACATTCTT,1
TGGTATCTATGGTTCTACATTCTTC,1
GGTATCTATGGTTCTACATTCTTCA,1
GTATCTATGGTTCTACATTCTTCAT,1
TATCTATGGTTCTACATTCTTCATG,1
ATCTATGGTTCTACATTCTTCATGG,1
TCTATGGTTCTACATTCTTCATGGC,1
CTATGGTTCTACATTCTTCATGGCT,1
TATGGTTCTACATTCTTCATGGCTA,1
ATGGTTCTACATTCTTCATGGCTAC,1
TGGTTCTACATTCTTCATGGCTACT,1
GGTTCTACATTCTTCATGGCTACTG,1
GTTCTACATTCTTCATGGCTACTGG,1
TTCTACATTCTTCATGGCTACTGGA,1
TCTACATTCTTCATGGCTACTGGAT,1
CTACATTCTTCATGGCTACTGGATT,1
TACATTCTTCATGGCTACTGGATTC,1
ACATTCTTCATGGCTACTGGATTCC,1
CATTCTTCATGGCTACTGGATTCCA,1
ATTCTTCATGGCTACTGGATTCCAT,1
TTCTTCATGGCTACTGGATTCCATG,1
TCTTCATGGCTACTGGATTCCATGG,1
CTTCATGGCTACTGGATTCCATGGA,1
TTCATGGCTACTGGATTCCATGGAC,1
TCATGGCTACTGGATTCCATGGACT,1
CATGGCTACTGGATTCCATGGACTC,1
ATGGCTACTGGATTCCATGGACTCC,1
TGGCTACTGGATTCCATGGACTCCA,1
GGCTACTGGATTCCATGGACTCCAT,1
GCTACTGGATTCCATGGACTCCATG,1
CTACTGGATTCCATGGACTCCATGT,1
TACTGGATTCCATGGACTCCATGTA,1
ACTGGATTCCATGGACTCCATGTAA,1
CTGGATTCCATGGACTCCATGTAAT,1
TGGATTCCATGGACTCCATGTAATT,1
GGATTCCATGGACTCCATGTAATTA,1
GATTCCATGGACTCCATGTAATTAT,1
ATTCCATGGACTCCATGTAATTATT,1
TTCCATGGACTCCATGTAATTATTG,1
TCCATGGACTCCATGTAATTATTGG,1
GGACAGTGGAGCAGCCAACACACAA,1
GACAGTGGAGCAGCCAACACACAAG,1
ACAGTGGAGCAGCCAACACACAAGA,1
CAGTGGAGCAGCCAACACACAAGAC,1
AGTGGAGCAGCCAACACACAAGACT,1
GTGGAGCAGCCAACACACAAGACTA,1
TGGAGCAGCCAACACACAAGACTAC,1
GGAGCAGCCAACACACAAGACTACC,1
GAGCAGCCAACACACAAGACTACCG,1
AGCAGCCAACACACAAGACTACCGT,1
GCAGCCAACACACAAGACTACCGTT,1
CAGCCAACACACAAGACTACCGTTT,1
AGCCAACACACAAGACTACCGTTTG,1
GCCAACACACAAGACTACCGTTTGT,1
CCAACACACAAGACTACCGTTTGTG,1
CAACACACAAGACTACCGTTTGTGC,1
AACACACAAGACTACCGTTTGTGCA,1
ACACACAAGACTACCGTTTGTGCAT,1
CACACAAGACTACCGTTTGTGCATG,1
ACACAAGACTACCGTTTGTGCATGG,1
CACAAGACTACCGTTTGTGCATGGC,1
ACAAGACTACCGTTTGTGCATGGCT,1
CAAGACTACCGTTTGTGCATGGCTA,1
AAGACTACCGTTTGTGCATGGCTAA,1
AGACTACCGTTTGTGCATGGCTAAA,1
GACTACCGTTTGTGCATGGCTAAAG,1
ACTACCGTTTGTGCATGGCTAAAGA,1
CTACCGTTTGTGCATGGCTAAAGAC,1
TACCGTTTGTGCATGGCTAAAGACC,1
ACCGTTTGTGCATGGCTAAAGACCG,1
CCGTTTGTGCATGGCTAAAGACCGT,1
CGTTTGTGCATGGCTAAAGACCGTG,1
GTTTGTGCATGGCTAAAGACCGTGG,1
TTTGTGCATGGCTAAAGACCGTGGT,1
TTGTGCATGGCTAAAGACCGTGGTG,1
TGTGCATGGCTAAAGACCGTGGTGA,1
GTGCATGGCTAAAGACCGTGGTGAT,1
TGCATGGCTAAAGACCGTGGTGATT,1
GCATGGCTAAAGACCGTGGTGATTT,1
CATGGCTAAAGACCGTGGTGATTTT,1
ATGGCTAAAGACCGTGGTGATTTTA,1
TGGCTAAAGACCGTGGTGATTTTAT,1
GGCTAAAGACCGTGGTGATTTTATA,1
GCTAAAGACCGTGGTGATTTTATAG,1
CTAAAGACCGTGGTGATTTTATAGC,1
TAAAGACCGTGGTGATTTTATAGCA,1
AAAGACCGTGGTGATTTTATAGCAT,1
AAGACCGTGGTGATTTTATAGCATC,1
AGACCGTGGTGATTTTATAGCATCC,1
GACCGTGGTGATTTTATAGCATCCT,1
ACCGTGGTGATTTTATAGCATCCTG,1
CCGTGGTGATTTTATAGCATCCTGG,1
CGTGGTGATTTTATAGCATCCTGGG,1
GTGGTGATTTTATAGCATCCTGGGC,1
TGGTGATTTTATAGCATCCTGGGCA,1
GGTGATTTTATAGCATCCTGGGCAT,1
GTGATTTTATAGCATCCTGGGCATT,1
TGATTTTATAGCATCCTGGGCATTT,1
GATTTTATAGCATCCTGGGCATTTC,1
ATTTTATAGCATCCTGGGCATTTCA,1
TTTTATAGCATCCTGGGCATTTCAC,1
TTTATAGCATCCTGGGCATTTCACG,1
TTATAGCATCCTGGGCATTTCACGT,1
TATAGCATCCTGGGCATTTCACGTC,1
ATAGCATCCTGGGCATTTCACGTCC,1
TAGCATCCTGGGCATTTCACGTCCA,1
AGCATCCTGGGCATTTCACGTCCAT,1
GCATCCTGGGCATTTCACGTCCATA,1
CATCCTGGGCATTTCACGTCCATAA,1
ATCCTGGGCATTTCACGTCCATAAA,1
TCCTGGGCATTTCACGTCCATAAAG,1
CCTGGGCATTTCACGTCCATAAAGT,1
CTGGGCATTTCACGTCCATAAAGTA,1
GAGGGCAGCAGCAATTCTGTGTCCC,1
AGGGCAGCAGCAATTCTGTGTCCCT,1
GGGCAGCAGCAATTCTGTGTCCCTT,1
GGCAGCAGCAATTCTGTGTCCCTTC,1
GCAGCAGCAATTCTGTGTCCCTTCA,1
CAGCAGCAATTCTGTGTCCCTTCAG,1
AGCAGCAATTCTGTGTCCCTTCAGT,1
GCAGCAATTCTGTGTCCCTTCAGTT,1
CAGCAATTCTGTGTCCCTTCAGTTT,1
AGCAATTCTGTGTCCCTTCAGTTTC,1
GCAATTCTGTGTCCCTTCAGTTTCC,1
CAATTCTGTGTCCCTTCAGTTTCCA,1
AATTCTGTGTCCCTTCAGTTTCCAG,1
ATTCTGTGTCCCTTCAGTTTCCAGA,1
TTCTGTGTCCCTTCAGTTTCCAGAG,1
TCTGTGTCCCTTCAGTTTCCAGAGC,1
CTGTGTCCCTTCAGTTTCCAGAGCA,1
TGTGTCCCTTCAGTTTCCAGAGCAT,1
GTGTCCCTTCAGTTTCCAGAGCATC,1
TGTCCCTTCAGTTTCCAGAGCATCC,1
GTCCCTTCAGTTTCCAGAGCATCCC,1
TCCCTTCAGTTTCCAGAGCATCCCC,1
CCCTTCAGTTTCCAGAGCATCCCCC,1
CCTTCAGTTTCCAGAGCATCCCCCT,1
CTTCAGTTTCCAGAGCATCCCCCTC,1
TTCAGTTTCCAGAGCATCCCCCTCC,1
TCAGTTTCCAGAGCATCCCCCTCCA,1
CAGTTTCCAGAGCATCCCCCTCCAG,1
AGTTTCCAGAGCATCCCCCTCCAGG,1
GTTTCCAGAGCATCCCCCTCCAGGA,1
TTTCCAGAGCATCCCCCTCCAGGAT,1
TTCCAGAGCATCCCCCTCCAGGATC,1
TCCAGAGCATCCCCCTCCAGGATCA,1
CCAGAGCATCCCCCTCCAGGATCAG,1
CAGAGCATCCCCCTCCAGGATCAGA,1
AGAGCATCCCCCTCCAGGATCAGAC,1
GAGCATCCCCCTCCAGGATCAGACG,1
AGCATCCCCCTCCAGGATCAGACGA,1
GCATCCCCCTCCAGGATCAGACGAA,1
CATCCCCCTCCAGGATCAGACGAAG,1
ATCCCCCTCCAGGATCAGACGAAGG,1
TCCCCCTCCAGGATCAGACGAAGGC,1
CCCCCTCCAGGATCAGACGAAGGCA,1
CCCCTCCAGGATCAGACGAAGGCAG,1
CCCTCCAGGATCAGACGAAGGCAGC,1
CCTCCAGGATCAGACGAAGGCAGCC,1
CTCCAGGATCAGACGAAGGCAGCCT,1
TCCAGGATCAGACGAAGGCAGCCTA,1
CCAGGATCAGACGAAGGCAGCCTAA,1
CAGGATCAGACGAAGGCAGCCTAAG,1
AGGATCAGACGAAGGCAGCCTAAGT,1
GGATCAGACGAAGGCAGCCTAAGTC,1
GATCAGACGAAGGCAGCCTAAGTCA,1
ATCAGACGAAGGCAGCCTAAGTCAA,1
TCAGACGAAGGCAGCCTAAGTCAAC,1
CAGACGAAGGCAGCCTAAGTCAACC,1
AGACGAAGGCAGCCTAAGTCAACCA,1
GACGAAGGCAGCCTAAGTCAACCAT,1
ACGAAGGCAGCCTAAGTCAACCATG,1
CGAAGGCAGCCTAAGTCAACCATGG,1
GAAGGCAGCCTAAGTCAACCATGGC,1
AAGGCAGCCTAAGTCAACCATGGCC,1
AGGCAGCCTAAGTCAACCATGGCCG,1
GGCAGCCTAAGTCAACCATGGCCGT,1
GCAGCCTAAGTCAACCATGGCCGTC,1
CAGCCTAAGTCAACCATGGCCGTCC,1
AGCCTAAGTCAACCATGGCCGTCCA,1
GCCTAAGTCAACCATGGCCGTCCAC,1
CCTAAGTCAACCATGGCCGTCCACA,1
CTAAGTCAACCATGGCCGTCCACAG,1
TAAGTCAACCATGGCCGTCCACAGA,1
AAGTCAACCATGGCCGTCCACAGAG,1
AGTCAACCATGGCCGTCCACAGAGG,1
GTCAACCATGGCCGTCCACAGAGGA,1
TCAACCATGGCCGTCCACAGAGGAC,1
CAACCATGGCCGTCCACAGAGGACC,1
GACAAAGTGAAACCGTACACTGTTG,1
ACAAAGTGAAACCGTACACTGTTGA,1
CAAAGTGAAACCGTACACTGTTGAG,1
AAAGTGAAACCGTACACTGTTGAGA,1
AAGTGAAACCGTACACTGTTGAGAT,1
AGTGAAACCGTACACTGTTGAGATG,1
GTGAAACCGTACACTGTTGAGATGA,1
TGAAACCGTACACTGTTGAGATGAG,1
GAAACCGTACACTGTTGAGATGAGT,1
AAACCGTACACTGTTGAGATGAGTA,1
AACCGTACACTGTTGAGATGAGTAA,1
ACCGTACACTGTTGAGATGAGTAAA,1
CCGTACACTGTTGAGATGAGTAAAG,1
CGTACACTGTTGAGATGAGTAAAGA,1
GTACACTGTTGAGATGAGTAAAGAG,1
TACACTGTTGAGATGAGTAAAGAGG,1
ACACTGTTGAGATGAGTAAAGAGGA,1
CACTGTTGAGATGAGTAAAGAGGAG,1
ACTGTTGAGATGAGTAAAGAGGAGT,1
CTGTTGAGATGAGTAAAGAGGAGTT,1
TGTTGAGATGAGTAAAGAGGAGTTA,1
GTTGAGATGAGTAAAGAGGAGTTAC,1
TTGAGATGAGTAAAGAGGAGTTACA,1
TGAGATGAGTAAAGAGGAGTTACAG,1
GAGATGAGTAAAGAGGAGTTACAGA,1
AGATGAGTAAAGAGGAGTTACAGAG,1
GATGAGTAAAGAGGAGTTACAGAGT,1
ATGAGTAAAGAGGAGTTACAGAGTC,1
TGAGTAAAGAGGAGTTACAGAGTCT,1
GAGTAAAGAGGAGTTACAGAGTCTG,1
AGTAAAGAGGAGTTACAGAGTCTGA,1
GTAAAGAGGAGTTACAGAGTCTGAT,1
TAAAGAGGAGTTACAGAGTCTGATC,1
AAAGAGGAGTTACAGAGTCTGATCA,1
AAGAGGAGTTACAGAGTCTGATCAG,1
AGAGGAGTTACAGAGTCTGATCAGC,1
GAGGAGTTACAGAGTCTGATCAGCT,1
AGGAGTTACAGAGTCTGATCAGCTC,1
GGAGTTACAGAGTCTGATCAGCTCC,1
GAGTTACAGAGTCTGATCAGCTCCT,1
AGTTACAGAGTCTGATCAGCTCCTT,1
GTTACAGAGTCTGATCAGCTCCTTG,1
TTACAGAGTCTGATCAGCTCCTTGG,1
TACAGAGTCTGATCAGCTCCTTGGA,1
ACAGAGTCTGATCAGCTCCTTGGAG,1
CAGAGTCTGATCAGCTCCTTGGAGG,1
AGAGTCTGATCAGCTCCTTGGAGGT,1
GAGTCTGATCAGCTCCTTGGAGGTC,1
AGTCTGATCAGCTCCTTGGAGGTCG,1
GTCTGATCAGCTCCTTGGAGGTCGC,1
TCTGATCAGCTCCTTGGAGGTCGCT,1
CTGATCAGCTCCTTGGAGGTCGCTA,1
TGATCAGCTCCTTGGAGGTCGCTAA,1
GATCAGCTCCTTGGAGGTCGCTAAT,1
ATCAGCTCCTTGGAGGTCGCTAATA,1
TCAGCTCCTTGGAGGTCGCTAATAA,1
CAGCTCCTTGGAGGTCGCTAATAAG,1
AGCTCCTTGGAGGTCGCTAATAAGG,1
GCTCCTTGGAGGTCGCTAATAAGGT,1
CTCCTTGGAGGTCGCTAATAAGGTA,1
TCCTTGGAGGTCGCTAATAAGGTAT,1
CCTTGGAGGTCGCTAATAAGGTATG,1
CTTGGAGGTCGCTAATAAGGTATGC,1
TTGGAGGTCGCTAATAAGGTATGCG,1
TGGAGGTCGCTAATAAGGTATGCGC,1
GGAGGTCGCTAATAAGGTATGCGCT,1
GAGGTCGCTAATAAGGTATGCGCTT,1
AGGTCGCTAATAAGGTATGCGCTTG,1
GGTCGCTAATAAGGTATGCGCTTGC,1
GTCGCTAATAAGGTATGCGCTTGCT,1
TCGCTAATAAGGTATGCGCTTGCTT,1
CGCTAATAAGGTATGCGCTTGCTTG,1
GCTAATAAGGTATGCGCTTGCTTGA,1
CTAATAAGGTATGCGCTTGCTTGAA,1
TAATAAGGTATGCGCTTGCTTGAAC,1
AATAAGGTATGCGCTTGCTTGAACT,1
CAGACCAGGACCAGGACATTCCTGG,1
AGACCAGGACCAGGACATTCCTGGT,1
GACCAGGACCAGGACATTCCTGGTA,1
ACCAGGACCAGGACATTCCTGGTAG,1
CCAGGACCAGGACATTCCTGGTAGC,1
CAGGACCAGGACATTCCTGGTAGCC,1
AGGACCAGGACATTCCTGGTAGCCC,1
GGACCAGGACATTCCTGGTAGCCCA,1
GACCAGGACATTCCTGGTAGCCCAA,1
ACCAGGACATTCCTGGTAGCCCAAA,1
CCAGGACATTCCTGGTAGCCCAAAG,1
CAGGACATTCCTGGTAGCCCAAAGG,1
AGGACATTCCTGGTAGCCCAAAGGG,1
GGACATTCCTGGTAGCCCAAAGGGA,1
GACATTCCTGGTAGCCCAAAGGGAT,1
ACATTCCTGGTAGCCCAAAGGGATT,1
CATTCCTGGTAGCCCAAAGGGATTC,1
ATTCCTGGTAGCCCAAAGGGATTCA,1
TTCCTGGTAGCCCAAAGGGATTCAG,1
TCCTGGTAGCCCAAAGGGATTCAGG,1
CCTGGTAGCCCAAAGGGATTCAGGA,1
CTGGTAGCCCAAAGGGATTCAGGAG,1
TGGTAGCCCAAAGGGATTCAGGAGC,1
GGTAGCCCAAAGGGATTCAGGAGCT,1
GTAGCCCAAAGGGATTCAGGAGCTT,1
TAGCCCAAAGGGATTCAGGAGCTTC,1
AGCCCAAAGGGATTCAGGAGCTTCA,1
GCCCAAAGGGATTCAGGAGCTTCAG,1
CCCAAAGGGATTCAGGAGCTTCAGA,1
CCAAAGGGATTCAGGAGCTTCAGAG,1
CAAAGGGATTCAGGAGCTTCAGAGA,1
AAAGGGATTCAGGAGCTTCAGAGAG,1
AAGGGATTCAGGAGCTTCAGAGAGA,1
AGGGATTCAGGAGCTTCAGAGAGAG,1
GGGATTCAGGAGCTTCAGAGAGAGG,1
GGATTCAGGAGCTTCAGAGAGAGGC,1
GATTCAGGAGCTTCAGAGAGAGGCC,1
ATTCAGGAGCTTCAGAGAGAGGCCC,1
TTCAGGAGCTTCAGAGAGAGGCCCC,1
TCAGGAGCTTCAGAGAGAGGCCCCT,1
CAGGAGCTTCAGAGAGAGGCCCCTC,1
AGGAGCTTCAGAGAGAGGCCCCTCA,1
GGAGCTTCAGAGAGAGGCCCCTCAT,1
GAGCTTCAGAGAGAGGCCCCTCATG,1
AGCTTCAGAGAGAGGCCCCTCATGG,1
GCTTCAGAGAGAGGCCCCTCATGGA,1
CTTCAGAGAGAGGCCCCTCATGGAG,1
TTCAGAGAGAGGCCCCTCATGGAGC,1
TCAGAGAGAGGCCCCTCATGGAGCT,1
CAGAGAGAGGCCCCTCATGGAGCTG,1
AGAGAGAGGCCCCTCATGGAGCTGC,1
GAGAGAGGCCCCTCATGGAGCTGCT,1
AGAGAGGCCCCTCATGGAGCTGCTC,1
GAGAGGCCCCTCATGGAGCTGCTCA,1
AGAGGCCCCTCATGGAGCTGCTCAG,1
GAGGCCCCTCATGGAGCTGCTCAGG,1
AGGCCCCTCATGGAGCTGCTCAGGG,1
GGCCCCTCATGGAGCTGCTCAGGGT,1
GCCCCTCATGGAGCTGCTCAGGGTC,1
CCCCTCATGGAGCTGCTCAGGGTCC,1
CCCTCATGGAGCTGCTCAGGGTCCC,1
CCTCATGGAGCTGCTCAGGGTCCCC,1
CTCATGGAGCTGCTCAGGGTCCCCA,1
TCATGGAGCTGCTCAGGGTCCCCAC,1
CATGGAGCTGCTCAGGGTCCCCACA,1
ATGGAGCTGCTCAGGGTCCCCACAG,1
TGGAGCTGCTCAGGGTCCCCACAGC,1
GGAGCTGCTCAGGGTCCCCACAGCA,1
GAGCTGCTCAGGGTCCCCACAGCAC,1
AGCTGCTCAGGGTCCCCACAGCACA,1
GCTGCTCAGGGTCCCCACAGCACAT,1
CTGCTCAGGGTCCCCACAGCACATG,1
TGCTCAGGGTCCCCACAGCACATGT,1
GCTCAGGGTCCCCACAGCACATGTG,1
CTCAGGGTCCCCACAGCACATGTGA,1
TCAGGGTCCCCACAGCACATGTGAG,1
TGGCAGGCCACCTCTTCAGGAGGCA,1
GGCAGGCCACCTCTTCAGGAGGCAC,1
GCAGGCCACCTCTTCAGGAGGCACA,1
CAGGCCACCTCTTCAGGAGGCACAG,1
AGGCCACCTCTTCAGGAGGCACAGG,1
GGCCACCTCTTCAGGAGGCACAGGC,1
GCCACCTCTTCAGGAGGCACAGGCC,1
CCACCTCTTCAGGAGGCACAGGCCC,1
CACCTCTTCAGGAGGCACAGGCCCT,1
ACCTCTTCAGGAGGCACAGGCCCTC,1
CCTCTTCAGGAGGCACAGGCCCTCT,1
CTCTTCAGGAGGCACAGGCCCTCTC,1
TCTTCAGGAGGCACAGGCCCTCTCT,1
CTTCAGGAGGCACAGGCCCTCTCTG,1
TTCAGGAGGCACAGGCCCTCTCTGC,1
TCAGGAGGCACAGGCCCTCTCTGCC,1
CAGGAGGCACAGGCCCTCTCTGCCC,1
AGGAGGCACAGGCCCTCTCTGCCCT,1
GGAGGCACAGGCCCTCTCTGCCCTT,1
GAGGCACAGGCCCTCTCTGCCCTTC,1
AGGCACAGGCCCTCTCTGCCCTTCA,1
GGCACAGGCCCTCTCTGCCCTTCAG,1
GCACAGGCCCTCTCTGCCCTTCAGG,1
CACAGGCCCTCTCTGCCCTTCAGGG,1
ACAGGCCCTCTCTGCCCTTCAGGGG,1
CAGGCCCTCTCTGCCCTTCAGGGGG,1
AGGCCCTCTCTGCCCTTCAGGGGGC,1
GGCCCTCTCTGCCCTTCAGGGGGCA,1
GCCCTCTCTGCCCTTCAGGGGGCAG,1
CCCTCTCTGCCCTTCAGGGGGCAGT,1
CCTCTCTGCCCTTCAGGGGGCAGTA,1
CTCTCTGCCCTTCAGGGGGCAGTAG,1
TCTCTGCCCTTCAGGGGGCAGTAGT,1
CTCTGCCCTTCAGGGGGCAGTAGTA,1
TCTGCCCTTCAGGGGGCAGTAGTAC,1
CTGCCCTTCAGGGGGCAGTAGTACC,1
TGCCCTTCAGGGGGCAGTAGTACCC,1
GCCCTTCAGGGGGCAGTAGTACCCA,1
CCCTTCAGGGGGCAGTAGTACCCAG,1
CCTTCAGGGGGCAGTAGTACCCAGA,1
CTTCAGGGGGCAGTAGTACCCAGAA,1
TTCAGGGGGCAGTAGTACCCAGAAC,1
TCAGGGGGCAGTAGTACCCAGAACA,1
CAGGGGGCAGTAGTACCCAGAACAT,1
AGGGGGCAGTAGTACCCAGAACATG,1
GGGGGCAGTAGTACCCAGAACATGA,1
GGGGCAGTAGTACCCAGAACATGAA,1
GGGCAGTAGTACCCAGAACATGAAG,1
GGCAGTAGTACCCAGAACATGAAGT,1
GCAGTAGTACCCAGAACATGAAGTA,1
CAGTAGTACCCAGAACATGAAGTAG,1
AGTAGTACCCAGAACATGAAGTAGC,1
GTAGTACCCAGAACATGAAGTAGCC,1
TAGTACCCAGAACATGAAGTAGCCG,1
AGTACCCAGAACATGAAGTAGCCGG,1
GTACCCAGAACATGAAGTAGCCGGG,1
TACCCAGAACATGAAGTAGCCGGGT,1
ACCCAGAACATGAAGTAGCCGGGTG,1
CCCAGAACATGAAGTAGCCGGGTGC,1
CCAGAACATGAAGTAGCCGGGTGCT,1
CAGAACATGAAGTAGCCGGGTGCTG,1
AGAACATGAAGTAGCCGGGTGCTGC,1
GAACATGAAGTAGCCGGGTGCTGCC,1
AACATGAAGTAGCCGGGTGCTGCCA,1
ACATGAAGTAGCCGGGTGCTGCCAG,1
CATGAAGTAGCCGGGTGCTGCCAGT,1
ATGAAGTAGCCGGGTGCTGCCAGTG,1
TGAAGTAGCCGGGTGCTGCCAGTGG,1
GAAGTAGCCGGGTGCTGCCAGTGGC,1
AAGTAGCCGGGTGCTGCCAGTGGCC,1
AGTAGCCGGGTGCTGCCAGTGGCCA,1
GTAGCCGGGTGCTGCCAGTGGCCAG,1
TAGCCGGGTGCTGCCAGTGGCCAGC,1
AGCCGGGTGCTGCCAGTGGCCAGCA,1
GCCGGGTGCTGCCAGTGGCCAGCAG,1
CCGGGTGCTGCCAGTGGCCAGCAGG,1
GCGAGAGGGGACGTCTCTGAGAGCG,1
CGAGAGGGGACGTCTCTGAGAGCGA,1
GAGAGGGGACGTCTCTGAGAGCGAG,1
AGAGGGGACGTCTCTGAGAGCGAGC,1
GAGGGGACGTCTCTGAGAGCGAGCC,1
AGGGGACGTCTCTGAGAGCGAGCCT,1
GGGGACGTCTCTGAGAGCGAGCCTT,1
GGGACGTCTCTGAGAGCGAGCCTTT,1
GGACGTCTCTGAGAGCGAGCCTTTA,1
GACGTCTCTGAGAGCGAGCCTTTAC,1
ACGTCTCTGAGAGCGAGCCTTTACA,1
CGTCTCTGAGAGCGAGCCTTTACAG,1
GTCTCTGAGAGCGAGCCTTTACAGA,1
TCTCTGAGAGCGAGCCTTTACAGAG,1
CTCTGAGAGCGAGCCTTTACAGAGT,1
TCTGAGAGCGAGCCTTTACAGAGTG,1
CTGAGAGCGAGCCTTTACAGAGTGT,1
TGAGAGCGAGCCTTTACAGAGTGTC,1
GAGAGCGAGCCTTTACAGAGTGTCC,1
AGAGCGAGCCTTTACAGAGTGTCCA,1
GAGCGAGCCTTTACAGAGTGTCCAG,1
AGCGAGCCTTTACAGAGTGTCCAGC,1
GCGAGCCTTTACAGAGTGTCCAGCA,1
CGAGCCTTTACAGAGTGTCCAGCAG,1
GAGCCTTTACAGAGTGTCCAGCAGG,1
AGCCTTTACAGAGTGTCCAGCAGGC,1
GCCTTTACAGAGTGTCCAGCAGGCA,1
CCTTTACAGAGTGTCCAGCAGGCAG,1
CTTTACAGAGTGTCCAGCAGGCAGG,1
TTTACAGAGTGTCCAGCAGGCAGGC,1
TTACAGAGTGTCCAGCAGGCAGGCG,1
TACAGAGTGTCCAGCAGGCAGGCGG,1
ACAGAGTGTCCAGCAGGCAGGCGGC,1
CAGAGTGTCCAGCAGGCAGGCGGCT,1
AGAGTGTCCAGCAGGCAGGCGGCTC,1
GAGTGTCCAGCAGGCAGGCGGCTCA,1
AGTGTCCAGCAGGCAGGCGGCTCAC,1
GTGTCCAGCAGGCAGGCGGCTCACT,1
TGTCCAGCAGGCAGGCGGCTCACTC,1
GTCCAGCAGGCAGGCGGCTCACTCA,1
TCCAGCAGGCAGGCGGCTCACTCAC,1
CCAGCAGGCAGGCGGCTCACTCACA,1
CAGCAGGCAGGCGGCTCACTCACAC,1
AGCAGGCAGGCGGCTCACTCACACT,1
GCAGGCAGGCGGCTCACTCACACTC,1
CAGGCAGGCGGCTCACTCACACTCA,1
AGGCAGGCGGCTCACTCACACTCAC,1
GGCAGGCGGCTCACTCACACTCACA,1
GCAGGCGGCTCACTCACACTCACAG,1
CAGGCGGCTCACTCACACTCACAGT,1
AGGCGGCTCACTCACACTCACAGTA,1
GGCGGCTCACTCACACTCACAGTAA,1
GCGGCTCACTCACACTCACAGTAAG,1
CGGCTCACTCACACTCACAGTAAGG,1
GGCTCACTCACACTCACAGTAAGGT,1
GCTCACTCACACTCACAGTAAGGTG,1
CTCACTCACACTCACAGTAAGGTGC,1
TCACTCACACTCACAGTAAGGTGCA,1
CACTCACACTCACAGTAAGGTGCAC,1
ACTCACACTCACAGTAAGGTGCACA,1
CTCACACTCACAGTAAGGTGCACAG,1
TCACACTCACAGTAAGGTGCACAGG,1
CACACTCACAGTAAGGTGCACAGGG,1
ACACTCACAGTAAGGTGCACAGGGC,1
CACTCACAGTAAGGTGCACAGGGCC,1
ACTCACAGTAAGGTGCACAGGGCCC,1
CTCACAGTAAGGTGCACAGGGCCCG,1
TCACAGTAAGGTGCACAGGGCCCGG,1
CACAGTAAGGTGCACAGGGCCCGGC,1
ACAGTAAGGTGCACAGGGCCCGGCC,1
CAGTAAGGTGCACAGGGCCCGGCCC,1
AGTAAGGTGCACAGGGCCCGGCCCG,1
GTAAGGTGCACAGGGCCCGGCCCGC,1
TAAGGTGCACAGGGCCCGGCCCGCA,1
AAGGTGCACAGGGCCCGGCCCGCAG,1
AGGTGCACAGGGCCCGGCCCGCAGC,1
CCGCCGATATACTCAAACAAGAAGG,1
CGCCGATATACTCAAACAAGAAGGA,1
GCCGATATACTCAAACAAGAAGGAG,1
CCGATATACTCAAACAAGAAGGAGA,1
CGATATACTCAAACAAGAAGGAGAG,1
GATATACTCAAACAAGAAGGAGAGT,1
ATATACTCAAACAAGAAGGAGAGTG,1
TATACTCAAACAAGAAGGAGAGTGA,1
ATACTCAAACAAGAAGGAGAGTGAT,1
TACTCAAACAAGAAGGAGAGTGATT,1
ACTCAAACAAGAAGGAGAGTGATTT,1
CTCAAACAAGAAGGAGAGTGATTTT,1
TCAAACAAGAAGGAGAGTGATTTTA,1
CAAACAAGAAGGAGAGTGATTTTAA,1
AAACAAGAAGGAGAGTGATTTTAAC,1
AACAAGAAGGAGAGTGATTTTAACA,1
ACAAGAAGGAGAGTGATTTTAACAC,1
CAAGAAGGAGAGTGATTTTAACACT,1
AAGAAGGAGAGTGATTTTAACACTC,1
AGAAGGAGAGTGATTTTAACACTCC,1
GAAGGAGAGTGATTTTAACACTCCA,1
AAGGAGAGTGATTTTAACACTCCAT,1
AGGAGAGTGATTTTAACACTCCATT,1
GGAGAGTGATTTTAACACTCCATTT,1
GAGAGTGATTTTAACACTCCATTTT,1
AGAGTGATTTTAACACTCCATTTTG,1
GAGTGATTTTAACACTCCATTTTGC,1
AGTGATTTTAACACTCCATTTTGCA,1
GTGATTTTAACACTCCATTTTGCAC,1
TGATTTTAACACTCCATTTTGCACA,1
GATTTTAACACTCCATTTTGCACAT,1
ATTTTAACACTCCATTTTGCACATT,1
TTTTAACACTCCATTTTGCACATTA,1
TTTAACACTCCATTTTGCACATTAA,1
TTAACACTCCATTTTGCACATTAAG,1
TAACACTCCATTTTGCACATTAAGT,1
AACACTCCATTTTGCACATTAAGTT,1
ACACTCCATTTTGCACATTAAGTTC,1
CACTCCATTTTGCACATTAAGTTCA,1
ACTCCATTTTGCACATTAAGTTCAG,1
CTCCATTTTGCACATTAAGTTCAGG,1
TCCATTTTGCACATTAAGTTCAGGA,1
CCATTTTGCACATTAAGTTCAGGAA,1
CATTTTGCACATTAAGTTCAGGAAC,1
ATTTTGCACATTAAGTTCAGGAACT,1
TTTTGCACATTAAGTTCAGGAACTC,1
TTTGCACATTAAGTTCAGGAACTCT,1
TTGCACATTAAGTTCAGGAACTCTG,1
TGCACATTAAGTTCAGGAACTCTGT,1
GCACATTAAGTTCAGGAACTCTGTA,1
CACATTAAGTTCAGGAACTCTGTAT,1
ACATTAAGTTCAGGAACTCTGTATT,1
CATTAAGTTCAGGAACTCTGTATTC,1
ATTAAGTTCAGGAACTCTGTATTCA,1
TTAAGTTCAGGAACTCTGTATTCAT,1
TAAGTTCAGGAACTCTGTATTCATT,1
AAGTTCAGGAACTCTGTATTCATTC,1
AGTTCAGGAACTCTGTATTCATTCA,1
GTTCAGGAACTCTGTATTCATTCAT,1
TTCAGGAACTCTGTATTCATTCATT,1
TCAGGAACTCTGTATTCATTCATTA,1
CAGGAACTCTGTATTCATTCATTAA,1
AGGAACTCTGTATTCATTCATTAAG,1
GGAACTCTGTATTCATTCATTAAGG,1
GAACTCTGTATTCATTCATTAAGGC,1
AACTCTGTATTCATTCATTAAGGCA,1
ACTCTGTATTCATTCATTAAGGCAG,1
CTCTGTATTCATTCATTAAGGCAGG,1
TCTGTATTCATTCATTAAGGCAGGC,1
CTGTATTCATTCATTAAGGCAGGCA,1
TGTATTCATTCATTAAGGCAGGCAG,1
GTATTCATTCATTAAGGCAGGCAGT,1
TATTCATTCATTAAGGCAGGCAGTA,1
ATTCATTCATTAAGGCAGGCAGTAC,1
TTCATTCATTAAGGCAGGCAGTACT,1
TCATTCATTAAGGCAGGCAGTACTG,1
CTTGGTTAGTGTGTCAGGCACTTTC,1
TTGGTTAGTGTGTCAGGCACTTTCT,1
TGGTTAGTGTGTCAGGCACTTTCTG,1
GGTTAGTGTGTCAGGCACTTTCTGA,1
GTTAGTGTGTCAGGCACTTTCTGAG,1
TTAGTGTGTCAGGCACTTTCTGAGA,1
TAGTGTGTCAGGCACTTTCTGAGAT,1
AGTGTGTCAGGCACTTTCTGAGATA,1
GTGTGTCAGGCACTTTCTGAGATAC,1
TGTGTCAGGCACTTTCTGAGATACC,1
GTGTCAGGCACTTTCTGAGATACCA,1
TGTCAGGCACTTTCTGAGATACCAG,1
GTCAGGCACTTTCTGAGATACCAGC,1
TCAGGCACTTTCTGAGATACCAGCC,1
CAGGCACTTTCTGAGATACCAGCCC,1
AGGCACTTTCTGAGATACCAGCCCA,1
GGCACTTTCTGAGATACCAGCCCAC,1
GCACTTTCTGAGATACCAGCCCACC,1
CACTTTCTGAGATACCAGCCCACCC,1
ACTTTCTGAGATACCAGCCCACCCC,1
CTTTCTGAGATACCAGCCCACCCCT,1
TTTCTGAGATACCAGCCCACCCCTC,1
TTCTGAGATACCAGCCCACCCCTCG,1
TCTGAGATACCAGCCCACCCCTCGA,1
CTGAGATACCAGCCCACCCCTCGAG,1
TGAGATACCAGCCCACCCCTCGAGC,1
GAGATACCAGCCCACCCCTCGAGCC,1
AGATACCAGCCCACCCCTCGAGCCC,1
GATACCAGCCCACCCCTCGAGCCCT,1
ATACCAGCCCACCCCTCGAGCCCTC,1
TACCAGCCCACCCCTCGAGCCCTCT,1
ACCAGCCCACCCCTCGAGCCCTCTC,1
CCAGCCCACCCCTCGAGCCCTCTCA,1
CAGCCCACCCCTCGAGCCCTCTCAG,1
AGCCCACCCCTCGAGCCCTCTCAGC,1
GCCCACCCCTCGAGCCCTCTCAGCA,1
CCCACCCCTCGAGCCCTCTCAGCAA,1
CCACCCCTCGAGCCCTCTCAGCAAC,1
CACCCCTCGAGCCCTCTCAGCAACT,1
ACCCCTCGAGCCCTCTCAGCAACTC,1
CCCCTCGAGCCCTCTCAGCAACTCT,1
CCCTCGAGCCCTCTCAGCAACTCTA,1
CCTCGAGCCCTCTCAGCAACTCTAT,1
CTCGAGCCCTCTCAGCAACTCTATA,1
TCGAGCCCTCTCAGCAACTCTATAG,1
CGAGCCCTCTCAGCAACTCTATAGG,1
GAGCCCTCTCAGCAACTCTATAGGC,1
AGCCCTCTCAGCAACTCTATAGGCC,1
GCCCTCTCAGCAACTCTATAGGCCA,1
CCCTCTCAGCAACTCTATAGGCCAA,1
CCTCTCAGCAACTCTATAGGCCAAT,1
CTCTCAGCAACTCTATAGGCCAATC,1
TCTCAGCAACTCTATAGGCCAATCA,1
CTCAGCAACTCTATAGGCCAATCAC,1
TCAGCAACTCTATAGGCCAATCACA,1
CAGCAACTCTATAGGCCAATCACAA,1
AGCAACTCTATAGGCCAATCACAAT,1
GCAACTCTATAGGCCAATCACAATG,1
CAACTCTATAGGCCAATCACAATGC,1
AACTCTATAGGCCAATCACAATGCA,1
ACTCTATAGGCCAATCACAATGCAC,1
CTCTATAGGCCAATCACAATGCACG,1
TCTATAGGCCAATCACAATGCACGT,1
CTATAGGCCAATCACAATGCACGTT,1
TATAGGCCAATCACAATGCACGTTC,1
ATAGGCCAATCACAATGCACGTTCA,1
TAGGCCAATCACAATGCACGTTCAG,1
AGGCCAATCACAATGCACGTTCAGA,1
GGCCAATCACAATGCACGTTCAGAC,1
GCCAATCACAATGCACGTTCAGACA,1
CCAATCACAATGCACGTTCAGACAC,1
CAATCACAATGCACGTTCAGACACT,1
AATCACAATGCACGTTCAGACACTA,1
ATCACAATGCACGTTCAGACACTAC,1
TCACAATGCACGTTCAGACACTACA,1
CACAATGCACGTTCAGACACTACAG,1
GCTAGTTATTTTCAACAAATAAAGC,1
CTAGTTATTTTCAACAAATAAAGCC,1
TAGTTATTTTCAACAAATAAAGCCA,1
AGTTATTTTCAACAAATAAAGCCAT,1
GTTATTTTCAACAAATAAAGCCATT,1
TTATTTTCAACAAATAAAGCCATTA,1
TATTTTCAACAAATAAAGCCATTAT,1
ATTTTCAACAAATAAAGCCATTATG,1
TTTTCAACAAATAAAGCCATTATGT,1
TTTCAACAAATAAAGCCATTATGTT,1
TTCAACAAATAAAGCCATTATGTTA,1
TCAACAAATAAAGCCATTATGTTAA,1
CAACAAATAAAGCCATTATGTTAAG,1
AACAAATAAAGCCATTATGTTAAGA,1
ACAAATAAAGCCATTATGTTAAGAG,1
CAAATAAAGCCATTATGTTAAGAGG,1
AAATAAAGCCATTATGTTAAGAGGG,1
AATAAAGCCATTATGTTAAGAGGGG,1
ATAAAGCCATTATGTTAAGAGGGGA,1
TAAAGCCATTATGTTAAGAGGGGAC,1
AAAGCCATTATGTTAAGAGGGGACT,1
AAGCCATTATGTTAAGAGGGGACTG,1
AGCCATTATGTTAAGAGGGGACTGT,1
GCCATTATGTTAAGAGGGGACTGTC,1
CCATTATGTTAAGAGGGGACTGTCC,1
CATTATGTTAAGAGGGGACTGTCCA,1
ATTATGTTAAGAGGGGACTGTCCAT,1
TTATGTTAAGAGGGGACTGTCCATA,1
TATGTTAAGAGGGGACTGTCCATAG,1
ATGTTAAGAGGGGACTGTCCATAGT,1
TGTTAAGAGGGGACTGTCCATAGTG,1
GTTAAGAGGGGACTGTCCATAGTGA,1
TTAAGAGGGGACTGTCCATAGTGAG,1
TAAGAGGGGACTGTCCATAGTGAGT,1
AAGAGGGGACTGTCCATAGTGAGTG,1
AGAGGGGACTGTCCATAGTGAGTGA,1
GAGGGGACTGTCCATAGTGAGTGAA,1
AGGGGACTGTCCATAGTGAGTGAAA,1
GGGGACTGTCCATAGTGAGTGAAAG,1
GGGACTGTCCATAGTGAGTGAAAGG,1
GGACTGTCCATAGTGAGTGAAAGGT,1
GACTGTCCATAGTGAGTGAAAGGTG,1
ACTGTCCATAGTGAGTGAAAGGTGG,1
CTGTCCATAGTGAGTGAAAGGTGGC,1
TGTCCATAGTGAGTGAAAGGTGGCA,1
GTCCATAGTGAGTGAAAGGTGGCAG,1
TCCATAGTGAGTGAAAGGTGGCAGG,1
CCATAGTGAGTGAAAGGTGGCAGGC,1
CATAGTGAGTGAAAGGTGGCAGGCA,1
ATAGTGAGTGAAAGGTGGCAGGCAG,1
TAGTGAGTGAAAGGTGGCAGGCAGG,1
AGTGAGTGAAAGGTGGCAGGCAGGG,1
GTGAGTGAAAGGTGGCAGGCAGGGG,1
TGAGTGAAAGGTGGCAGGCAGGGGC,1
GAGTGAAAGGTGGCAGGCAGGGGCC,1
AGTGAAAGGTGGCAGGCAGGGGCCT,1
GTGAAAGGTGGCAGGCAGGGGCCTA,1
TGAAAGGTGGCAGGCAGGGGCCTAC,1
GAAAGGTGGCAGGCAGGGGCCTACA,1
AAAGGTGGCAGGCAGGGGCCTACAG,1
AAGGTGGCAGGCAGGGGCCTACAGC,1
AGGTGGCAGGCAGGGGCCTACAGCT,1
GGTGGCAGGCAGGGGCCTACAGCTC,1
GTGGCAGGCAGGGGCCTACAGCTCC,1
TGGCAGGCAGGGGCCTACAGCTCCT,1
GGCAGGCAGGGGCCTACAGCTCCTA,1
GCAGGCAGGGGCCTACAGCTCCTAG,1
CAGGCAGGGGCCTACAGCTCCTAGG,1
AGGCAGGGGCCTACAGCTCCTAGGG,1
GGCAGGGGCCTACAGCTCCTAGGGA,1
GCAGGGGCCTACAGCTCCTAGGGAA,1
CAGGGGCCTACAGCTCCTAGGGAAT,1
AGGGGCCTACAGCTCCTAGGGAATG,1
GGGGCCTACAGCTCCTAGGGAATGG,1
GGGCCTACAGCTCCTAGGGAATGGA,1
GGCCTACAGCTCCTAGGGAATGGAG,1
GGCCTCTTCGTAGGGCTCCTCGGCC,1
GCCTCTTCGTAGGGCTCCTCGGCCT,1
CCTCTTCGTAGGGCTCCTCGGCCTC,1
CTCTTCGTAGGGCTCCTCGGCCTCC,1
TCTTCGTAGGGCTCCTCGGCCTCCT,1
CTTCGTAGGGCTCCTCGGCCTCCTC,1
TTCGTAGGGCTCCTCGGCCTCCTCC,1
TCGTAGGGCTCCTCGGCCTCCTCCT,1
CGTAGGGCTCCTCGGCCTCCTCCTC,1
GTAGGGCTCCTCGGCCTCCTCCTCC,1
TAGGGCTCCTCGGCCTCCTCCTCCA,1
AGGGCTCCTCGGCCTCCTCCTCCAC,1
GGGCTCCTCGGCCTCCTCCTCCACC,1
GGCTCCTCGGCCTCCTCCTCCACCT,1
GCTCCTCGGCCTCCTCCTCCACCTC,1
CTCCTCGGCCTCCTCCTCCACCTCG,1
TCCTCGGCCTCCTCCTCCACCTCGT,1
CCTCGGCCTCCTCCTCCACCTCGTC,1
CTCGGCCTCCTCCTCCACCTCGTCC,1
TCGGCCTCCTCCTCCACCTCGTCCC,1
CGGCCTCCTCCTCCACCTCGTCCCC,1
GGCCTCCTCCTCCACCTCGTCCCCA,1
GCCTCCTCCTCCACCTCGTCCCCAT,1
CCTCCTCCTCCACCTCGTCCCCATC,1
CTCCTCCTCCACCTCGTCCCCATCC,1
TCCTCCTCCACCTCGTCCCCATCCT,1
CCTCCTCCACCTCGTCCCCATCCTC,1
CTCCTCCACCTCGTCCCCATCCTCC,1
TCCTCCACCTCGTCCCCATCCTCCA,1
CCTCCACCTCGTCCCCATCCTCCAC,1
CTCCACCTCGTCCCCATCCTCCACA,1
TCCACCTCGTCCCCATCCTCCACAT,1
CCACCTCGTCCCCATCCTCCACATC,1
CACCTCGTCCCCATCCTCCACATCC,1
ACCTCGTCCCCATCCTCCACATCCT,1
CCTCGTCCCCATCCTCCACATCCTC,1
CTCGTCCCCATCCTCCACATCCTCA,1
TCGTCCCCATCCTCCACATCCTCAT,1
CGTCCCCATCCTCCACATCCTCATC,1
GTCCCCATCCTCCACATCCTCATCA,1
TCCCCATCCTCCACATCCTCATCAT,1
CCCCATCCTCCACATCCTCATCATC,1
CCCATCCTCCACATCCTCATCATCA,1
CCATCCTCCACATCCTCATCATCAT,1
CATCCTCCACATCCTCATCATCATC,1
ATCCTCCACATCCTCATCATCATCA,1
TCCTCCACATCCTCATCATCATCAG,1
CCTCCACATCCTCATCATCATCAGC,1
CTCCACATCCTCATCATCATCAGCT,1
TCCACATCCTCATCATCATCAGCTT,1
CCACATCCTCATCATCATCAGCTTC,1
CACATCCTCATCATCATCAGCTTCC,1
ACATCCTCATCATCATCAGCTTCCT,1
CATCCTCATCATCATCAGCTTCCTC,1
ATCCTCATCATCATCAGCTTCCTCT,1
TCCTCATCATCATCAGCTTCCTCTT,1
CCTCATCATCATCAGCTTCCTCTTC,1
CTCATCATCATCAGCTTCCTCTTCC,1
TCATCATCATCAGCTTCCTCTTCCT,1
CATCATCATCAGCTTCCTCTTCCTC,1
ATCATCATCAGCTTCCTCTTCCTCA,1
TCATCATCAGCTTCCTCTTCCTCAA,1
CATCATCAGCTTCCTCTTCCTCAAC,1
ATCATCAGCTTCCTCTTCCTCAACA,1
TCATCAGCTTCCTCTTCCTCAACAT,1
CATCAGCTTCCTCTTCCTCAACATC,1
ATCAGCTTCCTCTTCCTCAACATCA,1
TCAGCTTCCTCTTCCTCAACATCAG,1
CAGCTTCCTCTTCCTCAACATCAGC,1
AGCTTCCTCTTCCTCAACATCAGCC,1
GCTTCCTCTTCCTCAACATCAGCCA,1
CTTCCTCTTCCTCAACATCAGCCAC,1
TTCCTCTTCCTCAACATCAGCCACT,1
TCCTCTTCCTCAACATCAGCCACTT,1
CCTCTTCCTCAACATCAGCCACTTC,1
CTCTTCCTCAACATCAGCCACTTCC,1
AAGACTCAGGTATATAGAAGGGCAG,1
AGACTCAGGTATATAGAAGGGCAGC,1
GACTCAGGTATATAGAAGGGCAGCC,1
ACTCAGGTATATAGAAGGGCAGCCT,1
CTCAGGTATATAGAAGGGCAGCCTT,1
TCAGGTATATAGAAGGGCAGCCTTA,1
CAGGTATATAGAAGGGCAGCCTTAA,1
AGGTATATAGAAGGGCAGCCTTAAT,1
GGTATATAGAAGGGCAGCCTTAATC,1
GTATATAGAAGGGCAGCCTTAATCA,1
TATATAGAAGGGCAGCCTTAATCAC,1
ATATAGAAGGGCAGCCTTAATCACA,1
TATAGAAGGGCAGCCTTAATCACAA,1
ATAGAAGGGCAGCCTTAATCACAAA,1
TAGAAGGGCAGCCTTAATCACAAAA,1
AGAAGGGCAGCCTTAATCACAAAAA,1
GAAGGGCAGCCTTAATCACAAAAAA,1
AAGGGCAGCCTTAATCACAAAAAAA,1
AGGGCAGCCTTAATCACAAAAAAAA,1
GGGCAGCCTTAATCACAAAAAAAAA,1
GGCAGCCTTAATCACAAAAAAAAAA,1
GCAGCCTTAATCACAAAAAAAAAAA,1
CAGCCTTAATCACAAAAAAAAAAAA,1
AGCCTTAATCACAAAAAAAAAAAAA,1
GCCTTAATCACAAAAAAAAAAAAAA,1
CCTTAATCACAAAAAAAAAAAAAAT,1
CTTAATCACAAAAAAAAAAAAAATG,1
TTAATCACAAAAAAAAAAAAAATGA,1
TAATCACAAAAAAAAAAAAAATGAG,1
AATCACAAAAAAAAAAAAAATGAGA,1
ATCACAAAAAAAAAAAAAATGAGAC,1
TCACAAAAAAAAAAAAAATGAGACT,1
CACAAAAAAAAAAAAAATGAGACTA,1
ACAAAAAAAAAAAAAATGAGACTAG,1
CAAAAAAAAAAAAAATGAGACTAGT,1
AAAAAAAAAAAAAATGAGACTAGTC,1
AAAAAAAAAAAAATGAGACTAGTCA,1
AAAAAAAAAAAATGAGACTAGTCAC,1
AAAAAAAAAAATGAGACTAGTCACC,1
AAAAAAAAAATGAGACTAGTCACCG,1
AAAAAAAAATGAGACTAGTCACCGC,1
AAAAAAAATGAGACTAGTCACCGCA,1
AAAAAAATGAGACTAGTCACCGCAT,1
AAAAAATGAGACTAGTCACCGCATT,1
AAAAATGAGACTAGTCACCGCATTC,1
AAAATGAGACTAGTCACCGCATTCT,1
AAATGAGACTAGTCACCGCATTCTA,1
AATGAGACTAGTCACCGCATTCTAC,1
ATGAGACTAGTCACCGCATTCTACT,1
TGAGACTAGTCACCGCATTCTACTG,1
GAGACTAGTCACCGCATTCTACTGT,1
AGACTAGTCACCGCATTCTACTGTT,1
GACTAGTCACCGCATTCTACTGTTG,1
ACTAGTCACCGCATTCTACTGTTGG,1
CTAGTCACCGCATTCTACTGTTGGA,1
TAGTCACCGCATTCTACTGTTGGAA,1
AGTCACCGCATTCTACTGTTGGAAT,1
GTCACCGCATTCTACTGTTGGAATG,1
TCACCGCATTCTACTGTTGGAATGT,1
CACCGCATTCTACTGTTGGAATGTT,1
ACCGCATTCTACTGTTGGAATGTTT,1
CCGCATTCTACTGTTGGAATGTTTG,1
CGCATTCTACTGTTGGAATGTTTGC,1
GCATTCTACTGTTGGAATGTTTGCG,1
CATTCTACTGTTGGAATGTTTGCGA,1
ATTCTACTGTTGGAATGTTTGCGAC,1
TTCTACTGTTGGAATGTTTGCGACG,1
TCTACTGTTGGAATGTTTGCGACGC,1
CTACTGTTGGAATGTTTGCGACGCA,1
TACTGTTGGAATGTTTGCGACGCAC,1
ACTGTTGGAATGTTTGCGACGCACA,1
CTGTTGGAATGTTTGCGACGCACAC,1
TGTTGGAATGTTTGCGACGCACACC,1
GTTGGAATGTTTGCGACGCACACCC,1
TTGGAATGTTTGCGACGCACACCCT,1
TGGAATGTTTGCGACGCACACCCTG,1
CCTCTGTCAAAGTATTTTCAGGCAA,1
CTCTGTCAAAGTATTTTCAGGCAAA,1
TCTGTCAAAGTATTTTCAGGCAAAA,1
CTGTCAAAGTATTTTCAGGCAAAAG,1
TGTCAAAGTATTTTCAGGCAAAAGC,1
GTCAAAGTATTTTCAGGCAAAAGCG,1
TCAAAGTATTTTCAGGCAAAAGCGA,1
CAAAGTATTTTCAGGCAAAAGCGAG,1
AAAGTATTTTCAGGCAAAAGCGAGC,1
AAGTATTTTCAGGCAAAAGCGAGCG,1
AGTATTTTCAGGCAAAAGCGAGCGG,1
GTATTTTCAGGCAAAAGCGAGCGGA,1
TATTTTCAGGCAAAAGCGAGCGGAG,1
ATTTTCAGGCAAAAGCGAGCGGAGC,1
TTTTCAGGCAAAAGCGAGCGGAGCT,1
TTTCAGGCAAAAGCGAGCGGAGCTC,1
TTCAGGCAAAAGCGAGCGGAGCTCC,1
TCAGGCAAAAGCGAGCGGAGCTCCT,1
CAGGCAAAAGCGAGCGGAGCTCCTC,1
AGGCAAAAGCGAGCGGAGCTCCTCT,1
GGCAAAAGCGAGCGGAGCTCCTCTG,1
GCAAAAGCGAGCGGAGCTCCTCTGG,1
CAAAAGCGAGCGGAGCTCCTCTGGG,1
AAAAGCGAGCGGAGCTCCTCTGGGC,1
AAAGCGAGCGGAGCTCCTCTGGGCT,1
AAGCGAGCGGAGCTCCTCTGGGCTG,1
AGCGAGCGGAGCTCCTCTGGGCTGC,1
GCGAGCGGAGCTCCTCTGGGCTGCT,1
CGAGCGGAGCTCCTCTGGGCTGCTG,1
GAGCGGAGCTCCTCTGGGCTGCTGG,1
AGCGGAGCTCCTCTGGGCTGCTGGA,1
GCGGAGCTCCTCTGGGCTGCTGGAG,1
CGGAGCTCCTCTGGGCTGCTGGAGT,1
GGAGCTCCTCTGGGCTGCTGGAGTG,1
GAGCTCCTCTGGGCTGCTGGAGTGG,1
AGCTCCTCTGGGCTGCTGGAGTGGG,1
GCTCCTCTGGGCTGCTGGAGTGGGA,1
CTCCTCTGGGCTGCTGGAGTGGGAC,1
TCCTCTGGGCTGCTGGAGTGGGACT,1
CCTCTGGGCTGCTGGAGTGGGACTC,1
CTCTGGGCTGCTGGAGTGGGACTCG,1
TCTGGGCTGCTGGAGTGGGACTCGA,1
CTGGGCTGCTGGAGTGGGACTCGAA,1
TGGGCTGCTGGAGTGGGACTCGAAG,1
GGGCTGCTGGAGTGGGACTCGAAGA,1
GGCTGCTGGAGTGGGACTCGAAGAG,1
GCTGCTGGAGTGGGACTCGAAGAGC,1
CTGCTGGAGTGGGACTCGAAGAGCG,1
TGCTGGAGTGGGACTCGAAGAGCGA,1
GCTGGAGTGGGACTCGAAGAGCGAT,1
CTGGAGTGGGACTCGAAGAGCGATG,1
TGGAGTGGGACTCGAAGAGCGATGC,1
GGAGTGGGACTCGAAGAGCGATGCC,1
GAGTGGGACTCGAAGAGCGATGCCC,1
AGTGGGACTCGAAGAGCGATGCCCT,1
GTGGGACTCGAAGAGCGATGCCCTG,1
TGGGACTCGAAGAGCGATGCCCTGG,1
GGGACTCGAAGAGCGATGCCCTGGA,1
GGACTCGAAGAGCGATGCCCTGGAG,1
GACTCGAAGAGCGATGCCCTGGAGA,1
ACTCGAAGAGCGATGCCCTGGAGAC,1
CTCGAAGAGCGATGCCCTGGAGACC,1
TCGAAGAGCGATGCCCTGGAGACCT,1
CGAAGAGCGATGCCCTGGAGACCTT,1
GAAGAGCGATGCCCTGGAGACCTTG,1
AAGAGCGATGCCCTGGAGACCTTGG,1
AGAGCGATGCCCTGGAGACCTTGGG,1
GAGCGATGCCCTGGAGACCTTGGGC,1
AGCGATGCCCTGGAGACCTTGGGCT,1
GCGATGCCCTGGAGACCTTGGGCTT,1
CGATGCCCTGGAGACCTTGGGCTTC,1
GATGCCCTGGAGACCTTGGGCTTCC,1
ATGCCCTGGAGACCTTGGGCTTCCT,1
TGCCCTGGAGACCTTGGGCTTCCTG,1
GCCCTGGAGACCTTGGGCTTCCTGA,1
CCCTGGAGACCTTGGGCTTCCTGAA,1
CTCGTGGTGACCTGGGCATTGAGAT,1
TCGTGGTGACCTGGGCATTGAGATT,1
CGTGGTGACCTGGGCATTGAGATTC,1
GTGGTGACCTGGGCATTGAGATTCC,1
TGGTGACCTGGGCATTGAGATTCCT,1
GGTGACCTGGGCATTGAGATTCCTG,1
GTGACCTGGGCATTGAGATTCCTGC,1
TGACCTGGGCATTGAGATTCCTGCA,1
GACCTGGGCATTGAGATTCCTGCAG,1
ACCTGGGCATTGAGATTCCTGCAGA,1
CCTGGGCATTGAGATTCCTGCAGAG,1
CTGGGCATTGAGATTCCTGCAGAGA,1
TGGGCATTGAGATTCCTGCAGAGAA,1
GGGCATTGAGATTCCTGCAGAGAAG,1
GGCATTGAGATTCCTGCAGAGAAGG,1
GCATTGAGATTCCTGCAGAGAAGGT,1
CATTGAGATTCCTGCAGAGAAGGTC,1
ATTGAGATTCCTGCAGAGAAGGTCT,1
TTGAGATTCCTGCAGAGAAGGTCTT,1
TGAGATTCCTGCAGAGAAGGTCTTC,1
GAGATTCCTGCAGAGAAGGTCTTCC,1
AGATTCCTGCAGAGAAGGTCTTCCT,1
GATTCCTGCAGAGAAGGTCTTCCTG,1
ATTCCTGCAGAGAAGGTCTTCCTGG,1
TTCCTGCAGAGAAGGTCTTCCTGGC,1
TCCTGCAGAGAAGGTCTTCCTGGCT,1
CCTGCAGAGAAGGTCTTCCTGGCTC,1
CTGCAGAGAAGGTCTTCCTGGCTCA,1
TGCAGAGAAGGTCTTCCTGGCTCAG,1
GCAGAGAAGGTCTTCCTGGCTCAGA,1
CAGAGAAGGTCTTCCTGGCTCAGAA,1
AGAGAAGGTCTTCCTGGCTCAGAAG,1
GAGAAGGTCTTCCTGGCTCAGAAGA,1
AGAAGGTCTTCCTGGCTCAGAAGAT,1
GAAGGTCTTCCTGGCTCAGAAGATG,1
AAGGTCTTCCTGGCTCAGAAGATGA,1
AGGTCTTCCTGGCTCAGAAGATGAT,1
GGTCTTCCTGGCTCAGAAGATGATG,1
GTCTTCCTGGCTCAGAAGATGATGA,1
TCTTCCTGGCTCAGAAGATGATGAT,1
CTTCCTGGCTCAGAAGATGATGATC,1
TTCCTGGCTCAGAAGATGATGATCG,1
TCCTGGCTCAGAAGATGATGATCGG,1
CCTGGCTCAGAAGATGATGATCGGG,1
CTGGCTCAGAAGATGATGATCGGGC,1
TGGCTCAGAAGATGATGATCGGGCG,1
GGCTCAGAAGATGATGATCGGGCGA,1
GCTCAGAAGATGATGATCGGGCGAT,1
CTCAGAAGATGATGATCGGGCGATG,1
TCAGAAGATGATGATCGGGCGATGC,1
CAGAAGATGATGATCGGGCGATGCA,1
AGAAGATGATGATCGGGCGATGCAA,1
GAAGATGATGATCGGGCGATGCAAC,1
AAGATGATGATCGGGCGATGCAACC,1
AGATGATGATCGGGCGATGCAACCG,1
GATGATGATCGGGCGATGCAACCGA,1
ATGATGATCGGGCGATGCAACCGAG,1
TGATGATCGGGCGATGCAACCGAGC,1
GATGATCGGGCGATGCAACCGAGCT,1
ATGATCGGGCGATGCAACCGAGCTG,1
TGATCGGGCGATGCAACCGAGCTGG,1
GATCGGGCGATGCAACCGAGCTGGG,1
ATCGGGCGATGCAACCGAGCTGGGA,1
TCGGGCGATGCAACCGAGCTGGGAA,1
CGGGCGATGCAACCGAGCTGGGAAG,1
GGGCGATGCAACCGAGCTGGGAAGC,1
GGCGATGCAACCGAGCTGGGAAGCC,1
GCGATGCAACCGAGCTGGGAAGCCT,1
CGATGCAACCGAGCTGGGAAGCCTG,1
GATGCAACCGAGCTGGGAAGCCTGT,1
ATGCAACCGAGCTGGGAAGCCTGTC,1
TGCAACCGAGCTGGGAAGCCTGTCA,1
GCAACCGAGCTGGGAAGCCTGTCAT,1
CAACCGAGCTGGGAAGCCTGTCATC,1
AACCGAGCTGGGAAGCCTGTCATCT,1
ACCGAGCTGGGAAGCCTGTCATCTG,1
TGATAGACTAGTGCAGCGATCAGCC,1
GATAGACTAGTGCAGCGATCAGCCA,1
ATAGACTAGTGCAGCGATCAGCCAT,1
TAGACTAGTGCAGCGATCAGCCATA,1
AGACTAGTGCAGCGATCAGCCATAT,1
GACTAGTGCAGCGATCAGCCATATG,1
ACTAGTGCAGCGATCAGCCATATGA,1
CTAGTGCAGCGATCAGCCATATGAT,1
TAGTGCAGCGATCAGCCATATGATT,1
AGTGCAGCGATCAGCCATATGATTG,1
GTGCAGCGATCAGCCATATGATTGA,1
TGCAGCGATCAGCCATATGATTGAG,1
GCAGCGATCAGCCATATGATTGAGA,1
CAGCGATCAGCCATATGATTGAGAG,1
AGCGATCAGCCATATGATTGAGAGC,1
GCGATCAGCCATATGATTGAGAGCT,1
CGATCAGCCATATGATTGAGAGCTA,1
GATCAGCCATATGATTGAGAGCTAC,1
ATCAGCCATATGATTGAGAGCTACT,1
TCAGCCATATGATTGAGAGCTACTT,1
CAGCCATATGATTGAGAGCTACTTT,1
AGCCATATGATTGAGAGCTACTTTG,1
GCCATATGATTGAGAGCTACTTTGG,1
CCATATGATTGAGAGCTACTTTGGG,1
CATATGATTGAGAGCTACTTTGGGG,1
ATATGATTGAGAGCTACTTTGGGGA,1
TATGATTGAGAGCTACTTTGGGGAT,1
ATGATTGAGAGCTACTTTGGGGATA,1
TGATTGAGAGCTACTTTGGGGATAT,1
GATTGAGAGCTACTTTGGGGATATA,1
ATTGAGAGCTACTTTGGGGATATAT,1
TTGAGAGCTACTTTGGGGATATATG,1
TGAGAGCTACTTTGGGGATATATGG,1
GAGAGCTACTTTGGGGATATATGGT,1
AGAGCTACTTTGGGGATATATGGTA,1
GAGCTACTTTGGGGATATATGGTAC,1
AGCTACTTTGGGGATATATGGTACG,1
GCTACTTTGGGGATATATGGTACGT,1
CTACTTTGGGGATATATGGTACGTT,1
TACTTTGGGGATATATGGTACGTTG,1
ACTTTGGGGATATATGGTACGTTGT,1
CTTTGGGGATATATGGTACGTTGTT,1
TTTGGGGATATATGGTACGTTGTTT,1
TTGGGGATATATGGTACGTTGTTTT,1
TGGGGATATATGGTACGTTGTTTTT,1
GGGGATATATGGTACGTTGTTTTTG,1
GGGATATATGGTACGTTGTTTTTGT,1
GGATATATGGTACGTTGTTTTTGTT,1
GATATATGGTACGTTGTTTTTGTTT,1
ATATATGGTACGTTGTTTTTGTTTT,1
TATATGGTACGTTGTTTTTGTTTTT,1
ATATGGTACGTTGTTTTTGTTTTTT,1
TATGGTACGTTGTTTTTGTTTTTTA,1
ATGGTACGTTGTTTTTGTTTTTTAG,1
TGGTACGTTGTTTTTGTTTTTTAGA,1
GGTACGTTGTTTTTGTTTTTTAGAC,1
GTACGTTGTTTTTGTTTTTTAGACT,1
TACGTTGTTTTTGTTTTTTAGACTT,1
ACGTTGTTTTTGTTTTTTAGACTTA,1
CGTTGTTTTTGTTTTTTAGACTTAA,1
GTTGTTTTTGTTTTTTAGACTTAAT,1
TTGTTTTTGTTTTTTAGACTTAATA,1
TGTTTTTGTTTTTTAGACTTAATAA,1
GTTTTTGTTTTTTAGACTTAATAAA,1
TTTTTGTTTTTTAGACTTAATAAAG,1
TTTTGTTTTTTAGACTTAATAAAGG,1
TTTGTTTTTTAGACTTAATAAAGGA,1
TTGTTTTTTAGACTTAATAAAGGAC,1
TGTTTTTTAGACTTAATAAAGGACA,1
GTTTTTTAGACTTAATAAAGGACAA,1
TTTTTTAGACTTAATAAAGGACAAC,1
TTTTTAGACTTAATAAAGGACAACA,1
TTTTAGACTTAATAAAGGACAACAC,1
TTTAGACTTAATAAAGGACAACACG,1
TTAGACTTAATAAAGGACAACACGA,1
TAGACTTAATAAAGGACAACACGAG,1
CTCGATTACAAAGCCTGGCTCAAGG,1
TCGATTACAAAGCCTGGCTCAAGGA,1
CGATTACAAAGCCTGGCTCAAGGAC,1
GATTACAAAGCCTGGCTCAAGGACA,1
ATTACAAAGCCTGGCTCAAGGACAA,1
TTACAAAGCCTGGCTCAAGGACAAT,1
TACAAAGCCTGGCTCAAGGACAATA,1
ACAAAGCCTGGCTCAAGGACAATAC,1
CAAAGCCTGGCTCAAGGACAATACA,1
AAAGCCTGGCTCAAGGACAATACAG,1
AAGCCTGGCTCAAGGACAATACAGC,1
AGCCTGGCTCAAGGACAATACAGCA,1
GCCTGGCTCAAGGACAATACAGCAA,1
CCTGGCTCAAGGACAATACAGCAAA,1
CTGGCTCAAGGACAATACAGCAAAA,1
TGGCTCAAGGACAATACAGCAAAAC,1
GGCTCAAGGACAATACAGCAAAACA,1
GCTCAAGGACAATACAGCAAAACAA,1
CTCAAGGACAATACAGCAAAACAAG,1
TCAAGGACAATACAGCAAAACAAGT,1
CAAGGACAATACAGCAAAACAAGTG,1
AAGGACAATACAGCAAAACAAGTGA,1
AGGACAATACAGCAAAACAAGTGAA,1
GGACAATACAGCAAAACAAGTGAAC,1
GACAATACAGCAAAACAAGTGAACC,1
ACAATACAGCAAAACAAGTGAACCC,1
CAATACAGCAAAACAAGTGAACCCA,1
AATACAGCAAAACAAGTGAACCCAC,1
ATACAGCAAAACAAGTGAACCCACT,1
TACAGCAAAACAAGTGAACCCACTT,1
ACAGCAAAACAAGTGAACCCACTTA,1
CAGCAAAACAAGTGAACCCACTTAG,1
AGCAAAACAAGTGAACCCACTTAGT,1
GCAAAACAAGTGAACCCACTTAGTT,1
CAAAACAAGTGAACCCACTTAGTTA,1
AAAACAAGTGAACCCACTTAGTTAG,1
AAACAAGTGAACCCACTTAGTTAGG,1
AACAAGTGAACCCACTTAGTTAGGT,1
ACAAGTGAACCCACTTAGTTAGGTT,1
CAAGTGAACCCACTTAGTTAGGTTT,1
AAGTGAACCCACTTAGTTAGGTTTT,1
AGTGAACCCACTTAGTTAGGTTTTA,1
GTGAACCCACTTAGTTAGGTTTTAT,1
TGAACCCACTTAGTTAGGTTTTATG,1
GAACCCACTTAGTTAGGTTTTATGT,1
AACCCACTTAGTTAGGTTTTATGTC,1
ACCCACTTAGTTAGGTTTTATGTCT,1
CCCACTTAGTTAGGTTTTATGTCTG,1
CCACTTAGTTAGGTTTTATGTCTGC,1
CACTTAGTTAGGTTTTATGTCTGCC,1
ACTTAGTTAGGTTTTATGTCTGCCT,1
CTTAGTTAGGTTTTATGTCTGCCTT,1
TTAGTTAGGTTTTATGTCTGCCTTG,1
TAGTTAGGTTTTATGTCTGCCTTGA,1
AGTTAGGTTTTATGTCTGCCTTGAA,1
GTTAGGTTTTATGTCTGCCTTGAAT,1
TTAGGTTTTATGTCTGCCTTGAATT,1
TAGGTTTTATGTCTGCCTTGAATTA,1
AGGTTTTATGTCTGCCTTGAATTAT,1
GGTTTTATGTCTGCCTTGAATTATG,1
GTTTTATGTCTGCCTTGAATTATGA,1
TTTTATGTCTGCCTTGAATTATGAC,1
TTTATGTCTGCCTTGAATTATGACC,1
TTATGTCTGCCTTGAATTATGACCC,1
TATGTCTGCCTTGAATTATGACCCA,1
ATGTCTGCCTTGAATTATGACCCAG,1
TGTCTGCCTTGAATTATGACCCAGT,1
GTCTGCCTTGAATTATGACCCAGTA,1
TCTGCCTTGAATTATGACCCAGTAA,1
CTGCCTTGAATTATGACCCAGTAAT,1
TGCCTTGAATTATGACCCAGTAATA,1
GCCTTGAATTATGACCCAGTAATAA,1
CCTTGAATTATGACCCAGTAATAAG,1
CTTGAATTATGACCCAGTAATAAGG,1
TTGAATTATGACCCAGTAATAAGGG,1
TGAATTATGACCCAGTAATAAGGGG,1
CTCACAGCCCTCGGCGTAGAGGTCA,1
TCACAGCCCTCGGCGTAGAGGTCAG,1
CACAGCCCTCGGCGTAGAGGTCAGA,1
ACAGCCCTCGGCGTAGAGGTCAGAG,1
CAGCCCTCGGCGTAGAGGTCAGAGG,1
AGCCCTCGGCGTAGAGGTCAGAGGG,1
GCCCTCGGCGTAGAGGTCAGAGGGG,1
CCCTCGGCGTAGAGGTCAGAGGGGT,1
CCTCGGCGTAGAGGTCAGAGGGGTT,1
CTCGGCGTAGAGGTCAGAGGGGTTG,1
TCGGCGTAGAGGTCAGAGGGGTTGG,1
CGGCGTAGAGGTCAGAGGGGTTGGC,1
GGCGTAGAGGTCAGAGGGGTTGGCC,1
GCGTAGAGGTCAGAGGGGTTGGCCA,1
CGTAGAGGTCAGAGGGGTTGGCCAG,1
GTAGAGGTCAGAGGGGTTGGCCAGG,1
TAGAGGTCAGAGGGGTTGGCCAGGC,1
AGAGGTCAGAGGGGTTGGCCAGGCT,1
GAGGTCAGAGGGGTTGGCCAGGCTG,1
AGGTCAGAGGGGTTGGCCAGGCTGC,1
GGTCAGAGGGGTTGGCCAGGCTGCC,1
GTCAGAGGGGTTGGCCAGGCTGCCG,1
TCAGAGGGGTTGGCCAGGCTGCCGT,1
CAGAGGGGTTGGCCAGGCTGCCGTT,1
AGAGGGGTTGGCCAGGCTGCCGTTA,1
GAGGGGTTGGCCAGGCTGCCGTTAC,1
AGGGGTTGGCCAGGCTGCCGTTACA,1
GGGGTTGGCCAGGCTGCCGTTACAG,1
GGGTTGGCCAGGCTGCCGTTACAGC,1
GGTTGGCCAGGCTGCCGTTACAGCT,1
GTTGGCCAGGCTGCCGTTACAGCTT,1
TTGGCCAGGCTGCCGTTACAGCTTT,1
TGGCCAGGCTGCCGTTACAGCTTTT,1
GGCCAGGCTGCCGTTACAGCTTTTG,1
GCCAGGCTGCCGTTACAGCTTTTGG,1
CCAGGCTGCCGTTACAGCTTTTGGC,1
CAGGCTGCCGTTACAGCTTTTGGCA,1
AGGCTGCCGTTACAGCTTTTGGCAG,1
GGCTGCCGTTACAGCTTTTGGCAGT,1
GCTGCCGTTACAGCTTTTGGCAGTC,1
CTGCCGTTACAGCTTTTGGCAGTCT,1
TGCCGTTACAGCTTTTGGCAGTCTC,1
GCCGTTACAGCTTTTGGCAGTCTCT,1
CCGTTACAGCTTTTGGCAGTCTCTC,1
CGTTACAGCTTTTGGCAGTCTCTCT,1
GTTACAGCTTTTGGCAGTCTCTCTG,1
TTACAGCTTTTGGCAGTCTCTCTGC,1
TACAGCTTTTGGCAGTCTCTCTGCA,1
ACAGCTTTTGGCAGTCTCTCTGCAG,1
CAGCTTTTGGCAGTCTCTCTGCAGC,1
AGCTTTTGGCAGTCTCTCTGCAGCA,1
GCTTTTGGCAGTCTCTCTGCAGCAG,1
CTTTTGGCAGTCTCTCTGCAGCAGC,1
TTTTGGCAGTCTCTCTGCAGCAGCT,1
TTTGGCAGTCTCTCTGCAGCAGCTA,1
TTGGCAGTCTCTCTGCAGCAGCTAA,1
TGGCAGTCTCTCTGCAGCAGCTAAG,1
GGCAGTCTCTCTGCAGCAGCTAAGA,1
GCAGTCTCTCTGCAGCAGCTAAGAG,1
CAGTCTCTCTGCAGCAGCTAAGAGG,1
AGTCTCTCTGCAGCAGCTAAGAGGG,1
GTCTCTCTGCAGCAGCTAAGAGGGA,1
TCTCTCTGCAGCAGCTAAGAGGGAC,1
CTCTCTGCAGCAGCTAAGAGGGACA,1
TCTCTGCAGCAGCTAAGAGGGACAC,1
CTCTGCAGCAGCTAAGAGGGACACT,1
TCTGCAGCAGCTAAGAGGGACACTC,1
CTGCAGCAGCTAAGAGGGACACTCT,1
TGCAGCAGCTAAGAGGGACACTCTG,1
GCAGCAGCTAAGAGGGACACTCTGG,1
CAGCAGCTAAGAGGGACACTCTGGT,1
AGCAGCTAAGAGGGACACTCTGGTT,1
GCAGCTAAGAGGGACACTCTGGTTT,1
CAGCTAAGAGGGACACTCTGGTTTT,1
AGCTAAGAGGGACACTCTGGTTTTT,1
GCTAAGAGGGACACTCTGGTTTTTT,1
CCGGCTCCTGTACAAAGGCGCGGAG,1
CGGCTCCTGTACAAAGGCGCGGAGC,1
GGCTCCTGTACAAAGGCGCGGAGCG,1
GCTCCTGTACAAAGGCGCGGAGCGT,1
CTCCTGTACAAAGGCGCGGAGCGTA,1
TCCTGTACAAAGGCGCGGAGCGTAA,1
CCTGTACAAAGGCGCGGAGCGTAAC,1
CTGTACAAAGGCGCGGAGCGTAACT,1
TGTACAAAGGCGCGGAGCGTAACTC,1
GTACAAAGGCGCGGAGCGTAACTCT,1
TACAAAGGCGCGGAGCGTAACTCTA,1
ACAAAGGCGCGGAGCGTAACTCTAC,1
CAAAGGCGCGGAGCGTAACTCTACC,1
AAAGGCGCGGAGCGTAACTCTACCC,1
AAGGCGCGGAGCGTAACTCTACCCG,1
AGGCGCGGAGCGTAACTCTACCCGG,1
GGCGCGGAGCGTAACTCTACCCGGC,1
GCGCGGAGCGTAACTCTACCCGGCA,1
CGCGGAGCGTAACTCTACCCGGCAG,1
GCGGAGCGTAACTCTACCCGGCAGA,1
CGGAGCGTAACTCTACCCGGCAGAC,1
GGAGCGTAACTCTACCCGGCAGACA,1
GAGCGTAACTCTACCCGGCAGACAG,1
AGCGTAACTCTACCCGGCAGACAGC,1
GCGTAACTCTACCCGGCAGACAGCA,1
CGTAACTCTACCCGGCAGACAGCAC,1
GTAACTCTACCCGGCAGACAGCACA,1
TAACTCTACCCGGCAGACAGCACAG,1
AACTCTACCCGGCAGACAGCACAGT,1
ACTCTACCCGGCAGACAGCACAGTG,1
CTCTACCCGGCAGACAGCACAGTGG,1
TCTACCCGGCAGACAGCACAGTGGA,1
CTACCCGGCAGACAGCACAGTGGAA,1
TACCCGGCAGACAGCACAGTGGAAG,1
ACCCGGCAGACAGCACAGTGGAAGT,1
CCCGGCAGACAGCACAGTGGAAGTC,1
CCGGCAGACAGCACAGTGGAAGTCA,1
CGGCAGACAGCACAGTGGAAGTCAG,1
GGCAGACAGCACAGTGGAAGTCAGC,1
GCAGACAGCACAGTGGAAGTCAGCT,1
CAGACAGCACAGTGGAAGTCAGCTA,1
AGACAGCACAGTGGAAGTCAGCTAC,1
GACAGCACAGTGGAAGTCAGCTACA,1
ACAGCACAGTGGAAGTCAGCTACAA,1
CAGCACAGTGGAAGTCAGCTACAAA,1
AGCACAGTGGAAGTCAGCTACAAAC,1
GCACAGTGGAAGTCAGCTACAAACC,1
CACAGTGGAAGTCAGCTACAAACCC,1
ACAGTGGAAGTCAGCTACAAACCCA,1
CAGTGGAAGTCAGCTACAAACCCAG,1
AGTGGAAGTCAGCTACAAACCCAGC,1
GTGGAAGTCAGCTACAAACCCAGCT,1
TGGAAGTCAGCTACAAACCCAGCTC,1
GGAAGTCAGCTACAAACCCAGCTCC,1
GAAGTCAGCTACAAACCCAGCTCCT,1
AAGTCAGCTACAAACCCAGCTCCTC,1
AGTCAGCTACAAACCCAGCTCCTCG,1
GTCAGCTACAAACCCAGCTCCTCGC,1
TCAGCTACAAACCCAGCTCCTCGCG,1
CAGCTACAAACCCAGCTCCTCGCGC,1
AGCTACAAACCCAGCTCCTCGCGCA,1
GCTACAAACCCAGCTCCTCGCGCAG,1
CTACAAACCCAGCTCCTCGCGCAGC,1
TACAAACCCAGCTCCTCGCGCAGCG,1
ACAAACCCAGCTCCTCGCGCAGCGC,1
CAAACCCAGCTCCTCGCGCAGCGCC,1
AAACCCAGCTCCTCGCGCAGCGCCC,1
AACCCAGCTCCTCGCGCAGCGCCCC,1
ACCCAGCTCCTCGCGCAGCGCCCCA,1
CCCAGCTCCTCGCGCAGCGCCCCAA,1
CCAGCTCCTCGCGCAGCGCCCCAAG,1
CAGCTCCTCGCGCAGCGCCCCAAGC,1
AGCTCCTCGCGCAGCGCCCCAAGCC,1
GCTCCTCGCGCAGCGCCCCAAGCCT,1
CTCCTCGCGCAGCGCCCCAAGCCTG,1
TCCTCGCGCAGCGCCCCAAGCCTGA,1
GCCAGGCCTCTGATGGGTTACTGCT,1
CCAGGCCTCTGATGGGTTACTGCTA,1
CAGGCCTCTGATGGGTTACTGCTAT,1
AGGCCTCTGATGGGTTACTGCTATG,1
GGCCTCTGATGGGTTACTGCTATGA,1
GCCTCTGATGGGTTACTGCTATGAA,1
CCTCTGATGGGTTACTGCTATGAAA,1
CTCTGATGGGTTACTGCTATGAAAG,1
TCTGATGGGTTACTGCTATGAAAGG,1
CTGATGGGTTACTGCTATGAAAGGG,1
TGATGGGTTACTGCTATGAAAGGGT,1
GATGGGTTACTGCTATGAAAGGGTC,1
ATGGGTTACTGCTATGAAAGGGTCC,1
TGGGTTACTGCTATGAAAGGGTCCT,1
GGGTTACTGCTATGAAAGGGTCCTT,1
GGTTACTGCTATGAAAGGGTCCTTT,1
GTTACTGCTATGAAAGGGTCCTTTG,1
TTACTGCTATGAAAGGGTCCTTTGA,1
TACTGCTATGAAAGGGTCCTTTGAC,1
ACTGCTATGAAAGGGTCCTTTGACA,1
CTGCTATGAAAGGGTCCTTTGACAC,1
TGCTATGAAAGGGTCCTTTGACACA,1
GCTATGAAAGGGTCCTTTGACACAC,1
CTATGAAAGGGTCCTTTGACACACA,1
TATGAAAGGGTCCTTTGACACACAA,1
ATGAAAGGGTCCTTTGACACACAAA,1
TGAAAGGGTCCTTTGACACACAAAA,1
GAAAGGGTCCTTTGACACACAAAAC,1
AAAGGGTCCTTTGACACACAAAACG,1
AAGGGTCCTTTGACACACAAAACGG,1
AGGGTCCTTTGACACACAAAACGGT,1
GGGTCCTTTGACACACAAAACGGTT,1
GGTCCTTTGACACACAAAACGGTTG,1
GTCCTTTGACACACAAAACGGTTGT,1
TCCTTTGACACACAAAACGGTTGTG,1
CCTTTGACACACAAAACGGTTGTGA,1
CTTTGACACACAAAACGGTTGTGAC,1
TTTGACACACAAAACGGTTGTGACC,1
TTGACACACAAAACGGTTGTGACCC,1
TGACACACAAAACGGTTGTGACCCA,1
GACACACAAAACGGTTGTGACCCAC,1
ACACACAAAACGGTTGTGACCCACA,1
CACACAAAACGGTTGTGACCCACAA,1
ACACAAAACGGTTGTGACCCACAAG,1
CACAAAACGGTTGTGACCCACAAGT,1
ACAAAACGGTTGTGACCCACAAGTT,1
CAAAACGGTTGTGACCCACAAGTTG,1
AAAACGGTTGTGACCCACAAGTTGA,1
AAACGGTTGTGACCCACAAGTTGAG,1
AACGGTTGTGACCCACAAGTTGAGA,1
ACGGTTGTGACCCACAAGTTGAGAT,1
CGGTTGTGACCCACAAGTTGAGATA,1
GGTTGTGACCCACAAGTTGAGATAA,1
GTTGTGACCCACAAGTTGAGATAAG,1
TTGTGACCCACAAGTTGAGATAAGG,1
TGTGACCCACAAGTTGAGATAAGGG,1
GTGACCCACAAGTTGAGATAAGGGG,1
TGACCCACAAGTTGAGATAAGGGGT,1
GACCCACAAGTTGAGATAAGGGGTG,1
ACCCACAAGTTGAGATAAGGGGTGA,1
CCCACAAGTTGAGATAAGGGGTGAA,1
CCACAAGTTGAGATAAGGGGTGAAG,1
CACAAGTTGAGATAAGGGGTGAAGC,1
ACAAGTTGAGATAAGGGGTGAAGCA,1
CAAGTTGAGATAAGGGGTGAAGCAC,1
AAGTTGAGATAAGGGGTGAAGCACA,1
AGTTGAGATAAGGGGTGAAGCACAG,1
GTTGAGATAAGGGGTGAAGCACAGA,1
TTGAGATAAGGGGTGAAGCACAGAC,1
TGAGATAAGGGGTGAAGCACAGACT,1
GAGATAAGGGGTGAAGCACAGACTT,1
AGATAAGGGGTGAAGCACAGACTTT,1
GATAAGGGGTGAAGCACAGACTTTC,1
ATAAGGGGTGAAGCACAGACTTTCT,1
TAAGGGGTGAAGCACAGACTTTCTG,1
AAGGGGTGAAGCACAGACTTTCTGA,1
CTGGAAGCTGGAAGCTGGCATAGAG,1
TGGAAGCTGGAAGCTGGCATAGAGT,1
GGAAGCTGGAAGCTGGCATAGAGTT,1
GAAGCTGGAAGCTGGCATAGAGTTC,1
AAGCTGGAAGCTGGCATAGAGTTCC,1
AGCTGGAAGCTGGCATAGAGTTCCG,1
GCTGGAAGCTGGCATAGAGTTCCGA,1
CTGGAAGCTGGCATAGAGTTCCGAT,1
TGGAAGCTGGCATAGAGTTCCGATA,1
GGAAGCTGGCATAGAGTTCCGATAA,1
GAAGCTGGCATAGAGTTCCGATAAA,1
AAGCTGGCATAGAGTTCCGATAAAC,1
AGCTGGCATAGAGTTCCGATAAACT,1
GCTGGCATAGAGTTCCGATAAACTT,1
CTGGCATAGAGTTCCGATAAACTTC,1
TGGCATAGAGTTCCGATAAACTTCC,1
GGCATAGAGTTCCGATAAACTTCCT,1
GCATAGAGTTCCGATAAACTTCCTC,1
CATAGAGTTCCGATAAACTTCCTCT,1
ATAGAGTTCCGATAAACTTCCTCTG,1
TAGAGTTCCGATAAACTTCCTCTGC,1
AGAGTTCCGATAAACTTCCTCTGCT,1
GAGTTCCGATAAACTTCCTCTGCTT,1
AGTTCCGATAAACTTCCTCTGCTTC,1
GTTCCGATAAACTTCCTCTGCTTCT,1
TTCCGATAAACTTCCTCTGCTTCTC,1
TCCGATAAACTTCCTCTGCTTCTCT,1
CCGATAAACTTCCTCTGCTTCTCTT,1
CGATAAACTTCCTCTGCTTCTCTTT,1
GATAAACTTCCTCTGCTTCTCTTTT,1
ATAAACTTCCTCTGCTTCTCTTTTC,1
TAAACTTCCTCTGCTTCTCTTTTCT,1
AAACTTCCTCTGCTTCTCTTTTCTT,1
AACTTCCTCTGCTTCTCTTTTCTTT,1
ACTTCCTCTGCTTCTCTTTTCTTTT,1
CTTCCTCTGCTTCTCTTTTCTTTTC,1
TTCCTCTGCTTCTCTTTTCTTTTCC,1
TCCTCTGCTTCTCTTTTCTTTTCCC,1
CCTCTGCTTCTCTTTTCTTTTCCCG,1
CTCTGCTTCTCTTTTCTTTTCCCGT,1
TCTGCTTCTCTTTTCTTTTCCCGTG,1
CTGCTTCTCTTTTCTTTTCCCGTGC,1
TGCTTCTCTTTTCTTTTCCCGTGCT,1
GCTTCTCTTTTCTTTTCCCGTGCTT,1
CTTCTCTTTTCTTTTCCCGTGCTTT,1
TTCTCTTTTCTTTTCCCGTGCTTTC,1
TCTCTTTTCTTTTCCCGTGCTTTCT,1
CTCTTTTCTTTTCCCGTGCTTTCTC,1
TCTTTTCTTTTCCCGTGCTTTCTCG,1
CTTTTCTTTTCCCGTGCTTTCTCGA,1
TTTTCTTTTCCCGTGCTTTCTCGAC,1
TTTCTTTTCCCGTGCTTTCTCGACT,1
TTCTTTTCCCGTGCTTTCTCGACTT,1
TCTTTTCCCGTGCTTTCTCGACTTC,1
CTTTTCCCGTGCTTTCTCGACTTCA,1
TTTTCCCGTGCTTTCTCGACTTCAT,1
TTTCCCGTGCTTTCTCGACTTCATC,1
TTCCCGTGCTTTCTCGACTTCATCC,1
TCCCGTGCTTTCTCGACTTCATCCA,1
CCCGTGCTTTCTCGACTTCATCCAT,1
CCGTGCTTTCTCGACTTCATCCATG,1
CGTGCTTTCTCGACTTCATCCATGA,1
GTGCTTTCTCGACTTCATCCATGAC,1
TGCTTTCTCGACTTCATCCATGACT,1
GCTTTCTCGACTTCATCCATGACTT,1
CTTTCTCGACTTCATCCATGACTTT,1
TTTCTCGACTTCATCCATGACTTTC,1
TTCTCGACTTCATCCATGACTTTCT,1
TCTCGACTTCATCCATGACTTTCTG,1
CTCGACTTCATCCATGACTTTCTGA,1
TCGACTTCATCCATGACTTTCTGAG,1
CGACTTCATCCATGACTTTCTGAGA,1
GACTTCATCCATGACTTTCTGAGAT,1
ACTTCATCCATGACTTTCTGAGATT,1
CTTCATCCATGACTTTCTGAGATTC,1
TTCATCCATGACTTTCTGAGATTCT,1
CAATGCTTGGCTTCCATAAGCAGAT,1
AATGCTTGGCTTCCATAAGCAGATG,1
ATGCTTGGCTTCCATAAGCAGATGG,1
TGCTTGGCTTCCATAAGCAGATGGA,1
GCTTGGCTTCCATAAGCAGATGGAT,1
CTTGGCTTCCATAAGCAGATGGATA,1
TTGGCTTCCATAAGCAGATGGATAA,1
TGGCTTCCATAAGCAGATGGATAAC,1
GGCTTCCATAAGCAGATGGATAACC,1
GCTTCCATAAGCAGATGGATAACCG,1
CTTCCATAAGCAGATGGATAACCGC,1
TTCCATAAGCAGATGGATAACCGCA,1
TCCATAAGCAGATGGATAACCGCAT,1
CCATAAGCAGATGGATAACCGCATC,1
CATAAGCAGATGGATAACCGCATCA,1
ATAAGCAGATGGATAACCGCATCAA,1
TAAGCAGATGGATAACCGCATCAAG,1
AAGCAGATGGATAACCGCATCAAGC,1
AGCAGATGGATAACCGCATCAAGCT,1
GCAGATGGATAACCGCATCAAGCTC,1
CAGATGGATAACCGCATCAAGCTCT,1
AGATGGATAACCGCATCAAGCTCTT,1
GATGGATAACCGCATCAAGCTCTTG,1
ATGGATAACCGCATCAAGCTCTTGG,1
TGGATAACCGCATCAAGCTCTTGGA,1
GGATAACCGCATCAAGCTCTTGGAA,1
GATAACCGCATCAAGCTCTTGGAAG,1
ATAACCGCATCAAGCTCTTGGAAGA,1
TAACCGCATCAAGCTCTTGGAAGAG,1
AACCGCATCAAGCTCTTGGAAGAGA,1
ACCGCATCAAGCTCTTGGAAGAGAT,1
CCGCATCAAGCTCTTGGAAGAGATT,1
CGCATCAAGCTCTTGGAAGAGATTC,1
GCATCAAGCTCTTGGAAGAGATTCT,1
CATCAAGCTCTTGGAAGAGATTCTG,1
ATCAAGCTCTTGGAAGAGATTCTGT,1
TCAAGCTCTTGGAAGAGATTCTGTC,1
CAAGCTCTTGGAAGAGATTCTGTCT,1
AAGCTCTTGGAAGAGATTCTGTCTT,1
AGCTCTTGGAAGAGATTCTGTCTTT,1
GCTCTTGGAAGAGATTCTGTCTTTT,1
CTCTTGGAAGAGATTCTGTCTTTTC,1
TCTTGGAAGAGATTCTGTCTTTTCG,1
CTTGGAAGAGATTCTGTCTTTTCGT,1
TTGGAAGAGATTCTGTCTTTTCGTA,1
TGGAAGAGATTCTGTCTTTTCGTAT,1
GGAAGAGATTCTGTCTTTTCGTATG,1
GAAGAGATTCTGTCTTTTCGTATGC,1
AAGAGATTCTGTCTTTTCGTATGCC,1
AGAGATTCTGTCTTTTCGTATGCCG,1
GAGATTCTGTCTTTTCGTATGCCGT,1
AGATTCTGTCTTTTCGTATGCCGTC,1
GATTCTGTCTTTTCGTATGCCGTCT,1
ATTCTGTCTTTTCGTATGCCGTCTT,1
TTCTGTCTTTTCGTATGCCGTCTTC,1
TCTGTCTTTTCGTATGCCGTCTTCT,1
CTGTCTTTTCGTATGCCGTCTTCTG,1
TGTCTTTTCGTATGCCGTCTTCTGC,1
GTCTTTTCGTATGCCGTCTTCTGCT,1
TCTTTTCGTATGCCGTCTTCTGCTT,1
CTTTTCGTATGCCGTCTTCTGCTTG,1
TTTTCGTATGCCGTCTTCTGCTTGA,1
TTTCGTATGCCGTCTTCTGCTTGAA,1
TTCGTATGCCGTCTTCTGCTTGAAA,1
TGCCGTCTTCTGCTTGAAAAAAAAG,1
GCCGTCTTCTGCTTGAAAAAAAAGT,1
CCGTCTTCTGCTTGAAAAAAAAGTG,1
CGTCTTCTGCTTGAAAAAAAAGTGA,1
GTCTTCTGCTTGAAAAAAAAGTGAA,1
TCTTCTGCTTGAAAAAAAAGTGAAA,1
CTTCTGCTTGAAAAAAAAGTGAAAT,1
CAGCGACCGCGGTCCTAAAAGCCAG,1
AGCGACCGCGGTCCTAAAAGCCAGG,1
GCGACCGCGGTCCTAAAAGCCAGGG,1
CGACCGCGGTCCTAAAAGCCAGGGA,1
GACCGCGGTCCTAAAAGCCAGGGAG,1
ACCGCGGTCCTAAAAGCCAGGGAGG,1
CCGCGGTCCTAAAAGCCAGGGAGGC,1
CGCGGTCCTAAAAGCCAGGGAGGCT,1
GCGGTCCTAAAAGCCAGGGAGGCTC,1
CGGTCCTAAAAGCCAGGGAGGCTCC,1
GGTCCTAAAAGCCAGGGAGGCTCCG,1
GTCCTAAAAGCCAGGGAGGCTCCGG,1
TCCTAAAAGCCAGGGAGGCTCCGGC,1
CCTAAAAGCCAGGGAGGCTCCGGCC,1
CTAAAAGCCAGGGAGGCTCCGGCCG,1
TAAAAGCCAGGGAGGCTCCGGCCGC,1
AAAAGCCAGGGAGGCTCCGGCCGCC,1
AAAGCCAGGGAGGCTCCGGCCGCCG,1
AAGCCAGGGAGGCTCCGGCCGCCGG,1
AGCCAGGGAGGCTCCGGCCGCCGGC,1
GCCAGGGAGGCTCCGGCCGCCGGCA,1
CCAGGGAGGCTCCGGCCGCCGGCAG,1
CAGGGAGGCTCCGGCCGCCGGCAGA,1
AGGGAGGCTCCGGCCGCCGGCAGAG,1
GGGAGGCTCCGGCCGCCGGCAGAGC,1
GGAGGCTCCGGCCGCCGGCAGAGCC,1
GAGGCTCCGGCCGCCGGCAGAGCCG,1
AGGCTCCGGCCGCCGGCAGAGCCGC,1
GGCTCCGGCCGCCGGCAGAGCCGCG,1
GCTCCGGCCGCCGGCAGAGCCGCGA,1
CTCCGGCCGCCGGCAGAGCCGCGAA,1
TCCGGCCGCCGGCAGAGCCGCGAAC,1
CCGGCCGCCGGCAGAGCCGCGAACT,1
CGGCCGCCGGCAGAGCCGCGAACTC,1
GGCCGCCGGCAGAGCCGCGAACTCA,1
GCCGCCGGCAGAGCCGCGAACTCAC,1
CCGCCGGCAGAGCCGCGAACTCACC,1
CGCCGGCAGAGCCGCGAACTCACCC,1
GCCGGCAGAGCCGCGAACTCACCCA,1
CCGGCAGAGCCGCGAACTCACCCAA,1
CGGCAGAGCCGCGAACTCACCCAAA,1
GGCAGAGCCGCGAACTCACCCAAAG,1
GCAGAGCCGCGAACTCACCCAAAGC,1
CAGAGCCGCGAACTCACCCAAAGCC,1
AGAGCCGCGAACTCACCCAAAGCCG,1
GAGCCGCGAACTCACCCAAAGCCGA,1
AGCCGCGAACTCACCCAAAGCCGAG,1
GCCGCGAACTCACCCAAAGCCGAGT,1
CCGCGAACTCACCCAAAGCCGAGTC,1
CGCGAACTCACCCAAAGCCGAGTCT,1
GCGAACTCACCCAAAGCCGAGTCTG,1
CGAACTCACCCAAAGCCGAGTCTGG,1
GAACTCACCCAAAGCCGAGTCTGGG,1
AACTCACCCAAAGCCGAGTCTGGGG,1
ACTCACCCAAAGCCGAGTCTGGGGC,1
CTCACCCAAAGCCGAGTCTGGGGCC,1
TCACCCAAAGCCGAGTCTGGGGCCC,1
CACCCAAAGCCGAGTCTGGGGCCCT,1
ACCCAAAGCCGAGTCTGGGGCCCTT,1
CCCAAAGCCGAGTCTGGGGCCCTTG,1
CCAAAGCCGAGTCTGGGGCCCTTGC,1
CAAAGCCGAGTCTGGGGCCCTTGCT,1
AAAGCCGAGTCTGGGGCCCTTGCTG,1
AAGCCGAGTCTGGGGCCCTTGCTGA,1
AGCCGAGTCTGGGGCCCTTGCTGAG,1
GCCGAGTCTGGGGCCCTTGCTGAGA,1
CCGAGTCTGGGGCCCTTGCTGAGAC,1
CGAGTCTGGGGCCCTTGCTGAGACC,1
GAGTCTGGGGCCCTTGCTGAGACCG,1
AGTCTGGGGCCCTTGCTGAGACCGA,1
GTCTGGGGCCCTTGCTGAGACCGAG,1
TCTGGGGCCCTTGCTGAGACCGAGG,1
CTGGGGCCCTTGCTGAGACCGAGGC,1
TGGGGCCCTTGCTGAGACCGAGGCG,1
GGGGCCCTTGCTGAGACCGAGGCGA,1
GGGCCCTTGCTGAGACCGAGGCGAC,1
CTTCTGTTGTTTTTGAGATAGGAGC,1
TTCTGTTGTTTTTGAGATAGGAGCT,1
TCTGTTGTTTTTGAGATAGGAGCTT,1
CTGTTGTTTTTGAGATAGGAGCTTA,1
TGTTGTTTTTGAGATAGGAGCTTAT,1
GTTGTTTTTGAGATAGGAGCTTATT,1
TTGTTTTTGAGATAGGAGCTTATTA,1
TGTTTTTGAGATAGGAGCTTATTAT,1
GTTTTTGAGATAGGAGCTTATTATG,1
TTTTTGAGATAGGAGCTTATTATGG,1
TTTTGAGATAGGAGCTTATTATGGT,1
TTTGAGATAGGAGCTTATTATGGTA,1
TTGAGATAGGAGCTTATTATGGTAC,1
TGAGATAGGAGCTTATTATGGTACC,1
GAGATAGGAGCTTATTATGGTACCC,1
AGATAGGAGCTTATTATGGTACCCC,1
GATAGGAGCTTATTATGGTACCCCA,1
ATAGGAGCTTATTATGGTACCCCAG,1
TAGGAGCTTATTATGGTACCCCAGG,1
AGGAGCTTATTATGGTACCCCAGGC,1
GGAGCTTATTATGGTACCCCAGGCT,1
GAGCTTATTATGGTACCCCAGGCTG,1
AGCTTATTATGGTACCCCAGGCTGG,1
GCTTATTATGGTACCCCAGGCTGGC,1
CTTATTATGGTACCCCAGGCTGGCT,1
TTATTATGGTACCCCAGGCTGGCTT,1
TATTATGGTACCCCAGGCTGGCTTT,1
ATTATGGTACCCCAGGCTGGCTTTG,1
TTATGGTACCCCAGGCTGGCTTTGA,1
TATGGTACCCCAGGCTGGCTTTGAA,1
ATGGTACCCCAGGCTGGCTTTGAAC,1
TGGTACCCCAGGCTGGCTTTGAACT,1
GGTACCCCAGGCTGGCTTTGAACTC,1
GTACCCCAGGCTGGCTTTGAACTCA,1
TACCCCAGGCTGGCTTTGAACTCAA,1
ACCCCAGGCTGGCTTTGAACTCAAT,1
CCCCAGGCTGGCTTTGAACTCAATA,1
CCCAGGCTGGCTTTGAACTCAATAT,1
CCAGGCTGGCTTTGAACTCAATATA,1
CAGGCTGGCTTTGAACTCAATATAA,1
AGGCTGGCTTTGAACTCAATATAAT,1
GGCTGGCTTTGAACTCAATATAATC,1
GCTGGCTTTGAACTCAATATAATCC,1
CTGGCTTTGAACTCAATATAATCCT,1
TGGCTTTGAACTCAATATAATCCTG,1
GGCTTTGAACTCAATATAATCCTGC,1
GCTTTGAACTCAATATAATCCTGCC,1
CTTTGAACTCAATATAATCCTGCCT,1
TTTGAACTCAATATAATCCTGCCTT,1
TTGAACTCAATATAATCCTGCCTTA,1
TGAACTCAATATAATCCTGCCTTAG,1
GAACTCAATATAATCCTGCCTTAGC,1
AACTCAATATAATCCTGCCTTAGCC,1
ACTCAATATAATCCTGCCTTAGCCT,1
CTCAATATAATCCTGCCTTAGCCTT,1
TCAATATAATCCTGCCTTAGCCTTT,1
CAATATAATCCTGCCTTAGCCTTTT,1
AATATAATCCTGCCTTAGCCTTTTC,1
ATATAATCCTGCCTTAGCCTTTTCC,1
TATAATCCTGCCTTAGCCTTTTCCA,1
ATAATCCTGCCTTAGCCTTTTCCAA,1
TAATCCTGCCTTAGCCTTTTCCAAG,1
AATCCTGCCTTAGCCTTTTCCAAGT,1
ATCCTGCCTTAGCCTTTTCCAAGTT,1
TCCTGCCTTAGCCTTTTCCAAGTTC,1
CCTGCCTTAGCCTTTTCCAAGTTCT,1
CTGCCTTAGCCTTTTCCAAGTTCTG,1
TGCCTTAGCCTTTTCCAAGTTCTGG,1
GCCTTAGCCTTTTCCAAGTTCTGGG,1
CCTTAGCCTTTTCCAAGTTCTGGGG,1
CTTAGCCTTTTCCAAGTTCTGGGGT,1
TTAGCCTTTTCCAAGTTCTGGGGTT,1
TAGCCTTTTCCAAGTTCTGGGGTTA,1
AGCCTTTTCCAAGTTCTGGGGTTAC,1
GCCTTTTCCAAGTTCTGGGGTTACA,1
CCTTTTCCAAGTTCTGGGGTTACAG,1
GGACGGGGGGAGAGGGAGAGCGCGG,1
GACGGGGGGAGAGGGAGAGCGCGGC,1
ACGGGGGGAGAGGGAGAGCGCGGCG,1
CGGGGGGAGAGGGAGAGCGCGGCGA,1
GGGGGGAGAGGGAGAGCGCGGCGAC,1
GGGGGAGAGGGAGAGCGCGGCGACG,1
GGGGAGAGGGAGAGCGCGGCGACGG,1
GGGAGAGGGAGAGCGCGGCGACGGG,1
GGAGAGGGAGAGCGCGGCGACGGGT,1
GAGAGGGAGAGCGCGGCGACGGGTA,1
AGAGGGAGAGCGCGGCGACGGGTAT,1
GAGGGAGAGCGCGGCGACGGGTATC,1
AGGGAGAGCGCGGCGACGGGTATCT,1
GGGAGAGCGCGGCGACGGGTATCTG,1
GGAGAGCGCGGCGACGGGTATCTGG,1
GAGAGCGCGGCGACGGGTATCTGGC,1
AGAGCGCGGCGACGGGTATCTGGCT,1
GAGCGCGGCGACGGGTATCTGGCTT,1
AGCGCGGCGACGGGTATCTGGCTTC,1
GCGCGGCGACGGGTATCTGGCTTCC,1
CGCGGCGACGGGTATCTGGCTTCCT,1
GCGGCGACGGGTATCTGGCTTCCTC,1
CGGCGACGGGTATCTGGCTTCCTCG,1
GGCGACGGGTATCTGGCTTCCTCGG,1
GCGACGGGTATCTGGCTTCCTCGGC,1
CGACGGGTATCTGGCTTCCTCGGCC,1
GACGGGTATCTGGCTTCCTCGGCCC,1
ACGGGTATCTGGCTTCCTCGGCCCC,1
CGGGTATCTGGCTTCCTCGGCCCCG,1
GGGTATCTGGCTTCCTCGGCCCCGG,1
GGTATCTGGCTTCCTCGGCCCCGGG,1
GTATCTGGCTTCCTCGGCCCCGGGA,1
TATCTGGCTTCCTCGGCCCCGGGAT,1
ATCTGGCTTCCTCGGCCCCGGGATT,1
TCTGGCTTCCTCGGCCCCGGGATTC,1
CTGGCTTCCTCGGCCCCGGGATTCG,1
TGGCTTCCTCGGCCCCGGGATTCGG,1
GGCTTCCTCGGCCCCGGGATTCGGC,1
GCTTCCTCGGCCCCGGGATTCGGCG,1
CTTCCTCGGCCCCGGGATTCGGCGA,1
TTCCTCGGCCCCGGGATTCGGCGAA,1
TCCTCGGCCCCGGGATTCGGCGAAA,1
CCTCGGCCCCGGGATTCGGCGAAAG,1
CTCGGCCCCGGGATTCGGCGAAAGC,1
TCGGCCCCGGGATTCGGCGAAAGCT,1
CGGCCCCGGGATTCGGCGAAAGCTG,1
GGCCCCGGGATTCGGCGAAAGCTGC,1
GCCCCGGGATTCGGCGAAAGCTGCG,1
CCCCGGGATTCGGCGAAAGCTGCGG,1
CCCGGGATTCGGCGAAAGCTGCGGC,1
CCGGGATTCGGCGAAAGCTGCGGCC,1
CGGGATTCGGCGAAAGCTGCGGCCG,1
GGGATTCGGCGAAAGCTGCGGCCGG,1
GGATTCGGCGAAAGCTGCGGCCGGA,1
GATTCGGCGAAAGCTGCGGCCGGAG,1
ATTCGGCGAAAGCTGCGGCCGGAGG,1
TTCGGCGAAAGCTGCGGCCGGAGGG,1
TCGGCGAAAGCTGCGGCCGGAGGGC,1
CGGCGAAAGCTGCGGCCGGAGGGCT,1
GGCGAAAGCTGCGGCCGGAGGGCTG,1
GCGAAAGCTGCGGCCGGAGGGCTGT,1
CGAAAGCTGCGGCCGGAGGGCTGTA,1
GAAAGCTGCGGCCGGAGGGCTGTAA,1
AAAGCTGCGGCCGGAGGGCTGTAAC,1
AAGCTGCGGCCGGAGGGCTGTAACA,1
AGCTGCGGCCGGAGGGCTGTAACAC,1
GCTGCGGCCGGAGGGCTGTAACACT,1
CTGCGGCCGGAGGGCTGTAACACTC,1
TGCGGCCGGAGGGCTGTAACACTCG,1
GCGGCCGGAGGGCTGTAACACTCGG,1
CGGCCGGAGGGCTGTAACACTCGGG,1
GGCCGGAGGGCTGTAACACTCGGGG,1
GCCGGAGGGCTGTAACACTCGGGGC,1
CCGGAGGGCTGTAACACTCGGGGCG,1
CGGAGGGCTGTAACACTCGGGGCGA,1
GGAGGGCTGTAACACTCGGGGCGAG,1
CGAGGGGATCAGGGTACCGAATAGT,1
GAGGGGATCAGGGTACCGAATAGTA,1
AGGGGATCAGGGTACCGAATAGTAC,1
GGGGATCAGGGTACCGAATAGTACG,1
GGGATCAGGGTACCGAATAGTACGA,1
GGATCAGGGTACCGAATAGTACGAG,1
GATCAGGGTACCGAATAGTACGAGC,1
ATCAGGGTACCGAATAGTACGAGCA,1
TCAGGGTACCGAATAGTACGAGCAT,1
CAGGGTACCGAATAGTACGAGCATC,1
GATAAAGGGAAGTAGGGTGTGTGTG,1
ATAAAGGGAAGTAGGGTGTGTGTGT,1
TAAAGGGAAGTAGGGTGTGTGTGTG,1
AAAGGGAAGTAGGGTGTGTGTGTGT,1
AAGGGAAGTAGGGTGTGTGTGTGTG,1
AGGGAAGTAGGGTGTGTGTGTGTGT,1
GGGAAGTAGGGTGTGTGTGTGTGTA,1
GGAAGTAGGGTGTGTGTGTGTGTAA,1
GAAGTAGGGTGTGTGTGTGTGTAAG,1
AAGTAGGGTGTGTGTGTGTGTAAGC,1
AGTAGGGTGTGTGTGTGTGTAAGCG,1
GTAGGGTGTGTGTGTGTGTAAGCGT,1
TAGGGTGTGTGTGTGTGTAAGCGTT,1
AGGGTGTGTGTGTGTGTAAGCGTTT,1
GGGTGTGTGTGTGTGTAAGCGTTTA,1
GGTGTGTGTGTGTGTAAGCGTTTAA,1
GTGTGTGTGTGTGTAAGCGTTTAAG,1
TGTGTGTGTGTGTAAGCGTTTAAGC,1
GTGTGTGTGTGTAAGCGTTTAAGCT,1
TGTGTGTGTGTAAGCGTTTAAGCTA,1
GTGTGTGTGTAAGCGTTTAAGCTAC,1
TGTGTGTGTAAGCGTTTAAGCTACA,1
GTGTGTGTAAGCGTTTAAGCTACAC,1
TGTGTGTAAGCGTTTAAGCTACACA,1
GTGTGTAAGCGTTTAAGCTACACAA,1
TGTGTAAGCGTTTAAGCTACACAAA,1
GTGTAAGCGTTTAAGCTACACAAAT,1
TGTAAGCGTTTAAGCTACACAAATG,1
GTAAGCGTTTAAGCTACACAAATGA,1
TAAGCGTTTAAGCTACACAAATGAG,1
AAGCGTTTAAGCTACACAAATGAGT,1
AGCGTTTAAGCTACACAAATGAGTG,1
GCGTTTAAGCTACACAAATGAGTGT,1
CGTTTAAGCTACACAAATGAGTGTG,1
GTTTAAGCTACACAAATGAGTGTGT,1
TTTAAGCTACACAAATGAGTGTGTA,1
TTAAGCTACACAAATGAGTGTGTAG,1
TAAGCTACACAAATGAGTGTGTAGT,1
AAGCTACACAAATGAGTGTGTAGTT,1
AGCTACACAAATGAGTGTGTAGTTA,1
GCTACACAAATGAGTGTGTAGTTAT,1
CTACACAAATGAGTGTGTAGTTATG,1
TACACAAATGAGTGTGTAGTTATGT,1
ACACAAATGAGTGTGTAGTTATGTA,1
CACAAATGAGTGTGTAGTTATGTAT,1
ACAAATGAGTGTGTAGTTATGTATG,1
CAAATGAGTGTGTAGTTATGTATGT,1
AAATGAGTGTGTAGTTATGTATGTG,1
AATGAGTGTGTAGTTATGTATGTGA,1
ATGAGTGTGTAGTTATGTATGTGAT,1
TGAGTGTGTAGTTATGTATGTGATT,1
GAGTGTGTAGTTATGTATGTGATTA,1
AGTGTGTAGTTATGTATGTGATTAT,1
GTGTGTAGTTATGTATGTGATTATG,1
TGTGTAGTTATGTATGTGATTATGC,1
GTGTAGTTATGTATGTGATTATGCT,1
TGTAGTTATGTATGTGATTATGCTC,1
GTAGTTATGTATGTGATTATGCTCT,1
TAGTTATGTATGTGATTATGCTCTA,1
AGTTATGTATGTGATTATGCTCTAT,1
GTTATGTATGTGATTATGCTCTATA,1
TTATGTATGTGATTATGCTCTATAT,1
TATGTATGTGATTATGCTCTATATG,1
ATGTATGTGATTATGCTCTATATGA,1
TGTATGTGATTATGCTCTATATGAG,1
GTATGTGATTATGCTCTATATGAGT,1
TATGTGATTATGCTCTATATGAGTT,1
ATGTGATTATGCTCTATATGAGTTA,1
TGTGATTATGCTCTATATGAGTTAG,1
GTGATTATGCTCTATATGAGTTAGT,1
TGATTATGCTCTATATGAGTTAGTG,1
GATTATGCTCTATATGAGTTAGTGT,1
ATTATGCTCTATATGAGTTAGTGTG,1
TTATGCTCTATATGAGTTAGTGTGA,1
TATGCTCTATATGAGTTAGTGTGAA,1
ATGCTCTATATGAGTTAGTGTGAAG,1
AGGCGCCATGGTTCTGCTGCACGTG,1
GGCGCCATGGTTCTGCTGCACGTGC,1
GCGCCATGGTTCTGCTGCACGTGCT,1
CGCCATGGTTCTGCTGCACGTGCTG,1
GCCATGGTTCTGCTGCACGTGCTGT,1
CCATGGTTCTGCTGCACGTGCTGTT,1
CATGGTTCTGCTGCACGTGCTGTTC,1
ATGGTTCTGCTGCACGTGCTGTTCG,1
TGGTTCTGCTGCACGTGCTGTTCGA,1
GGTTCTGCTGCACGTGCTGTTCGAG,1
GTTCTGCTGCACGTGCTGTTCGAGC,1
TTCTGCTGCACGTGCTGTTCGAGCA,1
TCTGCTGCACGTGCTGTTCGAGCAT,1
CTGCTGCACGTGCTGTTCGAGCATG,1
TGCTGCACGTGCTGTTCGAGCATGC,1
GCTGCACGTGCTGTTCGAGCATGCG,1
CTGCACGTGCTGTTCGAGCATGCGG,1
TGCACGTGCTGTTCGAGCATGCGGT,1
GCACGTGCTGTTCGAGCATGCGGTC,1
CACGTGCTGTTCGAGCATGCGGTCG,1
ACGTGCTGTTCGAGCATGCGGTCGG,1
CGTGCTGTTCGAGCATGCGGTCGGC,1
GTGCTGTTCGAGCATGCGGTCGGCT,1
TGCTGTTCGAGCATGCGGTCGGCTA,1
GCTGTTCGAGCATGCGGTCGGCTAC,1
CTGTTCGAGCATGCGGTCGGCTACG,1
TGTTCGAGCATGCGGTCGGCTACGC,1
GTTCGAGCATGCGGTCGGCTACGCG,1
TTCGAGCATGCGGTCGGCTACGCGC,1
TCGAGCATGCGGTCGGCTACGCGCT,1
CGAGCATGCGGTCGGCTACGCGCTG,1
GAGCATGCGGTCGGCTACGCGCTGT,1
AGCATGCGGTCGGCTACGCGCTGTT,1
GCATGCGGTCGGCTACGCGCTGTTG,1
CATGCGGTCGGCTACGCGCTGTTGG,1
ATGCGGTCGGCTACGCGCTGTTGGC,1
TGCGGTCGGCTACGCGCTGTTGGCG,1
GCGGTCGGCTACGCGCTGTTGGCGC,1
CGGTCGGCTACGCGCTGTTGGCGCT,1
GGTCGGCTACGCGCTGTTGGCGCTG,1
GTCGGCTACGCGCTGTTGGCGCTGA,1
TCGGCTACGCGCTGTTGGCGCTGAA,1
CGGCTACGCGCTGTTGGCGCTGAAG,1
GGCTACGCGCTGTTGGCGCTGAAGG,1
GCTACGCGCTGTTGGCGCTGAAGGA,1
CTACGCGCTGTTGGCGCTGAAGGAA,1
TACGCGCTGTTGGCGCTGAAGGAAG,1
ACGCGCTGTTGGCGCTGAAGGAAGT,1
CGCGCTGTTGGCGCTGAAGGAAGTG,1
GCGCTGTTGGCGCTGAAGGAAGTGG,1
CGCTGTTGGCGCTGAAGGAAGTGGA,1
GCTGTTGGCGCTGAAGGAAGTGGAG,1
CTGTTGGCGCTGAAGGAAGTGGAGG,1
TGTTGGCGCTGAAGGAAGTGGAGGA,1
GTTGGCGCTGAAGGAAGTGGAGGAG,1
TTGGCGCTGAAGGAAGTGGAGGAGA,1
TGGCGCTGAAGGAAGTGGAGGAGAT,1
GGCGCTGAAGGAAGTGGAGGAGATC,1
GCGCTGAAGGAAGTGGAGGAGATCA,1
CGCTGAAGGAAGTGGAGGAGATCAG,1
GCTGAAGGAAGTGGAGGAGATCAGC,1
CTGAAGGAAGTGGAGGAGATCAGCC,1
TGAAGGAAGTGGAGGAGATCAGCCT,1
GAAGGAAGTGGAGGAGATCAGCCTG,1
AAGGAAGTGGAGGAGATCAGCCTGC,1
AGGAAGTGGAGGAGATCAGCCTGCT,1
GGAAGTGGAGGAGATCAGCCTGCTG,1
GAAGTGGAGGAGATCAGCCTGCTGC,1
AAGTGGAGGAGATCAGCCTGCTGCT,1
AGTGGAGGAGATCAGCCTGCTGCTG,1
GTGGAGGAGATCAGCCTGCTGCTGC,1
TGGAGGAGATCAGCCTGCTGCTGCC,1
GGAGGAGATCAGCCTGCTGCTGCCG,1
GAGGAGATCAGCCTGCTGCTGCCGC,1
AGGAGATCAGCCTGCTGCTGCCGCA,1
GGAGATCAGCCTGCTGCTGCCGCAG,1
CACACACACACACACAGGACCAGGC,1
ACACACACACACACAGGACCAGGCC,1
CACACACACACACAGGACCAGGCCA,1
ACACACACACACAGGACCAGGCCAC,1
CACACACACACAGGACCAGGCCACC,1
ACACACACACAGGACCAGGCCACCC,1
CACACACACAGGACCAGGCCACCCC,1
ACACACACAGGACCAGGCCACCCCA,1
CACACACAGGACCAGGCCACCCCAG,1
ACACACAGGACCAGGCCACCCCAGC,1
CACACAGGACCAGGCCACCCCAGCA,1
ACACAGGACCAGGCCACCCCAGCAC,1
CACAGGACCAGGCCACCCCAGCACA,1
ACAGGACCAGGCCACCCCAGCACAC,1
CAGGACCAGGCCACCCCAGCACACA,1
AGGACCAGGCCACCCCAGCACACAC,1
GGACCAGGCCACCCCAGCACACACA,1
GACCAGGCCACCCCAGCACACACAC,1
ACCAGGCCACCCCAGCACACACACA,1
CCAGGCCACCCCAGCACACACACAC,1
CAGGCCACCCCAGCACACACACACA,1
AGGCCACCCCAGCACACACACACAC,1
GGCCACCCCAGCACACACACACACA,1
GCCACCCCAGCACACACACACACAC,1
CCACCCCAGCACACACACACACACG,1
CACCCCAGCACACACACACACACGC,1
ACCCCAGCACACACACACACACGCA,1
CCCCAGCACACACACACACACGCAC,1
CCCAGCACACACACACACACGCACA,1
CCAGCACACACACACACACGCACAC,1
CAGCACACACACACACACGCACACA,1
AGCACACACACACACACGCACACAC,1
GCACACACACACACACGCACACACA,1
CACACACACACACACGCACACACAC,1
ACACACACACACACGCACACACACG,1
CACACACACACACGCACACACACGC,1
ACACACACACACGCACACACACGCA,1
CACACACACACGCACACACACGCAC,1
ACACACACACGCACACACACGCACA,1
CACACACACGCACACACACGCACAC,1
ACACACACGCACACACACGCACACG,1
CACACACGCACACACACGCACACGC,1
ACACACGCACACACACGCACACGCA,1
CACACGCACACACACGCACACGCAC,1
ACACGCACACACACGCACACGCACG,1
CACGCACACACACGCACACGCACGC,1
ACGCACACACACGCACACGCACGCA,1
CGCACACACACGCACACGCACGCAC,1
GCACACACACGCACACGCACGCACA,1
CACACACACGCACACGCACGCACAC,1
ACACACACGCACACGCACGCACACA,1
CACACACGCACACGCACGCACACAC,1
ACACACGCACACGCACGCACACACA,1
CACACGCACACGCACGCACACACAC,1
ACACGCACACGCACGCACACACACA,1
CACGCACACGCACGCACACACACAC,1
ACGCACACGCACGCACACACACACA,1
CGCACACGCACGCACACACACACAC,1
GCACACGCACGCACACACACACACA,1
CACACGCACGCACACACACACACAC,1
ACACGCACGCACACACACACACACA,1
CACGCACGCACACACACACACACAC,1
ACGCACGCACACACACACACACACA,1
CGCACGCACACACACACACACACAC,1
GCACGCACACACACACACACACACA,1
CACGCACACACACACACACACACAC,1
ACGCACACACACACACACACACACA,1
CGCACACACACACACACACACACAC,1
GCACACACACACACACACACACACA,1
AAGGTACCTCGGAGTCCTGATCTAC,1
AGGTACCTCGGAGTCCTGATCTACC,1
GGTACCTCGGAGTCCTGATCTACCT,1
GTACCTCGGAGTCCTGATCTACCTA,1
TACCTCGGAGTCCTGATCTACCTAA,1
ACCTCGGAGTCCTGATCTACCTAAT,1
CCTCGGAGTCCTGATCTACCTAATG,1
CTCGGAGTCCTGATCTACCTAATGC,1
TCGGAGTCCTGATCTACCTAATGCA,1
CGGAGTCCTGATCTACCTAATGCAG,1
GGAGTCCTGATCTACCTAATGCAGC,1
GAGTCCTGATCTACCTAATGCAGCA,1
AGTCCTGATCTACCTAATGCAGCAC,1
GTCCTGATCTACCTAATGCAGCACA,1
TCCTGATCTACCTAATGCAGCACAG,1
CCTGATCTACCTAATGCAGCACAGG,1
CTGATCTACCTAATGCAGCACAGGC,1
TGATCTACCTAATGCAGCACAGGCA,1
GATCTACCTAATGCAGCACAGGCAC,1
ATCTACCTAATGCAGCACAGGCACA,1
TCTACCTAATGCAGCACAGGCACAG,1
CTACCTAATGCAGCACAGGCACAGA,1
TACCTAATGCAGCACAGGCACAGAA,1
ACCTAATGCAGCACAGGCACAGAAA,1
CCTAATGCAGCACAGGCACAGAAAG,1
CTAATGCAGCACAGGCACAGAAAGA,1
TAATGCAGCACAGGCACAGAAAGAG,1
AATGCAGCACAGGCACAGAAAGAGG,1
ATGCAGCACAGGCACAGAAAGAGGA,1
TGCAGCACAGGCACAGAAAGAGGAA,1
GCAGCACAGGCACAGAAAGAGGAAC,1
CAGCACAGGCACAGAAAGAGGAACA,1
AGCACAGGCACAGAAAGAGGAACAG,1
GCACAGGCACAGAAAGAGGAACAGC,1
CACAGGCACAGAAAGAGGAACAGCT,1
ACAGGCACAGAAAGAGGAACAGCTA,1
CAGGCACAGAAAGAGGAACAGCTAA,1
AGGCACAGAAAGAGGAACAGCTAAA,1
GGCACAGAAAGAGGAACAGCTAAAA,1
GCACAGAAAGAGGAACAGCTAAAAA,1
CACAGAAAGAGGAACAGCTAAAAAT,1
ACAGAAAGAGGAACAGCTAAAAATT,1
CAGAAAGAGGAACAGCTAAAAATTG,1
AGAAAGAGGAACAGCTAAAAATTGA,1
GAAAGAGGAACAGCTAAAAATTGAT,1
AAAGAGGAACAGCTAAAAATTGATG,1
AAGAGGAACAGCTAAAAATTGATGA,1
AGAGGAACAGCTAAAAATTGATGAA,1
GAGGAACAGCTAAAAATTGATGAAG,1
AGGAACAGCTAAAAATTGATGAAGC,1
GGAACAGCTAAAAATTGATGAAGCA,1
GAACAGCTAAAAATTGATGAAGCAG,1
AACAGCTAAAAATTGATGAAGCAGA,1
ACAGCTAAAAATTGATGAAGCAGAG,1
CAGCTAAAAATTGATGAAGCAGAGC,1
AGCTAAAAATTGATGAAGCAGAGCC,1
GCTAAAAATTGATGAAGCAGAGCCC,1
CTAAAAATTGATGAAGCAGAGCCCC,1
TAAAAATTGATGAAGCAGAGCCCCT,1
AAAAATTGATGAAGCAGAGCCCCTC,1
AAAATTGATGAAGCAGAGCCCCTCA,1
AAATTGATGAAGCAGAGCCCCTCAA,1
AATTGATGAAGCAGAGCCCCTCAAT,1
ATTGATGAAGCAGAGCCCCTCAATG,1
TTGATGAAGCAGAGCCCCTCAATGA,1
TGATGAAGCAGAGCCCCTCAATGAC,1
GATGAAGCAGAGCCCCTCAATGACG,1
ATGAAGCAGAGCCCCTCAATGACGA,1
TGAAGCAGAGCCCCTCAATGACGAG,1
GAAGCAGAGCCCCTCAATGACGAGG,1
AAGCAGAGCCCCTCAATGACGAGGA,1
AGCAGAGCCCCTCAATGACGAGGAG,1
GCAGAGCCCCTCAATGACGAGGAGT,1
CAGAGCCCCTCAATGACGAGGAGTT,1
AGAGCCCCTCAATGACGAGGAGTTA,1
GAGCCCCTCAATGACGAGGAGTTAG,1
GGCAGAGCGCAGAGCATCGGCAGAA,1
GCAGAGCGCAGAGCATCGGCAGAAG,1
CAGAGCGCAGAGCATCGGCAGAAGG,1
AGAGCGCAGAGCATCGGCAGAAGGG,1
GAGCGCAGAGCATCGGCAGAAGGGG,1
AGCGCAGAGCATCGGCAGAAGGGGC,1
GCGCAGAGCATCGGCAGAAGGGGCA,1
CGCAGAGCATCGGCAGAAGGGGCAA,1
GCAGAGCATCGGCAGAAGGGGCAAA,1
CAGAGCATCGGCAGAAGGGGCAAAG,1
AGAGCATCGGCAGAAGGGGCAAAGT,1
GAGCATCGGCAGAAGGGGCAAAGTA,1
AGCATCGGCAGAAGGGGCAAAGTAG,1
GCATCGGCAGAAGGGGCAAAGTAGA,1
CATCGGCAGAAGGGGCAAAGTAGAG,1
ATCGGCAGAAGGGGCAAAGTAGAGC,1
TCGGCAGAAGGGGCAAAGTAGAGCA,1
CGGCAGAAGGGGCAAAGTAGAGCAG,1
GGCAGAAGGGGCAAAGTAGAGCAGC,1
GCAGAAGGGGCAAAGTAGAGCAGCT,1
CAGAAGGGGCAAAGTAGAGCAGCTA,1
AGAAGGGGCAAAGTAGAGCAGCTAT,1
GAAGGGGCAAAGTAGAGCAGCTATC,1
AAGGGGCAAAGTAGAGCAGCTATCT,1
AGGGGCAAAGTAGAGCAGCTATCTC,1
GGGGCAAAGTAGAGCAGCTATCTCC,1
GGGCAAAGTAGAGCAGCTATCTCCT,1
GGCAAAGTAGAGCAGCTATCTCCTG,1
GCAAAGTAGAGCAGCTATCTCCTGA,1
CAAAGTAGAGCAGCTATCTCCTGAA,1
AAAGTAGAGCAGCTATCTCCTGAAG,1
AAGTAGAGCAGCTATCTCCTGAAGA,1
AGTAGAGCAGCTATCTCCTGAAGAG,1
GTAGAGCAGCTATCTCCTGAAGAGG,1
TAGAGCAGCTATCTCCTGAAGAGGA,1
AGAGCAGCTATCTCCTGAAGAGGAA,1
GAGCAGCTATCTCCTGAAGAGGAAG,1
AGCAGCTATCTCCTGAAGAGGAAGA,1
GCAGCTATCTCCTGAAGAGGAAGAG,1
CAGCTATCTCCTGAAGAGGAAGAGA,1
AGCTATCTCCTGAAGAGGAAGAGAA,1
GCTATCTCCTGAAGAGGAAGAGAAA,1
CTATCTCCTGAAGAGGAAGAGAAAC,1
TATCTCCTGAAGAGGAAGAGAAACG,1
ATCTCCTGAAGAGGAAGAGAAACGG,1
TCTCCTGAAGAGGAAGAGAAACGGA,1
CTCCTGAAGAGGAAGAGAAACGGAG,1
TCCTGAAGAGGAAGAGAAACGGAGA,1
CCTGAAGAGGAAGAGAAACGGAGAA,1
CTGAAGAGGAAGAGAAACGGAGAAT,1
TGAAGAGGAAGAGAAACGGAGAATC,1
GAAGAGGAAGAGAAACGGAGAATCC,1
AAGAGGAAGAGAAACGGAGAATCCG,1
AGAGGAAGAGAAACGGAGAATCCGA,1
GAGGAAGAGAAACGGAGAATCCGAA,1
AGGAAGAGAAACGGAGAATCCGAAG,1
GGAAGAGAAACGGAGAATCCGAAGG,1
GAAGAGAAACGGAGAATCCGAAGGG,1
AAGAGAAACGGAGAATCCGAAGGGA,1
AGAGAAACGGAGAATCCGAAGGGAA,1
GAGAAACGGAGAATCCGAAGGGAAC,1
AGAAACGGAGAATCCGAAGGGAACG,1
GAAACGGAGAATCCGAAGGGAACGG,1
AAACGGAGAATCCGAAGGGAACGGA,1
AACGGAGAATCCGAAGGGAACGGAA,1
ACGGAGAATCCGAAGGGAACGGAAT,1
CGGAGAATCCGAAGGGAACGGAATA,1
GGAGAATCCGAAGGGAACGGAATAA,1
GAGAATCCGAAGGGAACGGAATAAG,1
AGAATCCGAAGGGAACGGAATAAGA,1
GAATCCGAAGGGAACGGAATAAGAT,1
AATCCGAAGGGAACGGAATAAGATG,1
ATCCGAAGGGAACGGAATAAGATGG,1
TCCGAAGGGAACGGAATAAGATGGC,1
CCGAAGGGAACGGAATAAGATGGCT,1
CGAAGGGAACGGAATAAGATGGCTG,1
TTCAGCTTCAACATGATTCTCAGGT,1
TCAGCTTCAACATGATTCTCAGGTT,1
CAGCTTCAACATGATTCTCAGGTTC,1
AGCTTCAACATGATTCTCAGGTTCT,1
GCTTCAACATGATTCTCAGGTTCTT,1
CTTCAACATGATTCTCAGGTTCTTC,1
TTCAACATGATTCTCAGGTTCTTCA,1
TCAACATGATTCTCAGGTTCTTCAG,1
CAACATGATTCTCAGGTTCTTCAGT,1
AACATGATTCTCAGGTTCTTCAGTG,1
ACATGATTCTCAGGTTCTTCAGTGG,1
CATGATTCTCAGGTTCTTCAGTGGA,1
ATGATTCTCAGGTTCTTCAGTGGAT,1
TGATTCTCAGGTTCTTCAGTGGATT,1
GATTCTCAGGTTCTTCAGTGGATTC,1
ATTCTCAGGTTCTTCAGTGGATTCT,1
TTCTCAGGTTCTTCAGTGGATTCTT,1
TCTCAGGTTCTTCAGTGGATTCTTC,1
CTCAGGTTCTTCAGTGGATTCTTCT,1
TCAGGTTCTTCAGTGGATTCTTCTT,1
CAGGTTCTTCAGTGGATTCTTCTTC,1
AGGTTCTTCAGTGGATTCTTCTTCA,1
GGTTCTTCAGTGGATTCTTCTTCAA,1
GTTCTTCAGTGGATTCTTCTTCAAG,1
TTCTTCAGTGGATTCTTCTTCAAGA,1
TCTTCAGTGGATTCTTCTTCAAGAC,1
CTTCAGTGGATTCTTCTTCAAGACT,1
TTCAGTGGATTCTTCTTCAAGACTC,1
TCAGTGGATTCTTCTTCAAGACTCT,1
CAGTGGATTCTTCTTCAAGACTCTG,1
AGTGGATTCTTCTTCAAGACTCTGC,1
GTGGATTCTTCTTCAAGACTCTGCG,1
TGGATTCTTCTTCAAGACTCTGCGA,1
GGATTCTTCTTCAAGACTCTGCGAT,1
GATTCTTCTTCAAGACTCTGCGATG,1
ATTCTTCTTCAAGACTCTGCGATGA,1
TTCTTCTTCAAGACTCTGCGATGAA,1
TCTTCTTCAAGACTCTGCGATGAAT,1
CTTCTTCAAGACTCTGCGATGAATC,1
TTCTTCAAGACTCTGCGATGAATCT,1
TCTTCAAGACTCTGCGATGAATCTT,1
CTTCAAGACTCTGCGATGAATCTTC,1
TTCAAGACTCTGCGATGAATCTTCT,1
TCAAGACTCTGCGATGAATCTTCTT,1
CAAGACTCTGCGATGAATCTTCTTG,1
AAGACTCTGCGATGAATCTTCTTGC,1
AGACTCTGCGATGAATCTTCTTGCG,1
GACTCTGCGATGAATCTTCTTGCGT,1
ACTCTGCGATGAATCTTCTTGCGTG,1
CTCTGCGATGAATCTTCTTGCGTGG,1
TCTGCGATGAATCTTCTTGCGTGGT,1
CTGCGATGAATCTTCTTGCGTGGTG,1
TGCGATGAATCTTCTTGCGTGGTGC,1
GCGATGAATCTTCTTGCGTGGTGCT,1
CGATGAATCTTCTTGCGTGGTGCTC,1
GATGAATCTTCTTGCGTGGTGCTCG,1
ATGAATCTTCTTGCGTGGTGCTCGG,1
TGAATCTTCTTGCGTGGTGCTCGGA,1
GAATCTTCTTGCGTGGTGCTCGGAG,1
AATCTTCTTGCGTGGTGCTCGGAGG,1
ATCTTCTTGCGTGGTGCTCGGAGGG,1
TCTTCTTGCGTGGTGCTCGGAGGGC,1
CTTCTTGCGTGGTGCTCGGAGGGCT,1
TTCTTGCGTGGTGCTCGGAGGGCTC,1
TCTTGCGTGGTGCTCGGAGGGCTCT,1
CTTGCGTGGTGCTCGGAGGGCTCTT,1
TTGCGTGGTGCTCGGAGGGCTCTTT,1
TGCGTGGTGCTCGGAGGGCTCTTTG,1
GCGTGGTGCTCGGAGGGCTCTTTGG,1
CGTGGTGCTCGGAGGGCTCTTTGGA,1
GTGGTGCTCGGAGGGCTCTTTGGAT,1
TGGTGCTCGGAGGGCTCTTTGGATT,1
GGTGCTCGGAGGGCTCTTTGGATTT,1
GTGCTCGGAGGGCTCTTTGGATTTC,1
TGCTCGGAGGGCTCTTTGGATTTCT,1
GCTCGGAGGGCTCTTTGGATTTCTG,1
GGTAGCTTCTCTTCCAACTCAGCCA,1
GTAGCTTCTCTTCCAACTCAGCCAG,1
TAGCTTCTCTTCCAACTCAGCCAGG,1
AGCTTCTCTTCCAACTCAGCCAGGC,1
GCTTCTCTTCCAACTCAGCCAGGCG,1
CTTCTCTTCCAACTCAGCCAGGCGC,1
TTCTCTTCCAACTCAGCCAGGCGCT,1
TCTCTTCCAACTCAGCCAGGCGCTC,1
CTCTTCCAACTCAGCCAGGCGCTCA,1
TCTTCCAACTCAGCCAGGCGCTCAT,1
CTTCCAACTCAGCCAGGCGCTCATG,1
TTCCAACTCAGCCAGGCGCTCATGT,1
TCCAACTCAGCCAGGCGCTCATGTG,1
CCAACTCAGCCAGGCGCTCATGTGC,1
CAACTCAGCCAGGCGCTCATGTGCT,1
AACTCAGCCAGGCGCTCATGTGCTT,1
ACTCAGCCAGGCGCTCATGTGCTTC,1
CTCAGCCAGGCGCTCATGTGCTTCC,1
TCAGCCAGGCGCTCATGTGCTTCCT,1
CAGCCAGGCGCTCATGTGCTTCCTG,1
AGCCAGGCGCTCATGTGCTTCCTGC,1
GCCAGGCGCTCATGTGCTTCCTGCC,1
CCAGGCGCTCATGTGCTTCCTGCCA,1
CAGGCGCTCATGTGCTTCCTGCCAA,1
AGGCGCTCATGTGCTTCCTGCCAAT,1
GGCGCTCATGTGCTTCCTGCCAATC,1
GCGCTCATGTGCTTCCTGCCAATCA,1
CGCTCATGTGCTTCCTGCCAATCAT,1
GCTCATGTGCTTCCTGCCAATCATC,1
CTCATGTGCTTCCTGCCAATCATCA,1
TCATGTGCTTCCTGCCAATCATCAT,1
CATGTGCTTCCTGCCAATCATCATC,1
ATGTGCTTCCTGCCAATCATCATCA,1
TGTGCTTCCTGCCAATCATCATCAA,1
GTGCTTCCTGCCAATCATCATCAAC,1
TGCTTCCTGCCAATCATCATCAACT,1
GCTTCCTGCCAATCATCATCAACTG,1
CTTCCTGCCAATCATCATCAACTGC,1
TTCCTGCCAATCATCATCAACTGCA,1
TCCTGCCAATCATCATCAACTGCAC,1
CCTGCCAATCATCATCAACTGCACC,1
CTGCCAATCATCATCAACTGCACCT,1
TGCCAATCATCATCAACTGCACCTG,1
GCCAATCATCATCAACTGCACCTGA,1
CCAATCATCATCAACTGCACCTGAC,1
CAATCATCATCAACTGCACCTGACC,1
AATCATCATCAACTGCACCTGACCC,1
ATCATCATCAACTGCACCTGACCCA,1
TCATCATCAACTGCACCTGACCCAA,1
CATCATCAACTGCACCTGACCCAAA,1
ATCATCAACTGCACCTGACCCAAAG,1
TCATCAACTGCACCTGACCCAAAGG,1
CATCAACTGCACCTGACCCAAAGGT,1
ATCAACTGCACCTGACCCAAAGGTA,1
TCAACTGCACCTGACCCAAAGGTAT,1
CAACTGCACCTGACCCAAAGGTATC,1
AACTGCACCTGACCCAAAGGTATCA,1
ACTGCACCTGACCCAAAGGTATCAT,1
CTGCACCTGACCCAAAGGTATCATC,1
TGCACCTGACCCAAAGGTATCATCA,1
GCACCTGACCCAAAGGTATCATCAT,1
CACCTGACCCAAAGGTATCATCATT,1
ACCTGACCCAAAGGTATCATCATTA,1
CCTGACCCAAAGGTATCATCATTAA,1
CTGACCCAAAGGTATCATCATTAAA,1
TGACCCAAAGGTATCATCATTAAAT,1
GACCCAAAGGTATCATCATTAAATT,1
ACCCAAAGGTATCATCATTAAATTG,1
CCCAAAGGTATCATCATTAAATTGA,1
CCAAAGGTATCATCATTAAATTGAT,1
CAAAGGTATCATCATTAAATTGATC,1
AAAGGTATCATCATTAAATTGATCA,1
AAGGTATCATCATTAAATTGATCAA,1
AGGTATCATCATTAAATTGATCAAT,1
GGTATCATCATTAAATTGATCAATT,1
GTATCATCATTAAATTGATCAATTT,1
AGCATGAGACCTCTCTGTATCTTGA,1
GCATGAGACCTCTCTGTATCTTGAC,1
CATGAGACCTCTCTGTATCTTGACA,1
ATGAGACCTCTCTGTATCTTGACAT,1
TGAGACCTCTCTGTATCTTGACATT,1
GAGACCTCTCTGTATCTTGACATTA,1
AGACCTCTCTGTATCTTGACATTAG,1
GACCTCTCTGTATCTTGACATTAGC,1
ACCTCTCTGTATCTTGACATTAGCT,1
CCTCTCTGTATCTTGACATTAGCTG,1
CTCTCTGTATCTTGACATTAGCTGA,1
TCTCTGTATCTTGACATTAGCTGAG,1
CTCTGTATCTTGACATTAGCTGAGG,1
TCTGTATCTTGACATTAGCTGAGGC,1
CTGTATCTTGACATTAGCTGAGGCC,1
TGTATCTTGACATTAGCTGAGGCCT,1
GTATCTTGACATTAGCTGAGGCCTG,1
TATCTTGACATTAGCTGAGGCCTGT,1
ATCTTGACATTAGCTGAGGCCTGTT,1
TCTTGACATTAGCTGAGGCCTGTTT,1
CTTGACATTAGCTGAGGCCTGTTTA,1
TTGACATTAGCTGAGGCCTGTTTAT,1
TGACATTAGCTGAGGCCTGTTTATC,1
GACATTAGCTGAGGCCTGTTTATCT,1
ACATTAGCTGAGGCCTGTTTATCTA,1
CATTAGCTGAGGCCTGTTTATCTAT,1
ATTAGCTGAGGCCTGTTTATCTATG,1
TTAGCTGAGGCCTGTTTATCTATGA,1
TAGCTGAGGCCTGTTTATCTATGAC,1
AGCTGAGGCCTGTTTATCTATGACT,1
GCTGAGGCCTGTTTATCTATGACTG,1
CTGAGGCCTGTTTATCTATGACTGT,1
TGAGGCCTGTTTATCTATGACTGTA,1
GAGGCCTGTTTATCTATGACTGTAG,1
AGGCCTGTTTATCTATGACTGTAGT,1
GGCCTGTTTATCTATGACTGTAGTC,1
GCCTGTTTATCTATGACTGTAGTCA,1
CCTGTTTATCTATGACTGTAGTCAC,1
CTGTTTATCTATGACTGTAGTCACT,1
TGTTTATCTATGACTGTAGTCACTG,1
GTTTATCTATGACTGTAGTCACTGA,1
TTTATCTATGACTGTAGTCACTGAG,1
TTATCTATGACTGTAGTCACTGAGG,1
TATCTATGACTGTAGTCACTGAGGC,1
ATCTATGACTGTAGTCACTGAGGCT,1
TCTATGACTGTAGTCACTGAGGCTG,1
CTATGACTGTAGTCACTGAGGCTGA,1
TATGACTGTAGTCACTGAGGCTGAC,1
ATGACTGTAGTCACTGAGGCTGACA,1
TGACTGTAGTCACTGAGGCTGACAA,1
GACTGTAGTCACTGAGGCTGACAAA,1
ACTGTAGTCACTGAGGCTGACAAAG,1
CTGTAGTCACTGAGGCTGACAAAGT,1
TGTAGTCACTGAGGCTGACAAAGTG,1
GTAGTCACTGAGGCTGACAAAGTGT,1
TAGTCACTGAGGCTGACAAAGTGTT,1
AGTCACTGAGGCTGACAAAGTGTTA,1
GTCACTGAGGCTGACAAAGTGTTAA,1
TCACTGAGGCTGACAAAGTGTTAAT,1
CACTGAGGCTGACAAAGTGTTAATG,1
ACTGAGGCTGACAAAGTGTTAATGG,1
CTGAGGCTGACAAAGTGTTAATGGT,1
TGAGGCTGACAAAGTGTTAATGGTG,1
GAGGCTGACAAAGTGTTAATGGTGT,1
AGGCTGACAAAGTGTTAATGGTGTC,1
GGCTGACAAAGTGTTAATGGTGTCA,1
GCTGACAAAGTGTTAATGGTGTCAG,1
CTGACAAAGTGTTAATGGTGTCAGT,1
TGACAAAGTGTTAATGGTGTCAGTC,1
GACAAAGTGTTAATGGTGTCAGTCG,1
ACAAAGTGTTAATGGTGTCAGTCGT,1
CAAAGTGTTAATGGTGTCAGTCGTC,1
AAAGTGTTAATGGTGTCAGTCGTCT,1
AAGTGTTAATGGTGTCAGTCGTCTG,1
AGTGTTAATGGTGTCAGTCGTCTGG,1
GTGTTAATGGTGTCAGTCGTCTGGA,1
AGCTCTGGAGCCCCACAGTAGACAA,1
GCTCTGGAGCCCCACAGTAGACAAC,1
CTCTGGAGCCCCACAGTAGACAACG,1
TCTGGAGCCCCACAGTAGACAACGC,1
CTGGAGCCCCACAGTAGACAACGCA,1
TGGAGCCCCACAGTAGACAACGCAG,1
GGAGCCCCACAGTAGACAACGCAGA,1
GAGCCCCACAGTAGACAACGCAGAC,1
AGCCCCACAGTAGACAACGCAGACC,1
GCCCCACAGTAGACAACGCAGACCC,1
CCCCACAGTAGACAACGCAGACCCT,1
CCCACAGTAGACAACGCAGACCCTG,1
CCACAGTAGACAACGCAGACCCTGA,1
CACAGTAGACAACGCAGACCCTGAA,1
ACAGTAGACAACGCAGACCCTGAAG,1
CAGTAGACAACGCAGACCCTGAAGA,1
AGTAGACAACGCAGACCCTGAAGAA,1
GTAGACAACGCAGACCCTGAAGAAA,1
TAGACAACGCAGACCCTGAAGAAAA,1
AGACAACGCAGACCCTGAAGAAAAG,1
GACAACGCAGACCCTGAAGAAAAGG,1
ACAACGCAGACCCTGAAGAAAAGGA,1
CAACGCAGACCCTGAAGAAAAGGAT,1
AACGCAGACCCTGAAGAAAAGGATT,1
ACGCAGACCCTGAAGAAAAGGATTG,1
CGCAGACCCTGAAGAAAAGGATTGT,1
GCAGACCCTGAAGAAAAGGATTGTC,1
CAGACCCTGAAGAAAAGGATTGTCT,1
AGACCCTGAAGAAAAGGATTGTCTT,1
GACCCTGAAGAAAAGGATTGTCTTT,1
ACCCTGAAGAAAAGGATTGTCTTTT,1
CCCTGAAGAAAAGGATTGTCTTTTT,1
CCTGAAGAAAAGGATTGTCTTTTTG,1
CTGAAGAAAAGGATTGTCTTTTTGA,1
TGAAGAAAAGGATTGTCTTTTTGAA,1
GAAGAAAAGGATTGTCTTTTTGAAA,1
AAGAAAAGGATTGTCTTTTTGAAAA,1
AGAAAAGGATTGTCTTTTTGAAAAC,1
GAAAAGGATTGTCTTTTTGAAAACC,1
AAAAGGATTGTCTTTTTGAAAACCA,1
AAAGGATTGTCTTTTTGAAAACCAC,1
AAGGATTGTCTTTTTGAAAACCACT,1
AGGATTGTCTTTTTGAAAACCACTC,1
GGATTGTCTTTTTGAAAACCACTCT,1
GATTGTCTTTTTGAAAACCACTCTG,1
ATTGTCTTTTTGAAAACCACTCTGA,1
TTGTCTTTTTGAAAACCACTCTGAG,1
TGTCTTTTTGAAAACCACTCTGAGG,1
GTCTTTTTGAAAACCACTCTGAGGT,1
TCTTTTTGAAAACCACTCTGAGGTG,1
CTTTTTGAAAACCACTCTGAGGTGG,1
TTTTTGAAAACCACTCTGAGGTGGA,1
TTTTGAAAACCACTCTGAGGTGGAG,1
TTTGAAAACCACTCTGAGGTGGAGC,1
TTGAAAACCACTCTGAGGTGGAGCC,1
TGAAAACCACTCTGAGGTGGAGCCC,1
GAAAACCACTCTGAGGTGGAGCCCC,1
AAAACCACTCTGAGGTGGAGCCCCT,1
AAACCACTCTGAGGTGGAGCCCCTT,1
AACCACTCTGAGGTGGAGCCCCTTC,1
ACCACTCTGAGGTGGAGCCCCTTCC,1
CCACTCTGAGGTGGAGCCCCTTCCG,1
CACTCTGAGGTGGAGCCCCTTCCGG,1
ACTCTGAGGTGGAGCCCCTTCCGGG,1
CTCTGAGGTGGAGCCCCTTCCGGGA,1
TCTGAGGTGGAGCCCCTTCCGGGAA,1
CTGAGGTGGAGCCCCTTCCGGGAAT,1
TGAGGTGGAGCCCCTTCCGGGAATT,1
GAGGTGGAGCCCCTTCCGGGAATTC,1
AGGTGGAGCCCCTTCCGGGAATTCA,1
GGTGGAGCCCCTTCCGGGAATTCAG,1
GTGGAGCCCCTTCCGGGAATTCAGC,1
TGGAGCCCCTTCCGGGAATTCAGCC,1
GGAGCCCCTTCCGGGAATTCAGCCC,1
GAGCCCCTTCCGGGAATTCAGCCCA,1
AGCCCCTTCCGGGAATTCAGCCCAG,1
AAACTAGCAGCCTCCCTAGGGGAGG,1
AACTAGCAGCCTCCCTAGGGGAGGT,1
ACTAGCAGCCTCCCTAGGGGAGGTT,1
CTAGCAGCCTCCCTAGGGGAGGTTT,1
TAGCAGCCTCCCTAGGGGAGGTTTT,1
AGCAGCCTCCCTAGGGGAGGTTTTT,1
GCAGCCTCCCTAGGGGAGGTTTTTT,1
CAGCCTCCCTAGGGGAGGTTTTTTT,1
AGCCTCCCTAGGGGAGGTTTTTTTT,1
GCCTCCCTAGGGGAGGTTTTTTTTC,1
CCTCCCTAGGGGAGGTTTTTTTTCC,1
CTCCCTAGGGGAGGTTTTTTTTCCC,1
TCCCTAGGGGAGGTTTTTTTTCCCT,1
CCCTAGGGGAGGTTTTTTTTCCCTT,1
CCTAGGGGAGGTTTTTTTTCCCTTC,1
CTAGGGGAGGTTTTTTTTCCCTTCC,1
TAGGGGAGGTTTTTTTTCCCTTCCT,1
AGGGGAGGTTTTTTTTCCCTTCCTG,1
GGGGAGGTTTTTTTTCCCTTCCTGC,1
GGGAGGTTTTTTTTCCCTTCCTGCT,1
GGAGGTTTTTTTTCCCTTCCTGCTC,1
GAGGTTTTTTTTCCCTTCCTGCTCC,1
AGGTTTTTTTTCCCTTCCTGCTCCC,1
GGTTTTTTTTCCCTTCCTGCTCCCA,1
GTTTTTTTTCCCTTCCTGCTCCCAG,1
TTTTTTTTCCCTTCCTGCTCCCAGG,1
TTTTTTTCCCTTCCTGCTCCCAGGT,1
TTTTTTCCCTTCCTGCTCCCAGGTG,1
TTTTTCCCTTCCTGCTCCCAGGTGG,1
TTTTCCCTTCCTGCTCCCAGGTGGG,1
TTTCCCTTCCTGCTCCCAGGTGGGG,1
TTCCCTTCCTGCTCCCAGGTGGGGA,1
TCCCTTCCTGCTCCCAGGTGGGGAG,1
CCCTTCCTGCTCCCAGGTGGGGAGT,1
CCTTCCTGCTCCCAGGTGGGGAGTG,1
CTTCCTGCTCCCAGGTGGGGAGTGG,1
TTCCTGCTCCCAGGTGGGGAGTGGC,1
TCCTGCTCCCAGGTGGGGAGTGGCT,1
CCTGCTCCCAGGTGGGGAGTGGCTT,1
CTGCTCCCAGGTGGGGAGTGGCTTA,1
TGCTCCCAGGTGGGGAGTGGCTTAG,1
GCTCCCAGGTGGGGAGTGGCTTAGA,1
CTCCCAGGTGGGGAGTGGCTTAGAT,1
TCCCAGGTGGGGAGTGGCTTAGATC,1
CCCAGGTGGGGAGTGGCTTAGATCC,1
CCAGGTGGGGAGTGGCTTAGATCCT,1
CAGGTGGGGAGTGGCTTAGATCCTC,1
AGGTGGGGAGTGGCTTAGATCCTCT,1
GGTGGGGAGTGGCTTAGATCCTCTT,1
GTGGGGAGTGGCTTAGATCCTCTTT,1
TGGGGAGTGGCTTAGATCCTCTTTG,1
GGGGAGTGGCTTAGATCCTCTTTGG,1
GGGAGTGGCTTAGATCCTCTTTGGG,1
GGAGTGGCTTAGATCCTCTTTGGGA,1
GAGTGGCTTAGATCCTCTTTGGGAA,1
AGTGGCTTAGATCCTCTTTGGGAAG,1
GTGGCTTAGATCCTCTTTGGGAAGG,1
TGGCTTAGATCCTCTTTGGGAAGGT,1
GGCTTAGATCCTCTTTGGGAAGGTA,1
GCTTAGATCCTCTTTGGGAAGGTAG,1
CTTAGATCCTCTTTGGGAAGGTAGC,1
TTAGATCCTCTTTGGGAAGGTAGCT,1
TAGATCCTCTTTGGGAAGGTAGCTG,1
AGATCCTCTTTGGGAAGGTAGCTGA,1
GATCCTCTTTGGGAAGGTAGCTGAG,1
ATCCTCTTTGGGAAGGTAGCTGAGG,1
TCCTCTTTGGGAAGGTAGCTGAGGT,1
CCTCTTTGGGAAGGTAGCTGAGGTG,1
CTCTTTGGGAAGGTAGCTGAGGTGA,1
TCTTTGGGAAGGTAGCTGAGGTGAT,1
CTTTGGGAAGGTAGCTGAGGTGATC,1
TTTGGGAAGGTAGCTGAGGTGATCT,1
TTGGGAAGGTAGCTGAGGTGATCTG,1
TGGGAAGGTAGCTGAGGTGATCTGG,1
GGGAAGGTAGCTGAGGTGATCTGGG,1
GGAAGGTAGCTGAGGTGATCTGGGG,1
AAGGCAGCGGCGGCGGCGGCGGACG,1
AGGCAGCGGCGGCGGCGGCGGACGG,1
GGCAGCGGCGGCGGCGGCGGACGGG,1
GCAGCGGCGGCGGCGGCGGACGGGG,1
CAGCGGCGGCGGCGGCGGACGGGGA,1
AGCGGCGGCGGCGGCGGACGGGGAG,1
GCGGCGGCGGCGGCGGACGGGGAGC,1
CGGCGGCGGCGGCGGACGGGGAGCG,1
GGCGGCGGCGGCGGACGGGGAGCGG,1
GCGGCGGCGGCGGACGGGGAGCGGC,1
CGGCGGCGGCGGACGGGGAGCGGCC,1
GGCGGCGGCGGACGGGGAGCGGCCC,1
GCGGCGGCGGACGGGGAGCGGCCCG,1
CGGCGGCGGACGGGGAGCGGCCCGG,1
GGCGGCGGACGGGGAGCGGCCCGGC,1
GCGGCGGACGGGGAGCGGCCCGGCC,1
CGGCGGACGGGGAGCGGCCCGGCCC,1
GGCGGACGGGGAGCGGCCCGGCCCC,1
GCGGACGGGGAGCGGCCCGGCCCCG,1
CGGACGGGGAGCGGCCCGGCCCCGG,1
GGACGGGGAGCGGCCCGGCCCCGGC,1
GACGGGGAGCGGCCCGGCCCCGGCC,1
ACGGGGAGCGGCCCGGCCCCGGCCC,1
CGGGGAGCGGCCCGGCCCCGGCCCC,1
GGGGAGCGGCCCGGCCCCGGCCCCC,1
GGGAGCGGCCCGGCCCCGGCCCCCT,1
GGAGCGGCCCGGCCCCGGCCCCCTG,1
GAGCGGCCCGGCCCCGGCCCCCTGC,1
AGCGGCCCGGCCCCGGCCCCCTGCT,1
GCGGCCCGGCCCCGGCCCCCTGCTC,1
CGGCCCGGCCCCGGCCCCCTGCTCG,1
GGCCCGGCCCCGGCCCCCTGCTCGT,1
GCCCGGCCCCGGCCCCCTGCTCGTC,1
CCCGGCCCCGGCCCCCTGCTCGTCG,1
CCGGCCCCGGCCCCCTGCTCGTCGG,1
CGGCCCCGGCCCCCTGCTCGTCGGC,1
GGCCCCGGCCCCCTGCTCGTCGGCT,1
GCCCCGGCCCCCTGCTCGTCGGCTG,1
CCCCGGCCCCCTGCTCGTCGGCTGT,1
CCCGGCCCCCTGCTCGTCGGCTGTA,1
CCGGCCCCCTGCTCGTCGGCTGTAG,1
CGGCCCCCTGCTCGTCGGCTGTAGC,1
GGCCCCCTGCTCGTCGGCTGTAGCA,1
GCCCCCTGCTCGTCGGCTGTAGCAG,1
CCCCCTGCTCGTCGGCTGTAGCAGG,1
CCCCTGCTCGTCGGCTGTAGCAGGG,1
CCCTGCTCGTCGGCTGTAGCAGGGC,1
CCTGCTCGTCGGCTGTAGCAGGGCC,1
CTGCTCGTCGGCTGTAGCAGGGCCG,1
TGCTCGTCGGCTGTAGCAGGGCCGC,1
GCTCGTCGGCTGTAGCAGGGCCGCC,1
CTCGTCGGCTGTAGCAGGGCCGCCG,1
TCGTCGGCTGTAGCAGGGCCGCCGG,1
CGTCGGCTGTAGCAGGGCCGCCGGG,1
GTCGGCTGTAGCAGGGCCGCCGGGG,1
TCGGCTGTAGCAGGGCCGCCGGGGG,1
CGGCTGTAGCAGGGCCGCCGGGGGG,1
GGCTGTAGCAGGGCCGCCGGGGGGC,1
GCTGTAGCAGGGCCGCCGGGGGGCC,1
CTGTAGCAGGGCCGCCGGGGGGCCG,1
TGTAGCAGGGCCGCCGGGGGGCCGG,1
GTAGCAGGGCCGCCGGGGGGCCGGC,1
TAGCAGGGCCGCCGGGGGGCCGGCC,1
AGCAGGGCCGCCGGGGGGCCGGCCC,1
GCAGGGCCGCCGGGGGGCCGGCCCG,1
CAGGGCCGCCGGGGGGCCGGCCCGG,1
AGGGCCGCCGGGGGGCCGGCCCGGC,1
GGGCCGCCGGGGGGCCGGCCCGGCC,1
GGCCGCCGGGGGGCCGGCCCGGCCC,1
GCCGCCGGGGGGCCGGCCCGGCCCC,1
CCGCCGGGGGGCCGGCCCGGCCCCC,1
CGCCGGGGGGCCGGCCCGGCCCCCG,1
GCCGGGGGGCCGGCCCGGCCCCCGC,1
CCGGGGGGCCGGCCCGGCCCCCGCC,1
CGGGGGGCCGGCCCGGCCCCCGCCC,1
GGGGGGCCGGCCCGGCCCCCGCCCC,1
TAATGGACCACCTCCTAAGGGGACA,1
AATGGACCACCTCCTAAGGGGACAG,1
ATGGACCACCTCCTAAGGGGACAGT,1
TGGACCACCTCCTAAGGGGACAGTT,1
GGACCACCTCCTAAGGGGACAGTTG,1
GACCACCTCCTAAGGGGACAGTTGG,1
ACCACCTCCTAAGGGGACAGTTGGG,1
CCACCTCCTAAGGGGACAGTTGGGA,1
CACCTCCTAAGGGGACAGTTGGGAG,1
ACCTCCTAAGGGGACAGTTGGGAGA,1
CCTCCTAAGGGGACAGTTGGGAGAC,1
CTCCTAAGGGGACAGTTGGGAGACA,1
TCCTAAGGGGACAGTTGGGAGACAC,1
CCTAAGGGGACAGTTGGGAGACACA,1
CTAAGGGGACAGTTGGGAGACACAT,1
TAAGGGGACAGTTGGGAGACACATC,1
AAGGGGACAGTTGGGAGACACATCT,1
AGGGGACAGTTGGGAGACACATCTA,1
GGGGACAGTTGGGAGACACATCTAC,1
GGGACAGTTGGGAGACACATCTACT,1
GGACAGTTGGGAGACACATCTACTG,1
GACAGTTGGGAGACACATCTACTGT,1
ACAGTTGGGAGACACATCTACTGTT,1
CAGTTGGGAGACACATCTACTGTTC,1
AGTTGGGAGACACATCTACTGTTCC,1
GTTGGGAGACACATCTACTGTTCCA,1
TTGGGAGACACATCTACTGTTCCAG,1
TGGGAGACACATCTACTGTTCCAGG,1
GGGAGACACATCTACTGTTCCAGGC,1
GGAGACACATCTACTGTTCCAGGCT,1
GAGACACATCTACTGTTCCAGGCTT,1
AGACACATCTACTGTTCCAGGCTTG,1
GACACATCTACTGTTCCAGGCTTGG,1
ACACATCTACTGTTCCAGGCTTGGG,1
CACATCTACTGTTCCAGGCTTGGGT,1
ACATCTACTGTTCCAGGCTTGGGTC,1
CATCTACTGTTCCAGGCTTGGGTCG,1
ATCTACTGTTCCAGGCTTGGGTCGA,1
TCTACTGTTCCAGGCTTGGGTCGAG,1
CTACTGTTCCAGGCTTGGGTCGAGC,1
TACTGTTCCAGGCTTGGGTCGAGCC,1
ACTGTTCCAGGCTTGGGTCGAGCCC,1
CTGTTCCAGGCTTGGGTCGAGCCCT,1
TGTTCCAGGCTTGGGTCGAGCCCTG,1
GTTCCAGGCTTGGGTCGAGCCCTGG,1
TTCCAGGCTTGGGTCGAGCCCTGGT,1
TCCAGGCTTGGGTCGAGCCCTGGTA,1
CCAGGCTTGGGTCGAGCCCTGGTAC,1
CAGGCTTGGGTCGAGCCCTGGTACC,1
AGGCTTGGGTCGAGCCCTGGTACCA,1
GGCTTGGGTCGAGCCCTGGTACCAG,1
GCTTGGGTCGAGCCCTGGTACCAGG,1
CTTGGGTCGAGCCCTGGTACCAGGC,1
TTGGGTCGAGCCCTGGTACCAGGCA,1
TGGGTCGAGCCCTGGTACCAGGCAC,1
GGGTCGAGCCCTGGTACCAGGCACT,1
GGTCGAGCCCTGGTACCAGGCACTC,1
GTCGAGCCCTGGTACCAGGCACTCT,1
TCGAGCCCTGGTACCAGGCACTCTT,1
CGAGCCCTGGTACCAGGCACTCTTA,1
GAGCCCTGGTACCAGGCACTCTTAA,1
AGCCCTGGTACCAGGCACTCTTAAG,1
GCCCTGGTACCAGGCACTCTTAAGT,1
CCCTGGTACCAGGCACTCTTAAGTC,1
CCTGGTACCAGGCACTCTTAAGTCA,1
CTGGTACCAGGCACTCTTAAGTCAT,1
TGGTACCAGGCACTCTTAAGTCATT,1
GGTACCAGGCACTCTTAAGTCATTC,1
GTACCAGGCACTCTTAAGTCATTCC,1
TACCAGGCACTCTTAAGTCATTCCA,1
ACCAGGCACTCTTAAGTCATTCCAC,1
CCAGGCACTCTTAAGTCATTCCACA,1
CAGGCACTCTTAAGTCATTCCACAT,1
AGGCACTCTTAAGTCATTCCACATG,1
GGCACTCTTAAGTCATTCCACATGG,1
GCACTCTTAAGTCATTCCACATGGC,1
CCAAGATCCTGAGTGAGATGAGAAG,1
CAAGATCCTGAGTGAGATGAGAAGT,1
AAGATCCTGAGTGAGATGAGAAGTC,1
AGATCCTGAGTGAGATGAGAAGTCA,1
GATCCTGAGTGAGATGAGAAGTCAG,1
ATCCTGAGTGAGATGAGAAGTCAGT,1
TCCTGAGTGAGATGAGAAGTCAGTA,1
CCTGAGTGAGATGAGAAGTCAGTAT,1
CTGAGTGAGATGAGAAGTCAGTATG,1
TGAGTGAGATGAGAAGTCAGTATGA,1
GAGTGAGATGAGAAGTCAGTATGAG,1
AGTGAGATGAGAAGTCAGTATGAGA,1
GTGAGATGAGAAGTCAGTATGAGAT,1
TGAGATGAGAAGTCAGTATGAGATC,1
GAGATGAGAAGTCAGTATGAGATCA,1
AGATGAGAAGTCAGTATGAGATCAT,1
GATGAGAAGTCAGTATGAGATCATG,1
ATGAGAAGTCAGTATGAGATCATGG,1
TGAGAAGTCAGTATGAGATCATGGC,1
GAGAAGTCAGTATGAGATCATGGCC,1
AGAAGTCAGTATGAGATCATGGCCG,1
GAAGTCAGTATGAGATCATGGCCGA,1
AAGTCAGTATGAGATCATGGCCGAG,1
AGTCAGTATGAGATCATGGCCGAGA,1
GTCAGTATGAGATCATGGCCGAGAA,1
TCAGTATGAGATCATGGCCGAGAAG,1
CAGTATGAGATCATGGCCGAGAAGA,1
AGTATGAGATCATGGCCGAGAAGAA,1
GTATGAGATCATGGCCGAGAAGAAC,1
TATGAGATCATGGCCGAGAAGAACC,1
ATGAGATCATGGCCGAGAAGAACCG,1
TGAGATCATGGCCGAGAAGAACCGG,1
GAGATCATGGCCGAGAAGAACCGGA,1
AGATCATGGCCGAGAAGAACCGGAA,1
GATCATGGCCGAGAAGAACCGGAAG,1
ATCATGGCCGAGAAGAACCGGAAGG,1
TCATGGCCGAGAAGAACCGGAAGGA,1
CATGGCCGAGAAGAACCGGAAGGAT,1
ATGGCCGAGAAGAACCGGAAGGATG,1
TGGCCGAGAAGAACCGGAAGGATGC,1
GGCCGAGAAGAACCGGAAGGATGCT,1
GCCGAGAAGAACCGGAAGGATGCTG,1
CCGAGAAGAACCGGAAGGATGCTGA,1
CGAGAAGAACCGGAAGGATGCTGAA,1
GAGAAGAACCGGAAGGATGCTGAAG,1
AGAAGAACCGGAAGGATGCTGAAGC,1
GAAGAACCGGAAGGATGCTGAAGCC,1
AAGAACCGGAAGGATGCTGAAGCCA,1
AGAACCGGAAGGATGCTGAAGCCAC,1
GAACCGGAAGGATGCTGAAGCCACC,1
AACCGGAAGGATGCTGAAGCCACCT,1
ACCGGAAGGATGCTGAAGCCACCTA,1
CCGGAAGGATGCTGAAGCCACCTAC,1
CGGAAGGATGCTGAAGCCACCTACC,1
GGAAGGATGCTGAAGCCACCTACCT,1
GAAGGATGCTGAAGCCACCTACCTT,1
AAGGATGCTGAAGCCACCTACCTTG,1
AGGATGCTGAAGCCACCTACCTTGC,1
GGATGCTGAAGCCACCTACCTTGCT,1
GATGCTGAAGCCACCTACCTTGCTC,1
ATGCTGAAGCCACCTACCTTGCTCG,1
TGCTGAAGCCACCTACCTTGCTCGG,1
GCTGAAGCCACCTACCTTGCTCGGA,1
CTGAAGCCACCTACCTTGCTCGGAT,1
TGAAGCCACCTACCTTGCTCGGATT,1
GAAGCCACCTACCTTGCTCGGATTG,1
AAGCCACCTACCTTGCTCGGATTGA,1
AGCCACCTACCTTGCTCGGATTGAG,1
GCCACCTACCTTGCTCGGATTGAGG,1
CCACCTACCTTGCTCGGATTGAGGA,1
CACCTACCTTGCTCGGATTGAGGAG,1
ACCTACCTTGCTCGGATTGAGGAGC,1
CCTACCTTGCTCGGATTGAGGAGCT,1
CTACCTTGCTCGGATTGAGGAGCTG,1
TACCTTGCTCGGATTGAGGAGCTGA,1
ACCTTGCTCGGATTGAGGAGCTGAA,1
CAAAGACAGCCTAGAGAGGATGGCA,1
AAAGACAGCCTAGAGAGGATGGCAA,1
AAGACAGCCTAGAGAGGATGGCAAT,1
AGACAGCCTAGAGAGGATGGCAATG,1
GACAGCCTAGAGAGGATGGCAATGA,1
ACAGCCTAGAGAGGATGGCAATGAA,1
CAGCCTAGAGAGGATGGCAATGAAG,1
AGCCTAGAGAGGATGGCAATGAAGA,1
GCCTAGAGAGGATGGCAATGAAGAG,1
CCTAGAGAGGATGGCAATGAAGAGG,1
CTAGAGAGGATGGCAATGAAGAGGA,1
TAGAGAGGATGGCAATGAAGAGGAC,1
AGAGAGGATGGCAATGAAGAGGACA,1
GAGAGGATGGCAATGAAGAGGACAA,1
AGAGGATGGCAATGAAGAGGACAAA,1
GAGGATGGCAATGAAGAGGACAAAG,1
AGGATGGCAATGAAGAGGACAAAGA,1
GGATGGCAATGAAGAGGACAAAGAA,1
GATGGCAATGAAGAGGACAAAGAAA,1
ATGGCAATGAAGAGGACAAAGAAAA,1
TGGCAATGAAGAGGACAAAGAAAAT,1
GGCAATGAAGAGGACAAAGAAAATC,1
GCAATGAAGAGGACAAAGAAAATCA,1
CAATGAAGAGGACAAAGAAAATCAA,1
AATGAAGAGGACAAAGAAAATCAAG,1
ATGAAGAGGACAAAGAAAATCAAGG,1
TGAAGAGGACAAAGAAAATCAAGGA,1
GAAGAGGACAAAGAAAATCAAGGAG,1
AAGAGGACAAAGAAAATCAAGGAGA,1
AGAGGACAAAGAAAATCAAGGAGAT,1
GAGGACAAAGAAAATCAAGGAGATG,1
AGGACAAAGAAAATCAAGGAGATGA,1
GGACAAAGAAAATCAAGGAGATGAG,1
GACAAAGAAAATCAAGGAGATGAGA,1
ACAAAGAAAATCAAGGAGATGAGAC,1
CAAAGAAAATCAAGGAGATGAGACC,1
AAAGAAAATCAAGGAGATGAGACCC,1
AAGAAAATCAAGGAGATGAGACCCA,1
AGAAAATCAAGGAGATGAGACCCAA,1
GAAAATCAAGGAGATGAGACCCAAG,1
AAAATCAAGGAGATGAGACCCAAGG,1
AAATCAAGGAGATGAGACCCAAGGT,1
AATCAAGGAGATGAGACCCAAGGTC,1
ATCAAGGAGATGAGACCCAAGGTCA,1
TCAAGGAGATGAGACCCAAGGTCAG,1
CAAGGAGATGAGACCCAAGGTCAGC,1
AAGGAGATGAGACCCAAGGTCAGCA,1
AGGAGATGAGACCCAAGGTCAGCAG,1
GGAGATGAGACCCAAGGTCAGCAGC,1
GAGATGAGACCCAAGGTCAGCAGCC,1
AGATGAGACCCAAGGTCAGCAGCCA,1
GATGAGACCCAAGGTCAGCAGCCAC,1
ATGAGACCCAAGGTCAGCAGCCACC,1
TGAGACCCAAGGTCAGCAGCCACCT,1
GAGACCCAAGGTCAGCAGCCACCTC,1
AGACCCAAGGTCAGCAGCCACCTCA,1
GACCCAAGGTCAGCAGCCACCTCAA,1
ACCCAAGGTCAGCAGCCACCTCAAC,1
CCCAAGGTCAGCAGCCACCTCAACG,1
CCAAGGTCAGCAGCCACCTCAACGT,1
CAAGGTCAGCAGCCACCTCAACGTC,1
AAGGTCAGCAGCCACCTCAACGTCG,1
AGGTCAGCAGCCACCTCAACGTCGG,1
GGTCAGCAGCCACCTCAACGTCGGT,1
GTCAGCAGCCACCTCAACGTCGGTA,1
TCAGCAGCCACCTCAACGTCGGTAT,1
CAGCAGCCACCTCAACGTCGGTATC,1
AGCAGCCACCTCAACGTCGGTATCG,1
GCAGCCACCTCAACGTCGGTATCGC,1
CAGCCACCTCAACGTCGGTATCGCC,1
AGCCACCTCAACGTCGGTATCGCCG,1
GCCACCTCAACGTCGGTATCGCCGA,1
CCACCTCAACGTCGGTATCGCCGAA,1
CACCTCAACGTCGGTATCGCCGAAA,1
ACCTCAACGTCGGTATCGCCGAAAC,1
CCTCAACGTCGGTATCGCCGAAACT,1
CTCGTCTGCTTGGCTTTTGTGTCAC,1
TCGTCTGCTTGGCTTTTGTGTCACT,1
CGTCTGCTTGGCTTTTGTGTCACTG,1
GTCTGCTTGGCTTTTGTGTCACTGC,1
TCTGCTTGGCTTTTGTGTCACTGCC,1
CTGCTTGGCTTTTGTGTCACTGCCG,1
TGCTTGGCTTTTGTGTCACTGCCGG,1
GCTTGGCTTTTGTGTCACTGCCGGA,1
CTTGGCTTTTGTGTCACTGCCGGAG,1
TTGGCTTTTGTGTCACTGCCGGAGC,1
TGGCTTTTGTGTCACTGCCGGAGCT,1
GGCTTTTGTGTCACTGCCGGAGCTG,1
GCTTTTGTGTCACTGCCGGAGCTGT,1
CTTTTGTGTCACTGCCGGAGCTGTT,1
TTTTGTGTCACTGCCGGAGCTGTTG,1
TTTGTGTCACTGCCGGAGCTGTTGA,1
TTGTGTCACTGCCGGAGCTGTTGAC,1
TGTGTCACTGCCGGAGCTGTTGACA,1
GTGTCACTGCCGGAGCTGTTGACAA,1
TGTCACTGCCGGAGCTGTTGACAAC,1
GTCACTGCCGGAGCTGTTGACAACG,1
TCACTGCCGGAGCTGTTGACAACGC,1
CACTGCCGGAGCTGTTGACAACGCT,1
ACTGCCGGAGCTGTTGACAACGCTG,1
CTGCCGGAGCTGTTGACAACGCTGC,1
TGCCGGAGCTGTTGACAACGCTGCT,1
GCCGGAGCTGTTGACAACGCTGCTG,1
CCGGAGCTGTTGACAACGCTGCTGT,1
CGGAGCTGTTGACAACGCTGCTGTA,1
GGAGCTGTTGACAACGCTGCTGTAG,1
GAGCTGTTGACAACGCTGCTGTAGC,1
AGCTGTTGACAACGCTGCTGTAGCT,1
GCTGTTGACAACGCTGCTGTAGCTG,1
CTGTTGACAACGCTGCTGTAGCTGC,1
TGTTGACAACGCTGCTGTAGCTGCC,1
GTTGACAACGCTGCTGTAGCTGCCA,1
TTGACAACGCTGCTGTAGCTGCCAC,1
TGACAACGCTGCTGTAGCTGCCACG,1
GACAACGCTGCTGTAGCTGCCACGA,1
ACAACGCTGCTGTAGCTGCCACGAG,1
CAACGCTGCTGTAGCTGCCACGAGA,1
AACGCTGCTGTAGCTGCCACGAGAT,1
ACGCTGCTGTAGCTGCCACGAGATG,1
CGCTGCTGTAGCTGCCACGAGATGT,1
GCTGCTGTAGCTGCCACGAGATGTG,1
CTGCTGTAGCTGCCACGAGATGTGA,1
TGCTGTAGCTGCCACGAGATGTGAA,1
GCTGTAGCTGCCACGAGATGTGAAT,1
CTGTAGCTGCCACGAGATGTGAATG,1
TGTAGCTGCCACGAGATGTGAATGG,1
GTAGCTGCCACGAGATGTGAATGGG,1
TAGCTGCCACGAGATGTGAATGGGC,1
AGCTGCCACGAGATGTGAATGGGCA,1
GCTGCCACGAGATGTGAATGGGCAG,1
CTGCCACGAGATGTGAATGGGCAGG,1
TGCCACGAGATGTGAATGGGCAGGG,1
GCCACGAGATGTGAATGGGCAGGGA,1
CCACGAGATGTGAATGGGCAGGGAG,1
CACGAGATGTGAATGGGCAGGGAGC,1
ACGAGATGTGAATGGGCAGGGAGCG,1
CGAGATGTGAATGGGCAGGGAGCGG,1
GAGATGTGAATGGGCAGGGAGCGGT,1
AGATGTGAATGGGCAGGGAGCGGTG,1
GATGTGAATGGGCAGGGAGCGGTGG,1
ATGTGAATGGGCAGGGAGCGGTGGG,1
TGTGAATGGGCAGGGAGCGGTGGGC,1
GTGAATGGGCAGGGAGCGGTGGGCA,1
TGAATGGGCAGGGAGCGGTGGGCAG,1
GAATGGGCAGGGAGCGGTGGGCAGA,1
AATGGGCAGGGAGCGGTGGGCAGAG,1
ATGGGCAGGGAGCGGTGGGCAGAGA,1
TGGGCAGGGAGCGGTGGGCAGAGAA,1
GGGCAGGGAGCGGTGGGCAGAGAAG,1
GGCAGGGAGCGGTGGGCAGAGAAGG,1
GCAGGGAGCGGTGGGCAGAGAAGGA,1
CAGGGAGCGGTGGGCAGAGAAGGAG,1
CTTGCTCCCTCCCGCCCTCTCTCTT,1
TTGCTCCCTCCCGCCCTCTCTCTTT,1
TGCTCCCTCCCGCCCTCTCTCTTTT,1
GCTCCCTCCCGCCCTCTCTCTTTTT,1
CTCCCTCCCGCCCTCTCTCTTTTTT,1
TCCCTCCCGCCCTCTCTCTTTTTTT,1
CCCTCCCGCCCTCTCTCTTTTTTTC,1
CCTCCCGCCCTCTCTCTTTTTTTCC,1
CTCCCGCCCTCTCTCTTTTTTTCCA,1
TCCCGCCCTCTCTCTTTTTTTCCAC,1
CCCGCCCTCTCTCTTTTTTTCCACG,1
CCGCCCTCTCTCTTTTTTTCCACGG,1
CGCCCTCTCTCTTTTTTTCCACGGG,1
GCCCTCTCTCTTTTTTTCCACGGGG,1
CCCTCTCTCTTTTTTTCCACGGGGC,1
CCTCTCTCTTTTTTTCCACGGGGCT,1
CTCTCTCTTTTTTTCCACGGGGCTG,1
TCTCTCTTTTTTTCCACGGGGCTGT,1
CTCTCTTTTTTTCCACGGGGCTGTT,1
TCTCTTTTTTTCCACGGGGCTGTTT,1
CTCTTTTTTTCCACGGGGCTGTTTT,1
TCTTTTTTTCCACGGGGCTGTTTTT,1
CTTTTTTTCCACGGGGCTGTTTTTT,1
TTTTTTTCCACGGGGCTGTTTTTTT,1
TTTTTTCCACGGGGCTGTTTTTTTA,1
TTTTTCCACGGGGCTGTTTTTTTAA,1
TTTTCCACGGGGCTGTTTTTTTAAT,1
TTTCCACGGGGCTGTTTTTTTAATT,1
TTCCACGGGGCTGTTTTTTTAATTT,1
TCCACGGGGCTGTTTTTTTAATTTG,1
CCACGGGGCTGTTTTTTTAATTTGG,1
CACGGGGCTGTTTTTTTAATTTGGC,1
ACGGGGCTGTTTTTTTAATTTGGCT,1
CGGGGCTGTTTTTTTAATTTGGCTG,1
GGGGCTGTTTTTTTAATTTGGCTGC,1
GGGCTGTTTTTTTAATTTGGCTGCA,1
GGCTGTTTTTTTAATTTGGCTGCAA,1
GCTGTTTTTTTAATTTGGCTGCAAT,1
CTGTTTTTTTAATTTGGCTGCAATT,1
TGTTTTTTTAATTTGGCTGCAATTG,1
GTTTTTTTAATTTGGCTGCAATTGC,1
TTTTTTTAATTTGGCTGCAATTGCA,1
TTTTTTAATTTGGCTGCAATTGCAT,1
TTTTTAATTTGGCTGCAATTGCATG,1
TTTTAATTTGGCTGCAATTGCATGA,1
TTTAATTTGGCTGCAATTGCATGAA,1
TTAATTTGGCTGCAATTGCATGAAA,1
TAATTTGGCTGCAATTGCATGAAAT,1
AATTTGGCTGCAATTGCATGAAATC,1
ATTTGGCTGCAATTGCATGAAATCC,1
TTTGGCTGCAATTGCATGAAATCCC,1
TTGGCTGCAATTGCATGAAATCCCA,1
TGGCTGCAATTGCATGAAATCCCAA,1
GGCTGCAATTGCATGAAATCCCAAT,1
GCTGCAATTGCATGAAATCCCAATG,1
CTGCAATTGCATGAAATCCCAATGG,1
TGCAATTGCATGAAATCCCAATGGT,1
GCAATTGCATGAAATCCCAATGGTG,1
CAATTGCATGAAATCCCAATGGTGT,1
AATTGCATGAAATCCCAATGGTGTA,1
ATTGCATGAAATCCCAATGGTGTAG,1
TTGCATGAAATCCCAATGGTGTAGA,1
TGCATGAAATCCCAATGGTGTAGAC,1
GCATGAAATCCCAATGGTGTAGACC,1
CATGAAATCCCAATGGTGTAGACCA,1
ATGAAATCCCAATGGTGTAGACCAG,1
TGAAATCCCAATGGTGTAGACCAGT,1
GAAATCCCAATGGTGTAGACCAGTG,1
AAATCCCAATGGTGTAGACCAGTGG,1
AATCCCAATGGTGTAGACCAGTGGC,1
ATCCCAATGGTGTAGACCAGTGGCG,1
TCCCAATGGTGTAGACCAGTGGCGA,1
CCCAATGGTGTAGACCAGTGGCGAT,1
CCAATGGTGTAGACCAGTGGCGATG,1
CAATGGTGTAGACCAGTGGCGATGG,1
AATGGTGTAGACCAGTGGCGATGGA,1
CTCTTATATAAATGGAACCATGCAT,1
TCTTATATAAATGGAACCATGCATT,1
CTTATATAAATGGAACCATGCATTG,1
TTATATAAATGGAACCATGCATTGA,1
TATATAAATGGAACCATGCATTGAA,1
ATATAAATGGAACCATGCATTGAAA,1
TATAAATGGAACCATGCATTGAAAG,1
ATAAATGGAACCATGCATTGAAAGC,1
TAAATGGAACCATGCATTGAAAGCT,1
AAATGGAACCATGCATTGAAAGCTC,1
AATGGAACCATGCATTGAAAGCTCA,1
ATGGAACCATGCATTGAAAGCTCAC,1
TGGAACCATGCATTGAAAGCTCACA,1
GGAACCATGCATTGAAAGCTCACAC,1
GAACCATGCATTGAAAGCTCACACA,1
AACCATGCATTGAAAGCTCACACAC,1
ACCATGCATTGAAAGCTCACACACC,1
CCATGCATTGAAAGCTCACACACCT,1
CATGCATTGAAAGCTCACACACCTC,1
ATGCATTGAAAGCTCACACACCTCC,1
TGCATTGAAAGCTCACACACCTCCA,1
GCATTGAAAGCTCACACACCTCCAA,1
CATTGAAAGCTCACACACCTCCAAT,1
ATTGAAAGCTCACACACCTCCAATC,1
TTGAAAGCTCACACACCTCCAATCC,1
TGAAAGCTCACACACCTCCAATCCT,1
GAAAGCTCACACACCTCCAATCCTT,1
AAAGCTCACACACCTCCAATCCTTA,1
AAGCTCACACACCTCCAATCCTTAA,1
AGCTCACACACCTCCAATCCTTAAG,1
GCTCACACACCTCCAATCCTTAAGG,1
CTCACACACCTCCAATCCTTAAGGT,1
TCACACACCTCCAATCCTTAAGGTC,1
CACACACCTCCAATCCTTAAGGTCC,1
ACACACCTCCAATCCTTAAGGTCCT,1
CACACCTCCAATCCTTAAGGTCCTG,1
ACACCTCCAATCCTTAAGGTCCTGC,1
CACCTCCAATCCTTAAGGTCCTGCC,1
ACCTCCAATCCTTAAGGTCCTGCCA,1
CCTCCAATCCTTAAGGTCCTGCCAT,1
CTCCAATCCTTAAGGTCCTGCCATT,1
TCCAATCCTTAAGGTCCTGCCATTC,1
CCAATCCTTAAGGTCCTGCCATTCA,1
CAATCCTTAAGGTCCTGCCATTCAC,1
AATCCTTAAGGTCCTGCCATTCACC,1
ATCCTTAAGGTCCTGCCATTCACCT,1
TCCTTAAGGTCCTGCCATTCACCTT,1
CCTTAAGGTCCTGCCATTCACCTTG,1
CTTAAGGTCCTGCCATTCACCTTGT,1
TTAAGGTCCTGCCATTCACCTTGTA,1
TAAGGTCCTGCCATTCACCTTGTAT,1
AAGGTCCTGCCATTCACCTTGTATT,1
AGGTCCTGCCATTCACCTTGTATTG,1
GGTCCTGCCATTCACCTTGTATTGG,1
GTCCTGCCATTCACCTTGTATTGGG,1
TCCTGCCATTCACCTTGTATTGGGG,1
CCTGCCATTCACCTTGTATTGGGGT,1
CTGCCATTCACCTTGTATTGGGGTT,1
TGCCATTCACCTTGTATTGGGGTTT,1
GCCATTCACCTTGTATTGGGGTTTT,1
CCATTCACCTTGTATTGGGGTTTTT,1
CATTCACCTTGTATTGGGGTTTTTT,1
ATTCACCTTGTATTGGGGTTTTTTT,1
TTCACCTTGTATTGGGGTTTTTTTC,1
TCACCTTGTATTGGGGTTTTTTTCC,1
CACCTTGTATTGGGGTTTTTTTCCC,1
ACCTTGTATTGGGGTTTTTTTCCCC,1
CCTTGTATTGGGGTTTTTTTCCCCC,1
CTTGTATTGGGGTTTTTTTCCCCCG,1
TTGTATTGGGGTTTTTTTCCCCCGT,1
TGTATTGGGGTTTTTTTCCCCCGTT,1
GTATTGGGGTTTTTTTCCCCCGTTG,1
TATTGGGGTTTTTTTCCCCCGTTGT,1
ATTGGGGTTTTTTTCCCCCGTTGTA,1
TTGGGGTTTTTTTCCCCCGTTGTAC,1
TGGGGTTTTTTTCCCCCGTTGTACT,1
AGGCAAAGGAGGGAGAGTGAAGGCT,1
GGCAAAGGAGGGAGAGTGAAGGCTA,1
GCAAAGGAGGGAGAGTGAAGGCTAT,1
CAAAGGAGGGAGAGTGAAGGCTATT,1
AAAGGAGGGAGAGTGAAGGCTATTC,1
AAGGAGGGAGAGTGAAGGCTATTCT,1
AGGAGGGAGAGTGAAGGCTATTCTG,1
GGAGGGAGAGTGAAGGCTATTCTGG,1
GAGGGAGAGTGAAGGCTATTCTGGA,1
AGGGAGAGTGAAGGCTATTCTGGAA,1
GGGAGAGTGAAGGCTATTCTGGAAA,1
GGAGAGTGAAGGCTATTCTGGAAAC,1
GAGAGTGAAGGCTATTCTGGAAACC,1
AGAGTGAAGGCTATTCTGGAAACCA,1
GAGTGAAGGCTATTCTGGAAACCAG,1
AGTGAAGGCTATTCTGGAAACCAGA,1
GTGAAGGCTATTCTGGAAACCAGAG,1
TGAAGGCTATTCTGGAAACCAGAGG,1
GAAGGCTATTCTGGAAACCAGAGGG,1
AAGGCTATTCTGGAAACCAGAGGGG,1
AGGCTATTCTGGAAACCAGAGGGGG,1
GGCTATTCTGGAAACCAGAGGGGGT,1
GCTATTCTGGAAACCAGAGGGGGTC,1
CTATTCTGGAAACCAGAGGGGGTCA,1
TATTCTGGAAACCAGAGGGGGTCAG,1
ATTCTGGAAACCAGAGGGGGTCAGA,1
TTCTGGAAACCAGAGGGGGTCAGAC,1
TCTGGAAACCAGAGGGGGTCAGACA,1
CTGGAAACCAGAGGGGGTCAGACAG,1
TGGAAACCAGAGGGGGTCAGACAGT,1
GGAAACCAGAGGGGGTCAGACAGTG,1
GAAACCAGAGGGGGTCAGACAGTGG,1
AAACCAGAGGGGGTCAGACAGTGGG,1
AACCAGAGGGGGTCAGACAGTGGGA,1
ACCAGAGGGGGTCAGACAGTGGGAA,1
CCAGAGGGGGTCAGACAGTGGGAAT,1
CAGAGGGGGTCAGACAGTGGGAATC,1
AGAGGGGGTCAGACAGTGGGAATCA,1
GAGGGGGTCAGACAGTGGGAATCAA,1
AGGGGGTCAGACAGTGGGAATCAAT,1
GGGGGTCAGACAGTGGGAATCAATA,1
GGGGTCAGACAGTGGGAATCAATAA,1
GGGTCAGACAGTGGGAATCAATAAT,1
GGTCAGACAGTGGGAATCAATAATT,1
GTCAGACAGTGGGAATCAATAATTG,1
TCAGACAGTGGGAATCAATAATTGG,1
CAGACAGTGGGAATCAATAATTGGT,1
AGACAGTGGGAATCAATAATTGGTT,1
GACAGTGGGAATCAATAATTGGTTT,1
ACAGTGGGAATCAATAATTGGTTTG,1
CAGTGGGAATCAATAATTGGTTTGT,1
AGTGGGAATCAATAATTGGTTTGTA,1
GTGGGAATCAATAATTGGTTTGTAT,1
TGGGAATCAATAATTGGTTTGTATG,1
GGGAATCAATAATTGGTTTGTATGG,1
GGAATCAATAATTGGTTTGTATGGG,1
GAATCAATAATTGGTTTGTATGGGA,1
AATCAATAATTGGTTTGTATGGGAA,1
ATCAATAATTGGTTTGTATGGGAAA,1
TCAATAATTGGTTTGTATGGGAAAC,1
CAATAATTGGTTTGTATGGGAAACC,1
AATAATTGGTTTGTATGGGAAACCA,1
ATAATTGGTTTGTATGGGAAACCAG,1
TAATTGGTTTGTATGGGAAACCAGC,1
AATTGGTTTGTATGGGAAACCAGCT,1
ATTGGTTTGTATGGGAAACCAGCTC,1
TTGGTTTGTATGGGAAACCAGCTCA,1
TGGTTTGTATGGGAAACCAGCTCAT,1
GGTTTGTATGGGAAACCAGCTCATT,1
GTTTGTATGGGAAACCAGCTCATTG,1
TTTGTATGGGAAACCAGCTCATTGA,1
TTGTATGGGAAACCAGCTCATTGAT,1
TGTATGGGAAACCAGCTCATTGATG,1
GTATGGGAAACCAGCTCATTGATGG,1
TATGGGAAACCAGCTCATTGATGGT,1
ATGGGAAACCAGCTCATTGATGGTT,1
ATCAGCAACTCTCTAAGAGTTATGC,1
TCAGCAACTCTCTAAGAGTTATGCC,1
CAGCAACTCTCTAAGAGTTATGCCT,1
AGCAACTCTCTAAGAGTTATGCCTG,1
GCAACTCTCTAAGAGTTATGCCTGC,1
CAACTCTCTAAGAGTTATGCCTGCA,1
AACTCTCTAAGAGTTATGCCTGCAA,1
ACTCTCTAAGAGTTATGCCTGCAAA,1
CTCTCTAAGAGTTATGCCTGCAAAG,1
TCTCTAAGAGTTATGCCTGCAAAGA,1
CTCTAAGAGTTATGCCTGCAAAGAG,1
TCTAAGAGTTATGCCTGCAAAGAGG,1
CTAAGAGTTATGCCTGCAAAGAGGA,1
TAAGAGTTATGCCTGCAAAGAGGAT,1
AAGAGTTATGCCTGCAAAGAGGATC,1
AGAGTTATGCCTGCAAAGAGGATCT,1
GAGTTATGCCTGCAAAGAGGATCTG,1
AGTTATGCCTGCAAAGAGGATCTGT,1
GTTATGCCTGCAAAGAGGATCTGTT,1
TTATGCCTGCAAAGAGGATCTGTTG,1
TATGCCTGCAAAGAGGATCTGTTGT,1
ATGCCTGCAAAGAGGATCTGTTGTT,1
TGCCTGCAAAGAGGATCTGTTGTTC,1
GCCTGCAAAGAGGATCTGTTGTTCA,1
CCTGCAAAGAGGATCTGTTGTTCAA,1
CTGCAAAGAGGATCTGTTGTTCAAG,1
TGCAAAGAGGATCTGTTGTTCAAGG,1
GCAAAGAGGATCTGTTGTTCAAGGT,1
CAAAGAGGATCTGTTGTTCAAGGTC,1
AAAGAGGATCTGTTGTTCAAGGTCT,1
AAGAGGATCTGTTGTTCAAGGTCTC,1
AGAGGATCTGTTGTTCAAGGTCTCC,1
GAGGATCTGTTGTTCAAGGTCTCCC,1
AGGATCTGTTGTTCAAGGTCTCCCT,1
GGATCTGTTGTTCAAGGTCTCCCTC,1
GATCTGTTGTTCAAGGTCTCCCTCA,1
ATCTGTTGTTCAAGGTCTCCCTCAG,1
TCTGTTGTTCAAGGTCTCCCTCAGC,1
CTGTTGTTCAAGGTCTCCCTCAGCT,1
TGTTGTTCAAGGTCTCCCTCAGCTA,1
GTTGTTCAAGGTCTCCCTCAGCTAC,1
TTGTTCAAGGTCTCCCTCAGCTACA,1
TGTTCAAGGTCTCCCTCAGCTACAA,1
GTTCAAGGTCTCCCTCAGCTACAAT,1
TTCAAGGTCTCCCTCAGCTACAATG,1
TCAAGGTCTCCCTCAGCTACAATGC,1
CAAGGTCTCCCTCAGCTACAATGCA,1
AAGGTCTCCCTCAGCTACAATGCAA,1
AGGTCTCCCTCAGCTACAATGCAAG,1
GGTCTCCCTCAGCTACAATGCAAGG,1
GTCTCCCTCAGCTACAATGCAAGGT,1
TCTCCCTCAGCTACAATGCAAGGTC,1
CTCCCTCAGCTACAATGCAAGGTCA,1
TCCCTCAGCTACAATGCAAGGTCAA,1
CCCTCAGCTACAATGCAAGGTCAAA,1
CCTCAGCTACAATGCAAGGTCAAAG,1
CTCAGCTACAATGCAAGGTCAAAGA,1
TCAGCTACAATGCAAGGTCAAAGAC,1
CAGCTACAATGCAAGGTCAAAGACA,1
AGCTACAATGCAAGGTCAAAGACAA,1
GCTACAATGCAAGGTCAAAGACAAC,1
CTACAATGCAAGGTCAAAGACAACC,1
TACAATGCAAGGTCAAAGACAACCT,1
ACAATGCAAGGTCAAAGACAACCTA,1
CAATGCAAGGTCAAAGACAACCTAG,1
AATGCAAGGTCAAAGACAACCTAGG,1
ATGCAAGGTCAAAGACAACCTAGGC,1
TGCAAGGTCAAAGACAACCTAGGCT,1
GCAAGGTCAAAGACAACCTAGGCTA,1
CAAGGTCAAAGACAACCTAGGCTAC,1
AAGGTCAAAGACAACCTAGGCTACA,1
AGGTCAAAGACAACCTAGGCTACAC,1
GGTCAAAGACAACCTAGGCTACACA,1
GTCAAAGACAACCTAGGCTACACAA,1
TCAAAGACAACCTAGGCTACACAAG,1
CAAAGACAACCTAGGCTACACAAGA,1
CACAGTGACCTACAAAGGGGGGGTA,1
ACAGTGACCTACAAAGGGGGGGTAG,1
CAGTGACCTACAAAGGGGGGGTAGC,1
AGTGACCTACAAAGGGGGGGTAGCC,1
GTGACCTACAAAGGGGGGGTAGCCA,1
TGACCTACAAAGGGGGGGTAGCCAC,1
GACCTACAAAGGGGGGGTAGCCACT,1
ACCTACAAAGGGGGGGTAGCCACTC,1
CCTACAAAGGGGGGGTAGCCACTCA,1
CTACAAAGGGGGGGTAGCCACTCAG,1
TACAAAGGGGGGGTAGCCACTCAGC,1
ACAAAGGGGGGGTAGCCACTCAGCA,1
CAAAGGGGGGGTAGCCACTCAGCAT,1
AAAGGGGGGGTAGCCACTCAGCATG,1
AAGGGGGGGTAGCCACTCAGCATGA,1
AGGGGGGGTAGCCACTCAGCATGAT,1
GGGGGGGTAGCCACTCAGCATGATG,1
GGGGGGTAGCCACTCAGCATGATGT,1
GGGGGTAGCCACTCAGCATGATGTA,1
GGGGTAGCCACTCAGCATGATGTAG,1
GGGTAGCCACTCAGCATGATGTAGA,1
GGTAGCCACTCAGCATGATGTAGAG,1
GTAGCCACTCAGCATGATGTAGAGG,1
TAGCCACTCAGCATGATGTAGAGGA,1
AGCCACTCAGCATGATGTAGAGGAC,1
GCCACTCAGCATGATGTAGAGGACC,1
CCACTCAGCATGATGTAGAGGACCA,1
CACTCAGCATGATGTAGAGGACCAC,1
ACTCAGCATGATGTAGAGGACCACA,1
CTCAGCATGATGTAGAGGACCACAC,1
TCAGCATGATGTAGAGGACCACACC,1
CAGCATGATGTAGAGGACCACACCC,1
AGCATGATGTAGAGGACCACACCCA,1
GCATGATGTAGAGGACCACACCCAG,1
CATGATGTAGAGGACCACACCCAGG,1
ATGATGTAGAGGACCACACCCAGGC,1
TGATGTAGAGGACCACACCCAGGCT,1
GATGTAGAGGACCACACCCAGGCTC,1
ATGTAGAGGACCACACCCAGGCTCC,1
TGTAGAGGACCACACCCAGGCTCCA,1
GTAGAGGACCACACCCAGGCTCCAC,1
TAGAGGACCACACCCAGGCTCCACA,1
AGAGGACCACACCCAGGCTCCACAG,1
GAGGACCACACCCAGGCTCCACAGG,1
AGGACCACACCCAGGCTCCACAGGT,1
GGACCACACCCAGGCTCCACAGGTC,1
GACCACACCCAGGCTCCACAGGTCA,1
ACCACACCCAGGCTCCACAGGTCAC,1
CCACACCCAGGCTCCACAGGTCACA,1
CACACCCAGGCTCCACAGGTCACAG,1
ACACCCAGGCTCCACAGGTCACAGC,1
CACCCAGGCTCCACAGGTCACAGCG,1
ACCCAGGCTCCACAGGTCACAGCGC,1
CCCAGGCTCCACAGGTCACAGCGCT,1
CCAGGCTCCACAGGTCACAGCGCTT,1
CAGGCTCCACAGGTCACAGCGCTTG,1
AGGCTCCACAGGTCACAGCGCTTGT,1
GGCTCCACAGGTCACAGCGCTTGTC,1
GCTCCACAGGTCACAGCGCTTGTCA,1
CTCCACAGGTCACAGCGCTTGTCAT,1
TCCACAGGTCACAGCGCTTGTCATA,1
CCACAGGTCACAGCGCTTGTCATAG,1
CACAGGTCACAGCGCTTGTCATAGA,1
ACAGGTCACAGCGCTTGTCATAGAA,1
CAGGTCACAGCGCTTGTCATAGAAA,1
AGGTCACAGCGCTTGTCATAGAAAG,1
GGTCACAGCGCTTGTCATAGAAAGT,1
GTCACAGCGCTTGTCATAGAAAGTA,1
TCACAGCGCTTGTCATAGAAAGTAG,1
CACAGCGCTTGTCATAGAAAGTAGC,1
ACAGCGCTTGTCATAGAAAGTAGCC,1
CAGCGCTTGTCATAGAAAGTAGCCT,1
AGCGCTTGTCATAGAAAGTAGCCTC,1
GCGCTTGTCATAGAAAGTAGCCTCG,1
CGCTTGTCATAGAAAGTAGCCTCGT,1
GCTTGTCATAGAAAGTAGCCTCGTC,1
CAGAGATCGGAAGAGCACACGTCTG,1
AGAGATCGGAAGAGCACACGTCTGA,1
GAGATCGGAAGAGCACACGTCTGAA,1
GCCGTCTTCTGCTTGAAAAAAAAAA,1
CCGTCTTCTGCTTGAAAAAAAAAAA,1
CGTCTTCTGCTTGAAAAAAAAAAAA,1
GTCTTCTGCTTGAAAAAAAAAAAAA,1
TCTTCTGCTTGAAAAAAAAAAAAAA,1
CTTCTGCTTGAAAAAAAAAAAAAAA,1
TTCTGCTTGAAAAAAAAAAAAAAAA,1
TCTGCTTGAAAAAAAAAAAAAAAAA,1
CTGCTTGAAAAAAAAAAAAAAAAAT,1
TGCTTGAAAAAAAAAAAAAAAAATA,1
GCTTGAAAAAAAAAAAAAAAAATAA,1
CTTGAAAAAAAAAAAAAAAAATAAA,1
TTGAAAAAAAAAAAAAAAAATAAAA,1
TGAAAAAAAAAAAAAAAAATAAAAA,1
GAAAAAAAAAAAAAAAAATAAAAAA,1
AAAAAAAAAAAAAAAAATAAAAAAA,1
AAAAAAAAAAAAAAAATAAAAAAAA,1
AAAAAAAAAAAAAAATAAAAAAAAA,1
AAAAAAAAAAAAAATAAAAAAAAAA,1
AAAAAAAAAAAAATAAAAAAAAAAA,1
AAAAAAAAAAAATAAAAAAAAAAAA,1
AAAAAAAAAAATAAAAAAAAAAAAA,1
AAAAAAAAAATAAAAAAAAAAAAAA,1
AAAAAAAAATAAAAAAAAAAAAAAA,1
CCCGCACCTGGCCAGCCTTCTCCAG,1
CCGCACCTGGCCAGCCTTCTCCAGC,1
CGCACCTGGCCAGCCTTCTCCAGCA,1
GCACCTGGCCAGCCTTCTCCAGCAG,1
CACCTGGCCAGCCTTCTCCAGCAGC,1
ACCTGGCCAGCCTTCTCCAGCAGCA,1
CCTGGCCAGCCTTCTCCAGCAGCAC,1
CTGGCCAGCCTTCTCCAGCAGCACA,1
TGGCCAGCCTTCTCCAGCAGCACAG,1
GGCCAGCCTTCTCCAGCAGCACAGC,1
GCCAGCCTTCTCCAGCAGCACAGCT,1
CCAGCCTTCTCCAGCAGCACAGCTC,1
CAGCCTTCTCCAGCAGCACAGCTCG,1
AGCCTTCTCCAGCAGCACAGCTCGA,1
GCCTTCTCCAGCAGCACAGCTCGAG,1
CCTTCTCCAGCAGCACAGCTCGAGC,1
CTTCTCCAGCAGCACAGCTCGAGCG,1
TTCTCCAGCAGCACAGCTCGAGCGG,1
TCTCCAGCAGCACAGCTCGAGCGGG,1
CTCCAGCAGCACAGCTCGAGCGGGC,1
TCCAGCAGCACAGCTCGAGCGGGCA,1
CCAGCAGCACAGCTCGAGCGGGCAT,1
CAGCAGCACAGCTCGAGCGGGCATA,1
AGCAGCACAGCTCGAGCGGGCATAG,1
GCAGCACAGCTCGAGCGGGCATAGG,1
CAGCACAGCTCGAGCGGGCATAGGA,1
AGCACAGCTCGAGCGGGCATAGGAG,1
GCACAGCTCGAGCGGGCATAGGAGC,1
CACAGCTCGAGCGGGCATAGGAGCA,1
ACAGCTCGAGCGGGCATAGGAGCAG,1
CAGCTCGAGCGGGCATAGGAGCAGC,1
AGCTCGAGCGGGCATAGGAGCAGCT,1
GCTCGAGCGGGCATAGGAGCAGCTG,1
CTCGAGCGGGCATAGGAGCAGCTGC,1
TCGAGCGGGCATAGGAGCAGCTGCG,1
CGAGCGGGCATAGGAGCAGCTGCGT,1
GAGCGGGCATAGGAGCAGCTGCGTG,1
AGCGGGCATAGGAGCAGCTGCGTGG,1
GCGGGCATAGGAGCAGCTGCGTGGT,1
CGGGCATAGGAGCAGCTGCGTGGTG,1
GGGCATAGGAGCAGCTGCGTGGTGC,1
GGCATAGGAGCAGCTGCGTGGTGCA,1
GCATAGGAGCAGCTGCGTGGTGCAA,1
CATAGGAGCAGCTGCGTGGTGCAAG,1
ATAGGAGCAGCTGCGTGGTGCAAGG,1
TAGGAGCAGCTGCGTGGTGCAAGGC,1
AGGAGCAGCTGCGTGGTGCAAGGCC,1
GGAGCAGCTGCGTGGTGCAAGGCCC,1
GAGCAGCTGCGTGGTGCAAGGCCCT,1
AGCAGCTGCGTGGTGCAAGGCCCTG,1
GCAGCTGCGTGGTGCAAGGCCCTGG,1
CAGCTGCGTGGTGCAAGGCCCTGGG,1
AGCTGCGTGGTGCAAGGCCCTGGGT,1
GCTGCGTGGTGCAAGGCCCTGGGTT,1
CTGCGTGGTGCAAGGCCCTGGGTTC,1
TGCGTGGTGCAAGGCCCTGGGTTCC,1
GCGTGGTGCAAGGCCCTGGGTTCCC,1
CGTGGTGCAAGGCCCTGGGTTCCCG,1
GTGGTGCAAGGCCCTGGGTTCCCGG,1
TGGTGCAAGGCCCTGGGTTCCCGGA,1
GGTGCAAGGCCCTGGGTTCCCGGAG,1
GTGCAAGGCCCTGGGTTCCCGGAGG,1
TGCAAGGCCCTGGGTTCCCGGAGGG,1
GCAAGGCCCTGGGTTCCCGGAGGGC,1
CAAGGCCCTGGGTTCCCGGAGGGCA,1
AAGGCCCTGGGTTCCCGGAGGGCAG,1
AGGCCCTGGGTTCCCGGAGGGCAGG,1
GGCCCTGGGTTCCCGGAGGGCAGGC,1
GCCCTGGGTTCCCGGAGGGCAGGCG,1
CCCTGGGTTCCCGGAGGGCAGGCGC,1
CCTGGGTTCCCGGAGGGCAGGCGCC,1
CTGGGTTCCCGGAGGGCAGGCGCCA,1
TGGGTTCCCGGAGGGCAGGCGCCAG,1
GGGTTCCCGGAGGGCAGGCGCCAGC,1
GGTTCCCGGAGGGCAGGCGCCAGCT,1
GTTCCCGGAGGGCAGGCGCCAGCTC,1
GCTGCCCCGACTACGTGCTCCTCAC,1
CTGCCCCGACTACGTGCTCCTCACC,1
TGCCCCGACTACGTGCTCCTCACCC,1
GCCCCGACTACGTGCTCCTCACCCA,1
CCCCGACTACGTGCTCCTCACCCAC,1
CCCGACTACGTGCTCCTCACCCACA,1
CCGACTACGTGCTCCTCACCCACAC,1
CGACTACGTGCTCCTCACCCACACT,1
GACTACGTGCTCCTCACCCACACTG,1
ACTACGTGCTCCTCACCCACACTGT,1
CTACGTGCTCCTCACCCACACTGTC,1
TACGTGCTCCTCACCCACACTGTCA,1
ACGTGCTCCTCACCCACACTGTCAG,1
CGTGCTCCTCACCCACACTGTCAGC,1
GTGCTCCTCACCCACACTGTCAGCC,1
TGCTCCTCACCCACACTGTCAGCCG,1
GCTCCTCACCCACACTGTCAGCCGA,1
CTCCTCACCCACACTGTCAGCCGAT,1
TCCTCACCCACACTGTCAGCCGATT,1
CCTCACCCACACTGTCAGCCGATTT,1
CTCACCCACACTGTCAGCCGATTTG,1
TCACCCACACTGTCAGCCGATTTGC,1
CACCCACACTGTCAGCCGATTTGCT,1
ACCCACACTGTCAGCCGATTTGCTA,1
CCCACACTGTCAGCCGATTTGCTAT,1
CCACACTGTCAGCCGATTTGCTATC,1
CACACTGTCAGCCGATTTGCTATCT,1
ACACTGTCAGCCGATTTGCTATCTC,1
CACTGTCAGCCGATTTGCTATCTCA,1
ACTGTCAGCCGATTTGCTATCTCAT,1
CTGTCAGCCGATTTGCTATCTCATA,1
TGTCAGCCGATTTGCTATCTCATAC,1
GTCAGCCGATTTGCTATCTCATACC,1
TCAGCCGATTTGCTATCTCATACCA,1
CAGCCGATTTGCTATCTCATACCAG,1
AGCCGATTTGCTATCTCATACCAGG,1
GCCGATTTGCTATCTCATACCAGGA,1
CCGATTTGCTATCTCATACCAGGAG,1
CGATTTGCTATCTCATACCAGGAGA,1
GATTTGCTATCTCATACCAGGAGAA,1
ATTTGCTATCTCATACCAGGAGAAA,1
TTTGCTATCTCATACCAGGAGAAAG,1
TTGCTATCTCATACCAGGAGAAAGT,1
TGCTATCTCATACCAGGAGAAAGTC,1
GCTATCTCATACCAGGAGAAAGTCA,1
CTATCTCATACCAGGAGAAAGTCAA,1
TATCTCATACCAGGAGAAAGTCAAC,1
ATCTCATACCAGGAGAAAGTCAACC,1
TCTCATACCAGGAGAAAGTCAACCT,1
CTCATACCAGGAGAAAGTCAACCTC,1
TCATACCAGGAGAAAGTCAACCTCC,1
CATACCAGGAGAAAGTCAACCTCCT,1
ATACCAGGAGAAAGTCAACCTCCTC,1
TACCAGGAGAAAGTCAACCTCCTCT,1
ACCAGGAGAAAGTCAACCTCCTCTC,1
CCAGGAGAAAGTCAACCTCCTCTCT,1
CAGGAGAAAGTCAACCTCCTCTCTG,1
AGGAGAAAGTCAACCTCCTCTCTGC,1
GGAGAAAGTCAACCTCCTCTCTGCC,1
GAGAAAGTCAACCTCCTCTCTGCCG,1
AGAAAGTCAACCTCCTCTCTGCCGT,1
GAAAGTCAACCTCCTCTCTGCCGTC,1
AAAGTCAACCTCCTCTCTGCCGTCA,1
AAGTCAACCTCCTCTCTGCCGTCAA,1
AGTCAACCTCCTCTCTGCCGTCAAG,1
GTCAACCTCCTCTCTGCCGTCAAGA,1
TCAACCTCCTCTCTGCCGTCAAGAG,1
CAACCTCCTCTCTGCCGTCAAGAGC,1
AACCTCCTCTCTGCCGTCAAGAGCC,1
ACCTCCTCTCTGCCGTCAAGAGCCC,1
CCTCCTCTCTGCCGTCAAGAGCCCC,1
CTCCTCTCTGCCGTCAAGAGCCCCT,1
TCCTCTCTGCCGTCAAGAGCCCCTG,1
CCTCTCTGCCGTCAAGAGCCCCTGC,1
CTCTCTGCCGTCAAGAGCCCCTGCC,1
TCTCTGCCGTCAAGAGCCCCTGCCC,1
GGAGAGCCTGTATCTGAGAGACATT,1
GAGAGCCTGTATCTGAGAGACATTT,1
AGAGCCTGTATCTGAGAGACATTTA,1
GAGCCTGTATCTGAGAGACATTTAG,1
AGCCTGTATCTGAGAGACATTTAGC,1
GCCTGTATCTGAGAGACATTTAGCA,1
CCTGTATCTGAGAGACATTTAGCAG,1
CTGTATCTGAGAGACATTTAGCAGA,1
TGTATCTGAGAGACATTTAGCAGAG,1
GTATCTGAGAGACATTTAGCAGAGA,1
TATCTGAGAGACATTTAGCAGAGAG,1
ATCTGAGAGACATTTAGCAGAGAGC,1
TCTGAGAGACATTTAGCAGAGAGCA,1
CTGAGAGACATTTAGCAGAGAGCAC,1
TGAGAGACATTTAGCAGAGAGCACT,1
GAGAGACATTTAGCAGAGAGCACTT,1
AGAGACATTTAGCAGAGAGCACTTT,1
GAGACATTTAGCAGAGAGCACTTTA,1
AGACATTTAGCAGAGAGCACTTTAG,1
GACATTTAGCAGAGAGCACTTTAGT,1
ACATTTAGCAGAGAGCACTTTAGTT,1
CATTTAGCAGAGAGCACTTTAGTTT,1
ATTTAGCAGAGAGCACTTTAGTTTT,1
TTTAGCAGAGAGCACTTTAGTTTTT,1
TTAGCAGAGAGCACTTTAGTTTTTT,1
TAGCAGAGAGCACTTTAGTTTTTTG,1
AGCAGAGAGCACTTTAGTTTTTTGC,1
GCAGAGAGCACTTTAGTTTTTTGCT,1
CAGAGAGCACTTTAGTTTTTTGCTG,1
AGAGAGCACTTTAGTTTTTTGCTGC,1
GAGAGCACTTTAGTTTTTTGCTGCT,1
AGAGCACTTTAGTTTTTTGCTGCTA,1
GAGCACTTTAGTTTTTTGCTGCTAA,1
AGCACTTTAGTTTTTTGCTGCTAAC,1
GCACTTTAGTTTTTTGCTGCTAACT,1
CACTTTAGTTTTTTGCTGCTAACTG,1
ACTTTAGTTTTTTGCTGCTAACTGT,1
CTTTAGTTTTTTGCTGCTAACTGTT,1
TTTAGTTTTTTGCTGCTAACTGTTG,1
TTAGTTTTTTGCTGCTAACTGTTGT,1
TAGTTTTTTGCTGCTAACTGTTGTG,1
AGTTTTTTGCTGCTAACTGTTGTGT,1
GTTTTTTGCTGCTAACTGTTGTGTG,1
TTTTTTGCTGCTAACTGTTGTGTGA,1
TTTTTGCTGCTAACTGTTGTGTGAT,1
TTTTGCTGCTAACTGTTGTGTGATC,1
TTTGCTGCTAACTGTTGTGTGATCC,1
TTGCTGCTAACTGTTGTGTGATCCT,1
TGCTGCTAACTGTTGTGTGATCCTT,1
GCTGCTAACTGTTGTGTGATCCTTT,1
CTGCTAACTGTTGTGTGATCCTTTG,1
TGCTAACTGTTGTGTGATCCTTTGC,1
GCTAACTGTTGTGTGATCCTTTGCT,1
CTAACTGTTGTGTGATCCTTTGCTG,1
TAACTGTTGTGTGATCCTTTGCTGG,1
AACTGTTGTGTGATCCTTTGCTGGG,1
ACTGTTGTGTGATCCTTTGCTGGGG,1
CTGTTGTGTGATCCTTTGCTGGGGT,1
TGTTGTGTGATCCTTTGCTGGGGTG,1
GTTGTGTGATCCTTTGCTGGGGTGC,1
TTGTGTGATCCTTTGCTGGGGTGCA,1
TGTGTGATCCTTTGCTGGGGTGCAA,1
GTGTGATCCTTTGCTGGGGTGCAAA,1
TGTGATCCTTTGCTGGGGTGCAAAA,1
GTGATCCTTTGCTGGGGTGCAAAAG,1
TGATCCTTTGCTGGGGTGCAAAAGG,1
GATCCTTTGCTGGGGTGCAAAAGGC,1
ATCCTTTGCTGGGGTGCAAAAGGCA,1
TCCTTTGCTGGGGTGCAAAAGGCAC,1
CCTTTGCTGGGGTGCAAAAGGCACC,1
CTTTGCTGGGGTGCAAAAGGCACCG,1
TTTGCTGGGGTGCAAAAGGCACCGG,1
TTGCTGGGGTGCAAAAGGCACCGGA,1
TGCTGGGGTGCAAAAGGCACCGGAC,1
GCTGGGGTGCAAAAGGCACCGGACA,1
CTGGGGTGCAAAAGGCACCGGACAC,1
GTCAAATGTGTCTAGTAGACTTGGG,1
TCAAATGTGTCTAGTAGACTTGGGA,1
CAAATGTGTCTAGTAGACTTGGGAA,1
AAATGTGTCTAGTAGACTTGGGAAC,1
AATGTGTCTAGTAGACTTGGGAACA,1
ATGTGTCTAGTAGACTTGGGAACAT,1
TGTGTCTAGTAGACTTGGGAACATG,1
GTGTCTAGTAGACTTGGGAACATGG,1
TGTCTAGTAGACTTGGGAACATGGA,1
GTCTAGTAGACTTGGGAACATGGAC,1
TCTAGTAGACTTGGGAACATGGACC,1
CTAGTAGACTTGGGAACATGGACCG,1
TAGTAGACTTGGGAACATGGACCGT,1
AGTAGACTTGGGAACATGGACCGTT,1
GTAGACTTGGGAACATGGACCGTTT,1
TAGACTTGGGAACATGGACCGTTTT,1
AGACTTGGGAACATGGACCGTTTTT,1
GACTTGGGAACATGGACCGTTTTTT,1
ACTTGGGAACATGGACCGTTTTTTC,1
CTTGGGAACATGGACCGTTTTTTCA,1
TTGGGAACATGGACCGTTTTTTCAT,1
TGGGAACATGGACCGTTTTTTCATG,1
GGGAACATGGACCGTTTTTTCATGT,1
GGAACATGGACCGTTTTTTCATGTA,1
GAACATGGACCGTTTTTTCATGTAT,1
AACATGGACCGTTTTTTCATGTATC,1
ACATGGACCGTTTTTTCATGTATCT,1
CATGGACCGTTTTTTCATGTATCTT,1
ATGGACCGTTTTTTCATGTATCTTC,1
TGGACCGTTTTTTCATGTATCTTCT,1
GGACCGTTTTTTCATGTATCTTCTG,1
GACCGTTTTTTCATGTATCTTCTGA,1
ACCGTTTTTTCATGTATCTTCTGAA,1
CCGTTTTTTCATGTATCTTCTGAAT,1
CGTTTTTTCATGTATCTTCTGAATA,1
GTTTTTTCATGTATCTTCTGAATAG,1
TTTTTTCATGTATCTTCTGAATAGT,1
TTTTTCATGTATCTTCTGAATAGTT,1
TTTTCATGTATCTTCTGAATAGTTG,1
TTTCATGTATCTTCTGAATAGTTGA,1
TTCATGTATCTTCTGAATAGTTGAA,1
TCATGTATCTTCTGAATAGTTGAAA,1
CATGTATCTTCTGAATAGTTGAAAT,1
ATGTATCTTCTGAATAGTTGAAATG,1
TGTATCTTCTGAATAGTTGAAATGT,1
GTATCTTCTGAATAGTTGAAATGTA,1
TATCTTCTGAATAGTTGAAATGTAT,1
ATCTTCTGAATAGTTGAAATGTATA,1
TCTTCTGAATAGTTGAAATGTATAT,1
CTTCTGAATAGTTGAAATGTATATT,1
TTCTGAATAGTTGAAATGTATATTT,1
TCTGAATAGTTGAAATGTATATTTG,1
CTGAATAGTTGAAATGTATATTTGT,1
TGAATAGTTGAAATGTATATTTGTA,1
GAATAGTTGAAATGTATATTTGTAC,1
AATAGTTGAAATGTATATTTGTACA,1
ATAGTTGAAATGTATATTTGTACAG,1
TAGTTGAAATGTATATTTGTACAGT,1
AGTTGAAATGTATATTTGTACAGTC,1
GTTGAAATGTATATTTGTACAGTCT,1
TTGAAATGTATATTTGTACAGTCTT,1
TGAAATGTATATTTGTACAGTCTTT,1
GAAATGTATATTTGTACAGTCTTTT,1
AAATGTATATTTGTACAGTCTTTTA,1
AATGTATATTTGTACAGTCTTTTAG,1
ATGTATATTTGTACAGTCTTTTAGA,1
TGTATATTTGTACAGTCTTTTAGAC,1
GTATATTTGTACAGTCTTTTAGACC,1
TATATTTGTACAGTCTTTTAGACCT,1
ATATTTGTACAGTCTTTTAGACCTA,1
TATTTGTACAGTCTTTTAGACCTAA,1
ATTTGTACAGTCTTTTAGACCTAAA,1
TTTGTACAGTCTTTTAGACCTAAAG,1
TTGTACAGTCTTTTAGACCTAAAGT,1
TGTACAGTCTTTTAGACCTAAAGTG,1
GTACAGTCTTTTAGACCTAAAGTGA,1
CAAGGACTCAGCTCTGCTGGAGACC,1
AAGGACTCAGCTCTGCTGGAGACCA,1
AGGACTCAGCTCTGCTGGAGACCAC,1
GGACTCAGCTCTGCTGGAGACCACT,1
GACTCAGCTCTGCTGGAGACCACTG,1
ACTCAGCTCTGCTGGAGACCACTGA,1
CTCAGCTCTGCTGGAGACCACTGAG,1
TCAGCTCTGCTGGAGACCACTGAGA,1
CAGCTCTGCTGGAGACCACTGAGAG,1
AGCTCTGCTGGAGACCACTGAGAGC,1
GCTCTGCTGGAGACCACTGAGAGCA,1
CTCTGCTGGAGACCACTGAGAGCAG,1
TCTGCTGGAGACCACTGAGAGCAGC,1
CTGCTGGAGACCACTGAGAGCAGCA,1
TGCTGGAGACCACTGAGAGCAGCAA,1
GCTGGAGACCACTGAGAGCAGCAAG,1
CTGGAGACCACTGAGAGCAGCAAGA,1
TGGAGACCACTGAGAGCAGCAAGAG,1
GGAGACCACTGAGAGCAGCAAGAGT,1
GAGACCACTGAGAGCAGCAAGAGTA,1
AGACCACTGAGAGCAGCAAGAGTAC,1
GACCACTGAGAGCAGCAAGAGTACA,1
ACCACTGAGAGCAGCAAGAGTACAA,1
CCACTGAGAGCAGCAAGAGTACAAA,1
CACTGAGAGCAGCAAGAGTACAAAC,1
ACTGAGAGCAGCAAGAGTACAAACT,1
CTGAGAGCAGCAAGAGTACAAACTC,1
TGAGAGCAGCAAGAGTACAAACTCA,1
GAGAGCAGCAAGAGTACAAACTCAC,1
AGAGCAGCAAGAGTACAAACTCACA,1
GAGCAGCAAGAGTACAAACTCACAG,1
AGCAGCAAGAGTACAAACTCACAGA,1
GCAGCAAGAGTACAAACTCACAGAG,1
CAGCAAGAGTACAAACTCACAGAGC,1
AGCAAGAGTACAAACTCACAGAGCC,1
GCAAGAGTACAAACTCACAGAGCCC,1
CAAGAGTACAAACTCACAGAGCCCA,1
AAGAGTACAAACTCACAGAGCCCAT,1
AGAGTACAAACTCACAGAGCCCATC,1
GAGTACAAACTCACAGAGCCCATCC,1
AGTACAAACTCACAGAGCCCATCCC,1
GTACAAACTCACAGAGCCCATCCCC,1
TACAAACTCACAGAGCCCATCCCCA,1
ACAAACTCACAGAGCCCATCCCCAC,1
CAAACTCACAGAGCCCATCCCCACC,1
AAACTCACAGAGCCCATCCCCACCC,1
AACTCACAGAGCCCATCCCCACCCA,1
ACTCACAGAGCCCATCCCCACCCAG,1
CTCACAGAGCCCATCCCCACCCAGC,1
TCACAGAGCCCATCCCCACCCAGCA,1
CACAGAGCCCATCCCCACCCAGCAG,1
ACAGAGCCCATCCCCACCCAGCAGC,1
CAGAGCCCATCCCCACCCAGCAGCT,1
AGAGCCCATCCCCACCCAGCAGCTC,1
GAGCCCATCCCCACCCAGCAGCTCC,1
AGCCCATCCCCACCCAGCAGCTCCA,1
GCCCATCCCCACCCAGCAGCTCCAT,1
CCCATCCCCACCCAGCAGCTCCATT,1
CCATCCCCACCCAGCAGCTCCATTG,1
CATCCCCACCCAGCAGCTCCATTGC,1
ATCCCCACCCAGCAGCTCCATTGCC,1
TCCCCACCCAGCAGCTCCATTGCCT,1
CCCCACCCAGCAGCTCCATTGCCTA,1
CCCACCCAGCAGCTCCATTGCCTAC,1
CCACCCAGCAGCTCCATTGCCTACA,1
CACCCAGCAGCTCCATTGCCTACAG,1
ACCCAGCAGCTCCATTGCCTACAGC,1
CCCAGCAGCTCCATTGCCTACAGCC,1
CCAGCAGCTCCATTGCCTACAGCCT,1
CAGCAGCTCCATTGCCTACAGCCTC,1
AGCAGCTCCATTGCCTACAGCCTCC,1
GCAGCTCCATTGCCTACAGCCTCCT,1
CAGCTCCATTGCCTACAGCCTCCTG,1
AGCTCCATTGCCTACAGCCTCCTGA,1
GCTCCATTGCCTACAGCCTCCTGAG,1
CTCCATTGCCTACAGCCTCCTGAGT,1
CACCGATCCACACAGAGTACTTGCG,1
ACCGATCCACACAGAGTACTTGCGC,1
CCGATCCACACAGAGTACTTGCGCT,1
CGATCCACACAGAGTACTTGCGCTC,1
GATCCACACAGAGTACTTGCGCTCA,1
ATCCACACAGAGTACTTGCGCTCAG,1
TCCACACAGAGTACTTGCGCTCAGG,1
CCACACAGAGTACTTGCGCTCAGGA,1
CACACAGAGTACTTGCGCTCAGGAG,1
ACACAGAGTACTTGCGCTCAGGAGG,1
CACAGAGTACTTGCGCTCAGGAGGA,1
ACAGAGTACTTGCGCTCAGGAGGAG,1
CAGAGTACTTGCGCTCAGGAGGAGC,1
AGAGTACTTGCGCTCAGGAGGAGCA,1
GAGTACTTGCGCTCAGGAGGAGCAA,1
AGTACTTGCGCTCAGGAGGAGCAAT,1
GTACTTGCGCTCAGGAGGAGCAATG,1
TACTTGCGCTCAGGAGGAGCAATGA,1
ACTTGCGCTCAGGAGGAGCAATGAT,1
CTTGCGCTCAGGAGGAGCAATGATC,1
TTGCGCTCAGGAGGAGCAATGATCT,1
TGCGCTCAGGAGGAGCAATGATCTT,1
GCGCTCAGGAGGAGCAATGATCTTG,1
CGCTCAGGAGGAGCAATGATCTTGA,1
GCTCAGGAGGAGCAATGATCTTGAT,1
CTCAGGAGGAGCAATGATCTTGATC,1
TCAGGAGGAGCAATGATCTTGATCT,1
CAGGAGGAGCAATGATCTTGATCTT,1
AGGAGGAGCAATGATCTTGATCTTC,1
GGAGGAGCAATGATCTTGATCTTCA,1
GAGGAGCAATGATCTTGATCTTCAT,1
AGGAGCAATGATCTTGATCTTCATG,1
GGAGCAATGATCTTGATCTTCATGG,1
GAGCAATGATCTTGATCTTCATGGT,1
AGCAATGATCTTGATCTTCATGGTG,1
GCAATGATCTTGATCTTCATGGTGC,1
CAATGATCTTGATCTTCATGGTGCT,1
AATGATCTTGATCTTCATGGTGCTA,1
ATGATCTTGATCTTCATGGTGCTAG,1
TGATCTTGATCTTCATGGTGCTAGG,1
GATCTTGATCTTCATGGTGCTAGGA,1
ATCTTGATCTTCATGGTGCTAGGAG,1
TCTTGATCTTCATGGTGCTAGGAGC,1
CTTGATCTTCATGGTGCTAGGAGCC,1
TTGATCTTCATGGTGCTAGGAGCCA,1
TGATCTTCATGGTGCTAGGAGCCAG,1
GATCTTCATGGTGCTAGGAGCCAGA,1
ATCTTCATGGTGCTAGGAGCCAGAG,1
TCTTCATGGTGCTAGGAGCCAGAGC,1
CTTCATGGTGCTAGGAGCCAGAGCA,1
TTCATGGTGCTAGGAGCCAGAGCAG,1
TCATGGTGCTAGGAGCCAGAGCAGT,1
CATGGTGCTAGGAGCCAGAGCAGTA,1
ATGGTGCTAGGAGCCAGAGCAGTAA,1
TGGTGCTAGGAGCCAGAGCAGTAAT,1
GGTGCTAGGAGCCAGAGCAGTAATC,1
GTGCTAGGAGCCAGAGCAGTAATCT,1
TGCTAGGAGCCAGAGCAGTAATCTC,1
GCTAGGAGCCAGAGCAGTAATCTCC,1
CTAGGAGCCAGAGCAGTAATCTCCT,1
TAGGAGCCAGAGCAGTAATCTCCTT,1
AGGAGCCAGAGCAGTAATCTCCTTC,1
GGAGCCAGAGCAGTAATCTCCTTCT,1
GAGCCAGAGCAGTAATCTCCTTCTG,1
AGCCAGAGCAGTAATCTCCTTCTGC,1
GCCAGAGCAGTAATCTCCTTCTGCA,1
CCAGAGCAGTAATCTCCTTCTGCAT,1
CAGAGCAGTAATCTCCTTCTGCATC,1
AGAGCAGTAATCTCCTTCTGCATCC,1
GAGCAGTAATCTCCTTCTGCATCCT,1
AGCAGTAATCTCCTTCTGCATCCTG,1
GCAGTAATCTCCTTCTGCATCCTGT,1
CAGTAATCTCCTTCTGCATCCTGTC,1
AGTAATCTCCTTCTGCATCCTGTCA,1
GTAATCTCCTTCTGCATCCTGTCAG,1
TAATCTCCTTCTGCATCCTGTCAGC,1
CTTTGTAGCACAGGCTACCGTGGAA,1
TTTGTAGCACAGGCTACCGTGGAAC,1
TTGTAGCACAGGCTACCGTGGAACT,1
TGTAGCACAGGCTACCGTGGAACTC,1
GTAGCACAGGCTACCGTGGAACTCA,1
TAGCACAGGCTACCGTGGAACTCAC,1
AGCACAGGCTACCGTGGAACTCACT,1
GCACAGGCTACCGTGGAACTCACTA,1
CACAGGCTACCGTGGAACTCACTAT,1
ACAGGCTACCGTGGAACTCACTATA,1
CAGGCTACCGTGGAACTCACTATAC,1
AGGCTACCGTGGAACTCACTATACA,1
GGCTACCGTGGAACTCACTATACAG,1
GCTACCGTGGAACTCACTATACAGC,1
CTACCGTGGAACTCACTATACAGCT,1
TACCGTGGAACTCACTATACAGCTC,1
ACCGTGGAACTCACTATACAGCTCA,1
CCGTGGAACTCACTATACAGCTCAG,1
CGTGGAACTCACTATACAGCTCAGG,1
GTGGAACTCACTATACAGCTCAGGG,1
TGGAACTCACTATACAGCTCAGGGT,1
GGAACTCACTATACAGCTCAGGGTA,1
GAACTCACTATACAGCTCAGGGTAG,1
AACTCACTATACAGCTCAGGGTAGC,1
ACTCACTATACAGCTCAGGGTAGCA,1
CTCACTATACAGCTCAGGGTAGCAC,1
TCACTATACAGCTCAGGGTAGCACC,1
CACTATACAGCTCAGGGTAGCACCA,1
ACTATACAGCTCAGGGTAGCACCAA,1
CTATACAGCTCAGGGTAGCACCAAA,1
TATACAGCTCAGGGTAGCACCAAAA,1
ATACAGCTCAGGGTAGCACCAAAAT,1
TACAGCTCAGGGTAGCACCAAAATT,1
ACAGCTCAGGGTAGCACCAAAATTC,1
CAGCTCAGGGTAGCACCAAAATTCT,1
AGCTCAGGGTAGCACCAAAATTCTC,1
GCTCAGGGTAGCACCAAAATTCTCA,1
CTCAGGGTAGCACCAAAATTCTCAG,1
TCAGGGTAGCACCAAAATTCTCAGG,1
CAGGGTAGCACCAAAATTCTCAGGG,1
AGGGTAGCACCAAAATTCTCAGGGC,1
GGGTAGCACCAAAATTCTCAGGGCT,1
GGTAGCACCAAAATTCTCAGGGCTC,1
GTAGCACCAAAATTCTCAGGGCTCT,1
TAGCACCAAAATTCTCAGGGCTCTC,1
AGCACCAAAATTCTCAGGGCTCTCC,1
GCACCAAAATTCTCAGGGCTCTCCC,1
CACCAAAATTCTCAGGGCTCTCCCT,1
ACCAAAATTCTCAGGGCTCTCCCTG,1
CCAAAATTCTCAGGGCTCTCCCTGC,1
CAAAATTCTCAGGGCTCTCCCTGCT,1
AAAATTCTCAGGGCTCTCCCTGCTT,1
AAATTCTCAGGGCTCTCCCTGCTTT,1
AATTCTCAGGGCTCTCCCTGCTTTA,1
ATTCTCAGGGCTCTCCCTGCTTTAC,1
TTCTCAGGGCTCTCCCTGCTTTACT,1
TCTCAGGGCTCTCCCTGCTTTACTT,1
CTCAGGGCTCTCCCTGCTTTACTTG,1
TCAGGGCTCTCCCTGCTTTACTTGA,1
CAGGGCTCTCCCTGCTTTACTTGAG,1
AGGGCTCTCCCTGCTTTACTTGAGG,1
GGGCTCTCCCTGCTTTACTTGAGGG,1
GGCTCTCCCTGCTTTACTTGAGGGA,1
GCTCTCCCTGCTTTACTTGAGGGAG,1
CTCTCCCTGCTTTACTTGAGGGAGG,1
TCTCCCTGCTTTACTTGAGGGAGGT,1
CTCCCTGCTTTACTTGAGGGAGGTT,1
TCCCTGCTTTACTTGAGGGAGGTTA,1
CCCTGCTTTACTTGAGGGAGGTTAT,1
CCTGCTTTACTTGAGGGAGGTTATT,1
CTGCTTTACTTGAGGGAGGTTATTT,1
TGCTTTACTTGAGGGAGGTTATTTT,1
GCTTTACTTGAGGGAGGTTATTTTG,1
CTTTACTTGAGGGAGGTTATTTTGG,1
TTTACTTGAGGGAGGTTATTTTGGC,1
TTACTTGAGGGAGGTTATTTTGGCT,1
GCAGTACCAGCTATTACTCTGGGAT,1
CAGTACCAGCTATTACTCTGGGATG,1
AGTACCAGCTATTACTCTGGGATGG,1
GTACCAGCTATTACTCTGGGATGGT,1
TACCAGCTATTACTCTGGGATGGTC,1
ACCAGCTATTACTCTGGGATGGTCT,1
CCAGCTATTACTCTGGGATGGTCTG,1
CAGCTATTACTCTGGGATGGTCTGG,1
AGCTATTACTCTGGGATGGTCTGGG,1
GCTATTACTCTGGGATGGTCTGGGA,1
CTATTACTCTGGGATGGTCTGGGAT,1
TATTACTCTGGGATGGTCTGGGATG,1
ATTACTCTGGGATGGTCTGGGATGC,1
TTACTCTGGGATGGTCTGGGATGCT,1
TACTCTGGGATGGTCTGGGATGCTT,1
ACTCTGGGATGGTCTGGGATGCTTA,1
CTCTGGGATGGTCTGGGATGCTTAG,1
TCTGGGATGGTCTGGGATGCTTAGA,1
CTGGGATGGTCTGGGATGCTTAGAA,1
TGGGATGGTCTGGGATGCTTAGAAG,1
GGGATGGTCTGGGATGCTTAGAAGT,1
GGATGGTCTGGGATGCTTAGAAGTG,1
GATGGTCTGGGATGCTTAGAAGTGA,1
ATGGTCTGGGATGCTTAGAAGTGAG,1
TGGTCTGGGATGCTTAGAAGTGAGA,1
GGTCTGGGATGCTTAGAAGTGAGAA,1
GTCTGGGATGCTTAGAAGTGAGAAA,1
TCTGGGATGCTTAGAAGTGAGAAAA,1
CTGGGATGCTTAGAAGTGAGAAAAA,1
TGGGATGCTTAGAAGTGAGAAAAAA,1
GGGATGCTTAGAAGTGAGAAAAAAA,1
GGATGCTTAGAAGTGAGAAAAAAAA,1
GATGCTTAGAAGTGAGAAAAAAAAA,1
ATGCTTAGAAGTGAGAAAAAAAAAA,1
TGCTTAGAAGTGAGAAAAAAAAAAT,1
GCTTAGAAGTGAGAAAAAAAAAATC,1
CTTAGAAGTGAGAAAAAAAAAATCA,1
TTAGAAGTGAGAAAAAAAAAATCAA,1
TAGAAGTGAGAAAAAAAAAATCAAG,1
AGAAGTGAGAAAAAAAAAATCAAGG,1
GAAGTGAGAAAAAAAAAATCAAGGG,1
AAGTGAGAAAAAAAAAATCAAGGGA,1
AGTGAGAAAAAAAAAATCAAGGGAA,1
GTGAGAAAAAAAAAATCAAGGGAAT,1
TGAGAAAAAAAAAATCAAGGGAATT,1
GAGAAAAAAAAAATCAAGGGAATTT,1
AGAAAAAAAAAATCAAGGGAATTTT,1
GAAAAAAAAAATCAAGGGAATTTTT,1
AAAAAAAAAATCAAGGGAATTTTTG,1
AAAAAAAAATCAAGGGAATTTTTGA,1
AAAAAAAATCAAGGGAATTTTTGAA,1
AAAAAAATCAAGGGAATTTTTGAAG,1
AAAAAATCAAGGGAATTTTTGAAGA,1
AAAAATCAAGGGAATTTTTGAAGAA,1
AAAATCAAGGGAATTTTTGAAGAAA,1
AAATCAAGGGAATTTTTGAAGAAAG,1
AATCAAGGGAATTTTTGAAGAAAGA,1
ATCAAGGGAATTTTTGAAGAAAGAA,1
TCAAGGGAATTTTTGAAGAAAGAAA,1
CAAGGGAATTTTTGAAGAAAGAAAA,1
AAGGGAATTTTTGAAGAAAGAAAAA,1
AGGGAATTTTTGAAGAAAGAAAAAA,1
GGGAATTTTTGAAGAAAGAAAAAAT,1
GGAATTTTTGAAGAAAGAAAAAATA,1
GAATTTTTGAAGAAAGAAAAAATAA,1
AATTTTTGAAGAAAGAAAAAATAAT,1
ATTTTTGAAGAAAGAAAAAATAATG,1
TTTTTGAAGAAAGAAAAAATAATGG,1
TTTTGAAGAAAGAAAAAATAATGGA,1
TTTGAAGAAAGAAAAAATAATGGAG,1
TTGAAGAAAGAAAAAATAATGGAGT,1
TGAAGAAAGAAAAAATAATGGAGTT,1
GAAGAAAGAAAAAATAATGGAGTTT,1
AAGAAAGAAAAAATAATGGAGTTTT,1
AGAAAGAAAAAATAATGGAGTTTTA,1
GAAAGAAAAAATAATGGAGTTTTAA,1
CTACAGTTTCATACTATCTGAACAA,1
TACAGTTTCATACTATCTGAACAAA,1
ACAGTTTCATACTATCTGAACAAAG,1
CAGTTTCATACTATCTGAACAAAGT,1
AGTTTCATACTATCTGAACAAAGTG,1
GTTTCATACTATCTGAACAAAGTGT,1
TTTCATACTATCTGAACAAAGTGTC,1
TTCATACTATCTGAACAAAGTGTCA,1
TCATACTATCTGAACAAAGTGTCAG,1
CATACTATCTGAACAAAGTGTCAGA,1
ATACTATCTGAACAAAGTGTCAGAC,1
TACTATCTGAACAAAGTGTCAGACC,1
ACTATCTGAACAAAGTGTCAGACCT,1
CTATCTGAACAAAGTGTCAGACCTC,1
TATCTGAACAAAGTGTCAGACCTCA,1
ATCTGAACAAAGTGTCAGACCTCAA,1
TCTGAACAAAGTGTCAGACCTCAAA,1
CTGAACAAAGTGTCAGACCTCAAAA,1
TGAACAAAGTGTCAGACCTCAAAAT,1
GAACAAAGTGTCAGACCTCAAAATG,1
AACAAAGTGTCAGACCTCAAAATGA,1
ACAAAGTGTCAGACCTCAAAATGAT,1
CAAAGTGTCAGACCTCAAAATGATG,1
AAAGTGTCAGACCTCAAAATGATGA,1
AAGTGTCAGACCTCAAAATGATGAA,1
AGTGTCAGACCTCAAAATGATGAAC,1
GTGTCAGACCTCAAAATGATGAACA,1
TGTCAGACCTCAAAATGATGAACAT,1
GTCAGACCTCAAAATGATGAACATC,1
TCAGACCTCAAAATGATGAACATCG,1
CAGACCTCAAAATGATGAACATCGG,1
AGACCTCAAAATGATGAACATCGGC,1
GACCTCAAAATGATGAACATCGGCT,1
ACCTCAAAATGATGAACATCGGCTT,1
CCTCAAAATGATGAACATCGGCTTA,1
CTCAAAATGATGAACATCGGCTTAG,1
TCAAAATGATGAACATCGGCTTAGA,1
CAAAATGATGAACATCGGCTTAGAG,1
AAAATGATGAACATCGGCTTAGAGG,1
AAATGATGAACATCGGCTTAGAGGA,1
AATGATGAACATCGGCTTAGAGGAT,1
ATGATGAACATCGGCTTAGAGGATG,1
TGATGAACATCGGCTTAGAGGATGG,1
GATGAACATCGGCTTAGAGGATGGG,1
ATGAACATCGGCTTAGAGGATGGGG,1
TGAACATCGGCTTAGAGGATGGGGC,1
GAACATCGGCTTAGAGGATGGGGCT,1
AACATCGGCTTAGAGGATGGGGCTT,1
ACATCGGCTTAGAGGATGGGGCTTC,1
CATCGGCTTAGAGGATGGGGCTTCG,1
ATCGGCTTAGAGGATGGGGCTTCGC,1
TCGGCTTAGAGGATGGGGCTTCGCG,1
CGGCTTAGAGGATGGGGCTTCGCGT,1
GGCTTAGAGGATGGGGCTTCGCGTT,1
GCTTAGAGGATGGGGCTTCGCGTTA,1
CTTAGAGGATGGGGCTTCGCGTTAA,1
TTAGAGGATGGGGCTTCGCGTTAAC,1
TAGAGGATGGGGCTTCGCGTTAACA,1
AGAGGATGGGGCTTCGCGTTAACAG,1
GAGGATGGGGCTTCGCGTTAACAGT,1
AGGATGGGGCTTCGCGTTAACAGTA,1
GGATGGGGCTTCGCGTTAACAGTAT,1
GATGGGGCTTCGCGTTAACAGTATT,1
ATGGGGCTTCGCGTTAACAGTATTC,1
TGGGGCTTCGCGTTAACAGTATTCA,1
GGGGCTTCGCGTTAACAGTATTCAG,1
GGGCTTCGCGTTAACAGTATTCAGC,1
GGCTTCGCGTTAACAGTATTCAGCT,1
GCTTCGCGTTAACAGTATTCAGCTG,1
CTTCGCGTTAACAGTATTCAGCTGT,1
TTCGCGTTAACAGTATTCAGCTGTC,1
TCGCGTTAACAGTATTCAGCTGTCA,1
CGCGTTAACAGTATTCAGCTGTCAG,1
GCGTTAACAGTATTCAGCTGTCAGG,1
CGTTAACAGTATTCAGCTGTCAGGG,1
GTTAACAGTATTCAGCTGTCAGGGA,1
CTGGCTTCCAGCTCTTTCTATGGCA,1
TGGCTTCCAGCTCTTTCTATGGCAA,1
GGCTTCCAGCTCTTTCTATGGCAAC,1
GCTTCCAGCTCTTTCTATGGCAACA,1
CTTCCAGCTCTTTCTATGGCAACAA,1
TTCCAGCTCTTTCTATGGCAACAAC,1
TCCAGCTCTTTCTATGGCAACAACT,1
CCAGCTCTTTCTATGGCAACAACTC,1
CAGCTCTTTCTATGGCAACAACTCT,1
AGCTCTTTCTATGGCAACAACTCTC,1
GCTCTTTCTATGGCAACAACTCTCT,1
CTCTTTCTATGGCAACAACTCTCTG,1
TCTTTCTATGGCAACAACTCTCTGA,1
CTTTCTATGGCAACAACTCTCTGAG,1
TTTCTATGGCAACAACTCTCTGAGC,1
TTCTATGGCAACAACTCTCTGAGCA,1
TCTATGGCAACAACTCTCTGAGCAG,1
CTATGGCAACAACTCTCTGAGCAGT,1
TATGGCAACAACTCTCTGAGCAGTA,1
ATGGCAACAACTCTCTGAGCAGTAA,1
TGGCAACAACTCTCTGAGCAGTAAC,1
GGCAACAACTCTCTGAGCAGTAACT,1
GCAACAACTCTCTGAGCAGTAACTC,1
CAACAACTCTCTGAGCAGTAACTCC,1
AACAACTCTCTGAGCAGTAACTCCC,1
ACAACTCTCTGAGCAGTAACTCCCA,1
CAACTCTCTGAGCAGTAACTCCCAG,1
AACTCTCTGAGCAGTAACTCCCAGA,1
ACTCTCTGAGCAGTAACTCCCAGAG,1
CTCTCTGAGCAGTAACTCCCAGAGC,1
TCTCTGAGCAGTAACTCCCAGAGCA,1
CTCTGAGCAGTAACTCCCAGAGCAG,1
TCTGAGCAGTAACTCCCAGAGCAGC,1
CTGAGCAGTAACTCCCAGAGCAGCT,1
TGAGCAGTAACTCCCAGAGCAGCTC,1
GAGCAGTAACTCCCAGAGCAGCTCC,1
AGCAGTAACTCCCAGAGCAGCTCCC,1
GCAGTAACTCCCAGAGCAGCTCCCT,1
CAGTAACTCCCAGAGCAGCTCCCTC,1
AGTAACTCCCAGAGCAGCTCCCTCT,1
GTAACTCCCAGAGCAGCTCCCTCTT,1
TAACTCCCAGAGCAGCTCCCTCTTC,1
AACTCCCAGAGCAGCTCCCTCTTCT,1
ACTCCCAGAGCAGCTCCCTCTTCTC,1
CTCCCAGAGCAGCTCCCTCTTCTCT,1
TCCCAGAGCAGCTCCCTCTTCTCTC,1
CCCAGAGCAGCTCCCTCTTCTCTCA,1
CCAGAGCAGCTCCCTCTTCTCTCAG,1
CAGAGCAGCTCCCTCTTCTCTCAGG,1
AGAGCAGCTCCCTCTTCTCTCAGGG,1
GAGCAGCTCCCTCTTCTCTCAGGGC,1
AGCAGCTCCCTCTTCTCTCAGGGCT,1
GCAGCTCCCTCTTCTCTCAGGGCTC,1
CAGCTCCCTCTTCTCTCAGGGCTCT,1
AGCTCCCTCTTCTCTCAGGGCTCTG,1
GCTCCCTCTTCTCTCAGGGCTCTGC,1
CTCCCTCTTCTCTCAGGGCTCTGCA,1
TCCCTCTTCTCTCAGGGCTCTGCAC,1
CCCTCTTCTCTCAGGGCTCTGCACA,1
CCTCTTCTCTCAGGGCTCTGCACAG,1
CTCTTCTCTCAGGGCTCTGCACAGC,1
TCTTCTCTCAGGGCTCTGCACAGCC,1
CTTCTCTCAGGGCTCTGCACAGCCT,1
TTCTCTCAGGGCTCTGCACAGCCTG,1
TCTCTCAGGGCTCTGCACAGCCTGC,1
CTCTCAGGGCTCTGCACAGCCTGCC,1
TCTCAGGGCTCTGCACAGCCTGCCA,1
CTCAGGGCTCTGCACAGCCTGCCAA,1
TCAGGGCTCTGCACAGCCTGCCAAC,1
CAGGGCTCTGCACAGCCTGCCAACA,1
AGGGCTCTGCACAGCCTGCCAACAC,1
GGGCTCTGCACAGCCTGCCAACACG,1
GGCTCTGCACAGCCTGCCAACACGT,1
GCTCTGCACAGCCTGCCAACACGTC,1
CTCTGCACAGCCTGCCAACACGTCC,1
TCTGCACAGCCTGCCAACACGTCCT,1
CTCCCGTGAAGCTTCCCACACTCTC,1
TCCCGTGAAGCTTCCCACACTCTCA,1
CCCGTGAAGCTTCCCACACTCTCAG,1
CCGTGAAGCTTCCCACACTCTCAGG,1
CGTGAAGCTTCCCACACTCTCAGGG,1
GTGAAGCTTCCCACACTCTCAGGGA,1
TGAAGCTTCCCACACTCTCAGGGAC,1
GAAGCTTCCCACACTCTCAGGGACA,1
AAGCTTCCCACACTCTCAGGGACAA,1
AGCTTCCCACACTCTCAGGGACAAA,1
GCTTCCCACACTCTCAGGGACAAAG,1
CTTCCCACACTCTCAGGGACAAAGG,1
TTCCCACACTCTCAGGGACAAAGGC,1
TCCCACACTCTCAGGGACAAAGGCA,1
CCCACACTCTCAGGGACAAAGGCAG,1
CCACACTCTCAGGGACAAAGGCAGA,1
CACACTCTCAGGGACAAAGGCAGAG,1
ACACTCTCAGGGACAAAGGCAGAGC,1
CACTCTCAGGGACAAAGGCAGAGCC,1
ACTCTCAGGGACAAAGGCAGAGCCT,1
CTCTCAGGGACAAAGGCAGAGCCTA,1
TCTCAGGGACAAAGGCAGAGCCTAC,1
CTCAGGGACAAAGGCAGAGCCTACA,1
TCAGGGACAAAGGCAGAGCCTACAA,1
CAGGGACAAAGGCAGAGCCTACAAA,1
AGGGACAAAGGCAGAGCCTACAAAG,1
GGGACAAAGGCAGAGCCTACAAAGT,1
GGACAAAGGCAGAGCCTACAAAGTG,1
GACAAAGGCAGAGCCTACAAAGTGG,1
ACAAAGGCAGAGCCTACAAAGTGGG,1
CAAAGGCAGAGCCTACAAAGTGGGG,1
AAAGGCAGAGCCTACAAAGTGGGGT,1
AAGGCAGAGCCTACAAAGTGGGGTT,1
AGGCAGAGCCTACAAAGTGGGGTTC,1
GGCAGAGCCTACAAAGTGGGGTTCA,1
GCAGAGCCTACAAAGTGGGGTTCAT,1
CAGAGCCTACAAAGTGGGGTTCATT,1
AGAGCCTACAAAGTGGGGTTCATTC,1
GAGCCTACAAAGTGGGGTTCATTCA,1
AGCCTACAAAGTGGGGTTCATTCAG,1
GCCTACAAAGTGGGGTTCATTCAGC,1
CCTACAAAGTGGGGTTCATTCAGCC,1
CTACAAAGTGGGGTTCATTCAGCCA,1
TACAAAGTGGGGTTCATTCAGCCAA,1
ACAAAGTGGGGTTCATTCAGCCAAA,1
CAAAGTGGGGTTCATTCAGCCAAAA,1
AAAGTGGGGTTCATTCAGCCAAAAA,1
AAGTGGGGTTCATTCAGCCAAAAAG,1
AGTGGGGTTCATTCAGCCAAAAAGC,1
GTGGGGTTCATTCAGCCAAAAAGCC,1
TGGGGTTCATTCAGCCAAAAAGCCA,1
GGGGTTCATTCAGCCAAAAAGCCAG,1
GGGTTCATTCAGCCAAAAAGCCAGG,1
GGTTCATTCAGCCAAAAAGCCAGGT,1
GTTCATTCAGCCAAAAAGCCAGGTA,1
TTCATTCAGCCAAAAAGCCAGGTAC,1
TCATTCAGCCAAAAAGCCAGGTACT,1
CATTCAGCCAAAAAGCCAGGTACTC,1
ATTCAGCCAAAAAGCCAGGTACTCT,1
TTCAGCCAAAAAGCCAGGTACTCTG,1
TCAGCCAAAAAGCCAGGTACTCTGT,1
CAGCCAAAAAGCCAGGTACTCTGTC,1
AGCCAAAAAGCCAGGTACTCTGTCT,1
GCCAAAAAGCCAGGTACTCTGTCTT,1
CCAAAAAGCCAGGTACTCTGTCTTG,1
CAAAAAGCCAGGTACTCTGTCTTGA,1
AAAAAGCCAGGTACTCTGTCTTGAT,1
AAAAGCCAGGTACTCTGTCTTGATG,1
AAAGCCAGGTACTCTGTCTTGATGG,1
AAGCCAGGTACTCTGTCTTGATGGA,1
AGCCAGGTACTCTGTCTTGATGGAG,1
GCCAGGTACTCTGTCTTGATGGAGT,1
CCAGGTACTCTGTCTTGATGGAGTG,1
CAGGTACTCTGTCTTGATGGAGTGG,1
AGGTACTCTGTCTTGATGGAGTGGT,1
GGTACTCTGTCTTGATGGAGTGGTG,1
CTCACTCGCCGAGGTGATATCAACT,1
TCACTCGCCGAGGTGATATCAACTT,1
CACTCGCCGAGGTGATATCAACTTG,1
ACTCGCCGAGGTGATATCAACTTGC,1
CTCGCCGAGGTGATATCAACTTGCT,1
TCGCCGAGGTGATATCAACTTGCTG,1
CGCCGAGGTGATATCAACTTGCTGA,1
GCCGAGGTGATATCAACTTGCTGAT,1
CCGAGGTGATATCAACTTGCTGATG,1
CGAGGTGATATCAACTTGCTGATGT,1
GAGGTGATATCAACTTGCTGATGTT,1
AGGTGATATCAACTTGCTGATGTTG,1
GGTGATATCAACTTGCTGATGTTGG,1
GTGATATCAACTTGCTGATGTTGGG,1
TGATATCAACTTGCTGATGTTGGGA,1
GATATCAACTTGCTGATGTTGGGAG,1
ATATCAACTTGCTGATGTTGGGAGA,1
TATCAACTTGCTGATGTTGGGAGAC,1
ATCAACTTGCTGATGTTGGGAGACC,1
TCAACTTGCTGATGTTGGGAGACCC,1
CAACTTGCTGATGTTGGGAGACCCT,1
AACTTGCTGATGTTGGGAGACCCTG,1
ACTTGCTGATGTTGGGAGACCCTGG,1
CTTGCTGATGTTGGGAGACCCTGGT,1
TTGCTGATGTTGGGAGACCCTGGTA,1
TGCTGATGTTGGGAGACCCTGGTAC,1
GCTGATGTTGGGAGACCCTGGTACA,1
CTGATGTTGGGAGACCCTGGTACAG,1
TGATGTTGGGAGACCCTGGTACAGC,1
GATGTTGGGAGACCCTGGTACAGCC,1
ATGTTGGGAGACCCTGGTACAGCCA,1
TGTTGGGAGACCCTGGTACAGCCAA,1
GTTGGGAGACCCTGGTACAGCCAAG,1
TTGGGAGACCCTGGTACAGCCAAGT,1
TGGGAGACCCTGGTACAGCCAAGTC,1
GGGAGACCCTGGTACAGCCAAGTCT,1
GGAGACCCTGGTACAGCCAAGTCTC,1
GAGACCCTGGTACAGCCAAGTCTCA,1
AGACCCTGGTACAGCCAAGTCTCAG,1
GACCCTGGTACAGCCAAGTCTCAGC,1
ACCCTGGTACAGCCAAGTCTCAGCT,1
CCCTGGTACAGCCAAGTCTCAGCTT,1
CCTGGTACAGCCAAGTCTCAGCTTC,1
CTGGTACAGCCAAGTCTCAGCTTCT,1
TGGTACAGCCAAGTCTCAGCTTCTG,1
GGTACAGCCAAGTCTCAGCTTCTGA,1
GTACAGCCAAGTCTCAGCTTCTGAA,1
TACAGCCAAGTCTCAGCTTCTGAAG,1
ACAGCCAAGTCTCAGCTTCTGAAGT,1
CAGCCAAGTCTCAGCTTCTGAAGTT,1
AGCCAAGTCTCAGCTTCTGAAGTTT,1
GCCAAGTCTCAGCTTCTGAAGTTTG,1
CCAAGTCTCAGCTTCTGAAGTTTGT,1
CAAGTCTCAGCTTCTGAAGTTTGTG,1
AAGTCTCAGCTTCTGAAGTTTGTGG,1
AGTCTCAGCTTCTGAAGTTTGTGGA,1
GTCTCAGCTTCTGAAGTTTGTGGAG,1
TCTCAGCTTCTGAAGTTTGTGGAGA,1
CTCAGCTTCTGAAGTTTGTGGAGAA,1
TCAGCTTCTGAAGTTTGTGGAGAAG,1
CAGCTTCTGAAGTTTGTGGAGAAGT,1
AGCTTCTGAAGTTTGTGGAGAAGTG,1
GCTTCTGAAGTTTGTGGAGAAGTGC,1
CTTCTGAAGTTTGTGGAGAAGTGCT,1
TTCTGAAGTTTGTGGAGAAGTGCTC,1
TCTGAAGTTTGTGGAGAAGTGCTCT,1
CTGAAGTTTGTGGAGAAGTGCTCTC,1
TGAAGTTTGTGGAGAAGTGCTCTCC,1
GAAGTTTGTGGAGAAGTGCTCTCCC,1
AAGTTTGTGGAGAAGTGCTCTCCCA,1
AGTTTGTGGAGAAGTGCTCTCCCAT,1
GTTTGTGGAGAAGTGCTCTCCCATT,1
TTTGTGGAGAAGTGCTCTCCCATTG,1
TTGTGGAGAAGTGCTCTCCCATTGG,1
TGTGGAGAAGTGCTCTCCCATTGGG,1
GTGGAGAAGTGCTCTCCCATTGGGG,1
GCAGCAGGGCCTGGGAGGCAGGGCC,1
CAGCAGGGCCTGGGAGGCAGGGCCA,1
AGCAGGGCCTGGGAGGCAGGGCCAG,1
GCAGGGCCTGGGAGGCAGGGCCAGG,1
CAGGGCCTGGGAGGCAGGGCCAGGA,1
AGGGCCTGGGAGGCAGGGCCAGGAG,1
GGGCCTGGGAGGCAGGGCCAGGAGG,1
GGCCTGGGAGGCAGGGCCAGGAGGC,1
GCCTGGGAGGCAGGGCCAGGAGGCC,1
CCTGGGAGGCAGGGCCAGGAGGCCC,1
CTGGGAGGCAGGGCCAGGAGGCCCC,1
TGGGAGGCAGGGCCAGGAGGCCCCT,1
GGGAGGCAGGGCCAGGAGGCCCCTC,1
GGAGGCAGGGCCAGGAGGCCCCTCA,1
GAGGCAGGGCCAGGAGGCCCCTCAG,1
AGGCAGGGCCAGGAGGCCCCTCAGC,1
GGCAGGGCCAGGAGGCCCCTCAGCC,1
GCAGGGCCAGGAGGCCCCTCAGCCT,1
CAGGGCCAGGAGGCCCCTCAGCCTC,1
AGGGCCAGGAGGCCCCTCAGCCTCT,1
GGGCCAGGAGGCCCCTCAGCCTCTG,1
GGCCAGGAGGCCCCTCAGCCTCTGG,1
GCCAGGAGGCCCCTCAGCCTCTGGC,1
CCAGGAGGCCCCTCAGCCTCTGGCC,1
CAGGAGGCCCCTCAGCCTCTGGCCA,1
AGGAGGCCCCTCAGCCTCTGGCCAT,1
GGAGGCCCCTCAGCCTCTGGCCATC,1
GAGGCCCCTCAGCCTCTGGCCATCC,1
AGGCCCCTCAGCCTCTGGCCATCCT,1
GGCCCCTCAGCCTCTGGCCATCCTC,1
GCCCCTCAGCCTCTGGCCATCCTCA,1
CCCCTCAGCCTCTGGCCATCCTCAT,1
CCCTCAGCCTCTGGCCATCCTCATC,1
CCTCAGCCTCTGGCCATCCTCATCG,1
CTCAGCCTCTGGCCATCCTCATCGT,1
TCAGCCTCTGGCCATCCTCATCGTT,1
CAGCCTCTGGCCATCCTCATCGTTT,1
AGCCTCTGGCCATCCTCATCGTTTG,1
GCCTCTGGCCATCCTCATCGTTTGG,1
CCTCTGGCCATCCTCATCGTTTGGG,1
CTCTGGCCATCCTCATCGTTTGGGC,1
TCTGGCCATCCTCATCGTTTGGGCT,1
CTGGCCATCCTCATCGTTTGGGCTG,1
TGGCCATCCTCATCGTTTGGGCTGG,1
GGCCATCCTCATCGTTTGGGCTGGC,1
GCCATCCTCATCGTTTGGGCTGGCA,1
CCATCCTCATCGTTTGGGCTGGCAG,1
CATCCTCATCGTTTGGGCTGGCAGG,1
ATCCTCATCGTTTGGGCTGGCAGGA,1
TCCTCATCGTTTGGGCTGGCAGGAC,1
CCTCATCGTTTGGGCTGGCAGGACT,1
CTCATCGTTTGGGCTGGCAGGACTG,1
TCATCGTTTGGGCTGGCAGGACTGA,1
CATCGTTTGGGCTGGCAGGACTGAG,1
ATCGTTTGGGCTGGCAGGACTGAGC,1
TCGTTTGGGCTGGCAGGACTGAGCA,1
CGTTTGGGCTGGCAGGACTGAGCAT,1
GTTTGGGCTGGCAGGACTGAGCATT,1
TTTGGGCTGGCAGGACTGAGCATTA,1
TTGGGCTGGCAGGACTGAGCATTAA,1
TGGGCTGGCAGGACTGAGCATTAAC,1
GGGCTGGCAGGACTGAGCATTAACA,1
GGCTGGCAGGACTGAGCATTAACAG,1
GCTGGCAGGACTGAGCATTAACAGC,1
CTGGCAGGACTGAGCATTAACAGCC,1
TGGCAGGACTGAGCATTAACAGCCC,1
GGCAGGACTGAGCATTAACAGCCCA,1
GCAGGACTGAGCATTAACAGCCCAG,1
CAGGACTGAGCATTAACAGCCCAGC,1
AGGACTGAGCATTAACAGCCCAGCA,1
GGACTGAGCATTAACAGCCCAGCAG,1
GACTGAGCATTAACAGCCCAGCAGC,1
ACTGAGCATTAACAGCCCAGCAGCT,1
CTGAGCATTAACAGCCCAGCAGCTC,1
TGAGCATTAACAGCCCAGCAGCTCC,1
GAGCATTAACAGCCCAGCAGCTCCA,1
CTTCAGCAGACTCAAAGTCCACATA,1
TTCAGCAGACTCAAAGTCCACATAA,1
TCAGCAGACTCAAAGTCCACATAAC,1
CAGCAGACTCAAAGTCCACATAACC,1
AGCAGACTCAAAGTCCACATAACCA,1
GCAGACTCAAAGTCCACATAACCAA,1
CAGACTCAAAGTCCACATAACCAAA,1
AGACTCAAAGTCCACATAACCAAAT,1
GACTCAAAGTCCACATAACCAAATT,1
ACTCAAAGTCCACATAACCAAATTT,1
CTCAAAGTCCACATAACCAAATTTC,1
TCAAAGTCCACATAACCAAATTTCC,1
CAAAGTCCACATAACCAAATTTCCT,1
AAAGTCCACATAACCAAATTTCCTA,1
AAGTCCACATAACCAAATTTCCTAT,1
AGTCCACATAACCAAATTTCCTATT,1
GTCCACATAACCAAATTTCCTATTT,1
TCCACATAACCAAATTTCCTATTTG,1
CCACATAACCAAATTTCCTATTTGT,1
CACATAACCAAATTTCCTATTTGTA,1
ACATAACCAAATTTCCTATTTGTAC,1
CATAACCAAATTTCCTATTTGTACC,1
ATAACCAAATTTCCTATTTGTACCA,1
TAACCAAATTTCCTATTTGTACCAG,1
AACCAAATTTCCTATTTGTACCAGT,1
ACCAAATTTCCTATTTGTACCAGTT,1
CCAAATTTCCTATTTGTACCAGTTC,1
CAAATTTCCTATTTGTACCAGTTCT,1
AAATTTCCTATTTGTACCAGTTCTG,1
AATTTCCTATTTGTACCAGTTCTGA,1
ATTTCCTATTTGTACCAGTTCTGAC,1
TTTCCTATTTGTACCAGTTCTGACA,1
TTCCTATTTGTACCAGTTCTGACAT,1
TCCTATTTGTACCAGTTCTGACATC,1
CCTATTTGTACCAGTTCTGACATCC,1
CTATTTGTACCAGTTCTGACATCCA,1
TATTTGTACCAGTTCTGACATCCAC,1
ATTTGTACCAGTTCTGACATCCACA,1
TTTGTACCAGTTCTGACATCCACAA,1
TTGTACCAGTTCTGACATCCACAAC,1
TGTACCAGTTCTGACATCCACAACA,1
GTACCAGTTCTGACATCCACAACAG,1
TACCAGTTCTGACATCCACAACAGC,1
ACCAGTTCTGACATCCACAACAGCA,1
CCAGTTCTGACATCCACAACAGCAA,1
CAGTTCTGACATCCACAACAGCAAG,1
AGTTCTGACATCCACAACAGCAAGA,1
GTTCTGACATCCACAACAGCAAGAT,1
TTCTGACATCCACAACAGCAAGATC,1
TCTGACATCCACAACAGCAAGATCA,1
CTGACATCCACAACAGCAAGATCAT,1
TGACATCCACAACAGCAAGATCATT,1
GACATCCACAACAGCAAGATCATTT,1
ACATCCACAACAGCAAGATCATTTT,1
CATCCACAACAGCAAGATCATTTTT,1
ATCCACAACAGCAAGATCATTTTTA,1
TCCACAACAGCAAGATCATTTTTAG,1
CCACAACAGCAAGATCATTTTTAGC,1
CACAACAGCAAGATCATTTTTAGCA,1
ACAACAGCAAGATCATTTTTAGCAA,1
CAACAGCAAGATCATTTTTAGCAAA,1
AACAGCAAGATCATTTTTAGCAAAA,1
ACAGCAAGATCATTTTTAGCAAAAA,1
CAGCAAGATCATTTTTAGCAAAAAG,1
AGCAAGATCATTTTTAGCAAAAAGT,1
GCAAGATCATTTTTAGCAAAAAGTT,1
CAAGATCATTTTTAGCAAAAAGTTC,1
AAGATCATTTTTAGCAAAAAGTTCA,1
AGATCATTTTTAGCAAAAAGTTCAC,1
GATCATTTTTAGCAAAAAGTTCACT,1
ATCATTTTTAGCAAAAAGTTCACTG,1
TCATTTTTAGCAAAAAGTTCACTGA,1
CATTTTTAGCAAAAAGTTCACTGAT,1
ATTTTTAGCAAAAAGTTCACTGATG,1
TTTTTAGCAAAAAGTTCACTGATGG,1
TTTTAGCAAAAAGTTCACTGATGGC,1
CAGACCTGAGCACCGGGTGCTGCGG,1
AGACCTGAGCACCGGGTGCTGCGGG,1
GACCTGAGCACCGGGTGCTGCGGGT,1
ACCTGAGCACCGGGTGCTGCGGGTG,1
CCTGAGCACCGGGTGCTGCGGGTGC,1
CTGAGCACCGGGTGCTGCGGGTGCT,1
TGAGCACCGGGTGCTGCGGGTGCTA,1
GAGCACCGGGTGCTGCGGGTGCTAC,1
AGCACCGGGTGCTGCGGGTGCTACC,1
GCACCGGGTGCTGCGGGTGCTACCT,1
CACCGGGTGCTGCGGGTGCTACCTG,1
ACCGGGTGCTGCGGGTGCTACCTGA,1
CCGGGTGCTGCGGGTGCTACCTGAT,1
CGGGTGCTGCGGGTGCTACCTGATC,1
GGGTGCTGCGGGTGCTACCTGATCA,1
GGTGCTGCGGGTGCTACCTGATCAC,1
GTGCTGCGGGTGCTACCTGATCACA,1
TGCTGCGGGTGCTACCTGATCACAC,1
GCTGCGGGTGCTACCTGATCACACC,1
CTGCGGGTGCTACCTGATCACACCC,1
TGCGGGTGCTACCTGATCACACCCA,1
GCGGGTGCTACCTGATCACACCCAC,1
CGGGTGCTACCTGATCACACCCACT,1
GGGTGCTACCTGATCACACCCACTC,1
GGTGCTACCTGATCACACCCACTCC,1
GTGCTACCTGATCACACCCACTCCT,1
TGCTACCTGATCACACCCACTCCTG,1
GCTACCTGATCACACCCACTCCTGC,1
CTACCTGATCACACCCACTCCTGCA,1
TACCTGATCACACCCACTCCTGCAG,1
ACCTGATCACACCCACTCCTGCAGT,1
CCTGATCACACCCACTCCTGCAGTG,1
CTGATCACACCCACTCCTGCAGTGA,1
TGATCACACCCACTCCTGCAGTGAG,1
GATCACACCCACTCCTGCAGTGAGC,1
ATCACACCCACTCCTGCAGTGAGCG,1
TCACACCCACTCCTGCAGTGAGCGC,1
CACACCCACTCCTGCAGTGAGCGCT,1
ACACCCACTCCTGCAGTGAGCGCTT,1
CACCCACTCCTGCAGTGAGCGCTTG,1
ACCCACTCCTGCAGTGAGCGCTTGC,1
CCCACTCCTGCAGTGAGCGCTTGCA,1
CCACTCCTGCAGTGAGCGCTTGCAG,1
CACTCCTGCAGTGAGCGCTTGCAGT,1
ACTCCTGCAGTGAGCGCTTGCAGTA,1
CTCCTGCAGTGAGCGCTTGCAGTAG,1
TCCTGCAGTGAGCGCTTGCAGTAGA,1
CCTGCAGTGAGCGCTTGCAGTAGAG,1
CTGCAGTGAGCGCTTGCAGTAGAGC,1
TGCAGTGAGCGCTTGCAGTAGAGCA,1
GCAGTGAGCGCTTGCAGTAGAGCAG,1
CAGTGAGCGCTTGCAGTAGAGCAGC,1
AGTGAGCGCTTGCAGTAGAGCAGCA,1
GTGAGCGCTTGCAGTAGAGCAGCAT,1
TGAGCGCTTGCAGTAGAGCAGCATG,1
GAGCGCTTGCAGTAGAGCAGCATGC,1
AGCGCTTGCAGTAGAGCAGCATGCG,1
GCGCTTGCAGTAGAGCAGCATGCGA,1
CGCTTGCAGTAGAGCAGCATGCGAG,1
GCTTGCAGTAGAGCAGCATGCGAGG,1
CTTGCAGTAGAGCAGCATGCGAGGG,1
TTGCAGTAGAGCAGCATGCGAGGGG,1
TGCAGTAGAGCAGCATGCGAGGGGC,1
GCAGTAGAGCAGCATGCGAGGGGCG,1
CAGTAGAGCAGCATGCGAGGGGCGC,1
AGTAGAGCAGCATGCGAGGGGCGCC,1
GTAGAGCAGCATGCGAGGGGCGCCC,1
TAGAGCAGCATGCGAGGGGCGCCCT,1
AGAGCAGCATGCGAGGGGCGCCCTT,1
GAGCAGCATGCGAGGGGCGCCCTTG,1
AGCAGCATGCGAGGGGCGCCCTTGC,1
GCAGCATGCGAGGGGCGCCCTTGCG,1
CAGCATGCGAGGGGCGCCCTTGCGC,1
AGCATGCGAGGGGCGCCCTTGCGCT,1
GCATGCGAGGGGCGCCCTTGCGCTG,1
CATGCGAGGGGCGCCCTTGCGCTGC,1
CTCAAAACCTACAAACACACTGATA,1
TCAAAACCTACAAACACACTGATAA,1
CAAAACCTACAAACACACTGATAAA,1
AAAACCTACAAACACACTGATAAAA,1
AAACCTACAAACACACTGATAAAAT,1
AACCTACAAACACACTGATAAAATT,1
ACCTACAAACACACTGATAAAATTT,1
CCTACAAACACACTGATAAAATTTC,1
CTACAAACACACTGATAAAATTTCT,1
TACAAACACACTGATAAAATTTCTG,1
ACAAACACACTGATAAAATTTCTGC,1
CAAACACACTGATAAAATTTCTGCA,1
AAACACACTGATAAAATTTCTGCAT,1
AACACACTGATAAAATTTCTGCATG,1
ACACACTGATAAAATTTCTGCATGT,1
CACACTGATAAAATTTCTGCATGTC,1
ACACTGATAAAATTTCTGCATGTCT,1
CACTGATAAAATTTCTGCATGTCTC,1
ACTGATAAAATTTCTGCATGTCTCA,1
CTGATAAAATTTCTGCATGTCTCAG,1
TGATAAAATTTCTGCATGTCTCAGC,1
GATAAAATTTCTGCATGTCTCAGCT,1
ATAAAATTTCTGCATGTCTCAGCTT,1
TAAAATTTCTGCATGTCTCAGCTTA,1
AAAATTTCTGCATGTCTCAGCTTAC,1
AAATTTCTGCATGTCTCAGCTTACA,1
AATTTCTGCATGTCTCAGCTTACAT,1
ATTTCTGCATGTCTCAGCTTACATT,1
TTTCTGCATGTCTCAGCTTACATTT,1
TTCTGCATGTCTCAGCTTACATTTG,1
TCTGCATGTCTCAGCTTACATTTGA,1
CTGCATGTCTCAGCTTACATTTGAA,1
TGCATGTCTCAGCTTACATTTGAAT,1
GCATGTCTCAGCTTACATTTGAATT,1
CATGTCTCAGCTTACATTTGAATTC,1
ATGTCTCAGCTTACATTTGAATTCA,1
TGTCTCAGCTTACATTTGAATTCAG,1
GTCTCAGCTTACATTTGAATTCAGT,1
TCTCAGCTTACATTTGAATTCAGTT,1
CTCAGCTTACATTTGAATTCAGTTG,1
TCAGCTTACATTTGAATTCAGTTGT,1
CAGCTTACATTTGAATTCAGTTGTT,1
AGCTTACATTTGAATTCAGTTGTTG,1
GCTTACATTTGAATTCAGTTGTTGT,1
CTTACATTTGAATTCAGTTGTTGTC,1
TTACATTTGAATTCAGTTGTTGTCT,1
TACATTTGAATTCAGTTGTTGTCTA,1
ACATTTGAATTCAGTTGTTGTCTAT,1
CATTTGAATTCAGTTGTTGTCTATT,1
ATTTGAATTCAGTTGTTGTCTATTG,1
TTTGAATTCAGTTGTTGTCTATTGG,1
TTGAATTCAGTTGTTGTCTATTGGG,1
TGAATTCAGTTGTTGTCTATTGGGG,1
GAATTCAGTTGTTGTCTATTGGGGC,1
AATTCAGTTGTTGTCTATTGGGGCG,1
ATTCAGTTGTTGTCTATTGGGGCGA,1
TTCAGTTGTTGTCTATTGGGGCGAT,1
TCAGTTGTTGTCTATTGGGGCGATG,1
CAGTTGTTGTCTATTGGGGCGATGC,1
AGTTGTTGTCTATTGGGGCGATGCC,1
GTTGTTGTCTATTGGGGCGATGCCA,1
TTGTTGTCTATTGGGGCGATGCCAT,1
TGTTGTCTATTGGGGCGATGCCATC,1
GTTGTCTATTGGGGCGATGCCATCA,1
TTGTCTATTGGGGCGATGCCATCAG,1
TGTCTATTGGGGCGATGCCATCAGC,1
GTCTATTGGGGCGATGCCATCAGCC,1
TCTATTGGGGCGATGCCATCAGCCC,1
CTATTGGGGCGATGCCATCAGCCCT,1
TATTGGGGCGATGCCATCAGCCCTT,1
ATTGGGGCGATGCCATCAGCCCTTA,1
TTGGGGCGATGCCATCAGCCCTTAA,1
TGGGGCGATGCCATCAGCCCTTAAG,1
GGGGCGATGCCATCAGCCCTTAAGC,1
GGGCGATGCCATCAGCCCTTAAGCA,1
GGCGATGCCATCAGCCCTTAAGCAA,1
CGGCCACACACATACAATTCCTGAG,1
GGCCACACACATACAATTCCTGAGT,1
GCCACACACATACAATTCCTGAGTA,1
CCACACACATACAATTCCTGAGTAG,1
CACACACATACAATTCCTGAGTAGG,1
ACACACATACAATTCCTGAGTAGGA,1
CACACATACAATTCCTGAGTAGGAA,1
ACACATACAATTCCTGAGTAGGAAA,1
CACATACAATTCCTGAGTAGGAAAC,1
ACATACAATTCCTGAGTAGGAAACA,1
CATACAATTCCTGAGTAGGAAACAA,1
ATACAATTCCTGAGTAGGAAACAAA,1
TACAATTCCTGAGTAGGAAACAAAC,1
ACAATTCCTGAGTAGGAAACAAACA,1
CAATTCCTGAGTAGGAAACAAACAA,1
AATTCCTGAGTAGGAAACAAACAAA,1
ATTCCTGAGTAGGAAACAAACAAAA,1
TTCCTGAGTAGGAAACAAACAAAAG,1
TCCTGAGTAGGAAACAAACAAAAGC,1
CCTGAGTAGGAAACAAACAAAAGCA,1
CTGAGTAGGAAACAAACAAAAGCAG,1
TGAGTAGGAAACAAACAAAAGCAGT,1
GAGTAGGAAACAAACAAAAGCAGTT,1
AGTAGGAAACAAACAAAAGCAGTTG,1
GTAGGAAACAAACAAAAGCAGTTGA,1
TAGGAAACAAACAAAAGCAGTTGAA,1
AGGAAACAAACAAAAGCAGTTGAAC,1
GGAAACAAACAAAAGCAGTTGAACT,1
GAAACAAACAAAAGCAGTTGAACTC,1
AAACAAACAAAAGCAGTTGAACTCT,1
AACAAACAAAAGCAGTTGAACTCTG,1
ACAAACAAAAGCAGTTGAACTCTGG,1
CAAACAAAAGCAGTTGAACTCTGGG,1
AAACAAAAGCAGTTGAACTCTGGGT,1
AACAAAAGCAGTTGAACTCTGGGTC,1
ACAAAAGCAGTTGAACTCTGGGTCA,1
CAAAAGCAGTTGAACTCTGGGTCAG,1
AAAAGCAGTTGAACTCTGGGTCAGA,1
AAAGCAGTTGAACTCTGGGTCAGAG,1
AAGCAGTTGAACTCTGGGTCAGAGA,1
AGCAGTTGAACTCTGGGTCAGAGAC,1
GCAGTTGAACTCTGGGTCAGAGACA,1
CAGTTGAACTCTGGGTCAGAGACAC,1
AGTTGAACTCTGGGTCAGAGACACT,1
GTTGAACTCTGGGTCAGAGACACTT,1
TTGAACTCTGGGTCAGAGACACTTT,1
TGAACTCTGGGTCAGAGACACTTTC,1
GAACTCTGGGTCAGAGACACTTTCT,1
AACTCTGGGTCAGAGACACTTTCTG,1
ACTCTGGGTCAGAGACACTTTCTGT,1
CTCTGGGTCAGAGACACTTTCTGTG,1
TCTGGGTCAGAGACACTTTCTGTGA,1
CTGGGTCAGAGACACTTTCTGTGAT,1
TGGGTCAGAGACACTTTCTGTGATG,1
GGGTCAGAGACACTTTCTGTGATGT,1
GGTCAGAGACACTTTCTGTGATGTT,1
GTCAGAGACACTTTCTGTGATGTTG,1
TCAGAGACACTTTCTGTGATGTTGC,1
CAGAGACACTTTCTGTGATGTTGCT,1
AGAGACACTTTCTGTGATGTTGCTT,1
GAGACACTTTCTGTGATGTTGCTTA,1
AGACACTTTCTGTGATGTTGCTTAA,1
GACACTTTCTGTGATGTTGCTTAAG,1
ACACTTTCTGTGATGTTGCTTAAGT,1
CACTTTCTGTGATGTTGCTTAAGTA,1
ACTTTCTGTGATGTTGCTTAAGTAT,1
CTTTCTGTGATGTTGCTTAAGTATA,1
TTTCTGTGATGTTGCTTAAGTATAA,1
TTCTGTGATGTTGCTTAAGTATAAA,1
TCTGTGATGTTGCTTAAGTATAAAG,1
CTGTGATGTTGCTTAAGTATAAAGA,1
TGTGATGTTGCTTAAGTATAAAGAA,1
GTGATGTTGCTTAAGTATAAAGAAT,1
TGATGTTGCTTAAGTATAAAGAATT,1
GATGTTGCTTAAGTATAAAGAATTT,1
ATGTTGCTTAAGTATAAAGAATTTC,1
TGCGAACCTTCAGCAGATGTCTGCC,1
GCGAACCTTCAGCAGATGTCTGCCA,1
CGAACCTTCAGCAGATGTCTGCCAC,1
GAACCTTCAGCAGATGTCTGCCACT,1
AACCTTCAGCAGATGTCTGCCACTT,1
ACCTTCAGCAGATGTCTGCCACTTC,1
CCTTCAGCAGATGTCTGCCACTTCC,1
CTTCAGCAGATGTCTGCCACTTCCA,1
TTCAGCAGATGTCTGCCACTTCCAA,1
TCAGCAGATGTCTGCCACTTCCAAC,1
CAGCAGATGTCTGCCACTTCCAACA,1
AGCAGATGTCTGCCACTTCCAACAT,1
GCAGATGTCTGCCACTTCCAACATG,1
CAGATGTCTGCCACTTCCAACATGA,1
AGATGTCTGCCACTTCCAACATGAG,1
GATGTCTGCCACTTCCAACATGAGA,1
ATGTCTGCCACTTCCAACATGAGAG,1
TGTCTGCCACTTCCAACATGAGAGT,1
GTCTGCCACTTCCAACATGAGAGTC,1
TCTGCCACTTCCAACATGAGAGTCT,1
CTGCCACTTCCAACATGAGAGTCTT,1
TGCCACTTCCAACATGAGAGTCTTC,1
GCCACTTCCAACATGAGAGTCTTCC,1
CCACTTCCAACATGAGAGTCTTCCT,1
CACTTCCAACATGAGAGTCTTCCTG,1
ACTTCCAACATGAGAGTCTTCCTGC,1
CTTCCAACATGAGAGTCTTCCTGCC,1
TTCCAACATGAGAGTCTTCCTGCCT,1
TCCAACATGAGAGTCTTCCTGCCTG,1
CCAACATGAGAGTCTTCCTGCCTGT,1
CAACATGAGAGTCTTCCTGCCTGTG,1
AACATGAGAGTCTTCCTGCCTGTGC,1
ACATGAGAGTCTTCCTGCCTGTGCT,1
CATGAGAGTCTTCCTGCCTGTGCTG,1
ATGAGAGTCTTCCTGCCTGTGCTGT,1
TGAGAGTCTTCCTGCCTGTGCTGTT,1
GAGAGTCTTCCTGCCTGTGCTGTTG,1
AGAGTCTTCCTGCCTGTGCTGTTGG,1
GAGTCTTCCTGCCTGTGCTGTTGGC,1
AGTCTTCCTGCCTGTGCTGTTGGCA,1
GTCTTCCTGCCTGTGCTGTTGGCAG,1
TCTTCCTGCCTGTGCTGTTGGCAGC,1
CTTCCTGCCTGTGCTGTTGGCAGCC,1
TTCCTGCCTGTGCTGTTGGCAGCCC,1
TCCTGCCTGTGCTGTTGGCAGCCCT,1
CCTGCCTGTGCTGTTGGCAGCCCTT,1
CTGCCTGTGCTGTTGGCAGCCCTTC,1
TGCCTGTGCTGTTGGCAGCCCTTCT,1
GCCTGTGCTGTTGGCAGCCCTTCTG,1
CCTGTGCTGTTGGCAGCCCTTCTGG,1
CTGTGCTGTTGGCAGCCCTTCTGGG,1
TGTGCTGTTGGCAGCCCTTCTGGGC,1
GTGCTGTTGGCAGCCCTTCTGGGCA,1
TGCTGTTGGCAGCCCTTCTGGGCAT,1
GCTGTTGGCAGCCCTTCTGGGCATG,1
CTGTTGGCAGCCCTTCTGGGCATGG,1
TGTTGGCAGCCCTTCTGGGCATGGA,1
GTTGGCAGCCCTTCTGGGCATGGAG,1
TTGGCAGCCCTTCTGGGCATGGAGC,1
TGGCAGCCCTTCTGGGCATGGAGCA,1
GGCAGCCCTTCTGGGCATGGAGCAA,1
GCAGCCCTTCTGGGCATGGAGCAAG,1
CAGCCCTTCTGGGCATGGAGCAAGT,1
AGCCCTTCTGGGCATGGAGCAAGTT,1
GCCCTTCTGGGCATGGAGCAAGTTC,1
CCCTTCTGGGCATGGAGCAAGTTCA,1
CCTTCTGGGCATGGAGCAAGTTCAT,1
CTTCTGGGCATGGAGCAAGTTCATT,1
TTCTGGGCATGGAGCAAGTTCATTC,1
TCTGGGCATGGAGCAAGTTCATTCC,1
CTGGGCATGGAGCAAGTTCATTCCC,1
TGGGCATGGAGCAAGTTCATTCCCT,1
GGGCATGGAGCAAGTTCATTCCCTG,1
GGCATGGAGCAAGTTCATTCCCTGA,1
GCATGGAGCAAGTTCATTCCCTGAT,1
CATGGAGCAAGTTCATTCCCTGATG,1
GTGAGTTTTTATTAGTAGTTGCATC,1
TGAGTTTTTATTAGTAGTTGCATCA,1
GAGTTTTTATTAGTAGTTGCATCAT,1
AGTTTTTATTAGTAGTTGCATCATG,1
GTTTTTATTAGTAGTTGCATCATGA,1
TTTTTATTAGTAGTTGCATCATGAT,1
TTTTATTAGTAGTTGCATCATGATT,1
TTTATTAGTAGTTGCATCATGATTC,1
TTATTAGTAGTTGCATCATGATTCA,1
TATTAGTAGTTGCATCATGATTCAG,1
ATTAGTAGTTGCATCATGATTCAGG,1
TTAGTAGTTGCATCATGATTCAGGG,1
TAGTAGTTGCATCATGATTCAGGGT,1
AGTAGTTGCATCATGATTCAGGGTC,1
GTAGTTGCATCATGATTCAGGGTCC,1
TAGTTGCATCATGATTCAGGGTCCC,1
AGTTGCATCATGATTCAGGGTCCCA,1
GTTGCATCATGATTCAGGGTCCCAG,1
TTGCATCATGATTCAGGGTCCCAGG,1
TGCATCATGATTCAGGGTCCCAGGG,1
GCATCATGATTCAGGGTCCCAGGGT,1
CATCATGATTCAGGGTCCCAGGGTA,1
ATCATGATTCAGGGTCCCAGGGTAA,1
TCATGATTCAGGGTCCCAGGGTAAG,1
CATGATTCAGGGTCCCAGGGTAAGG,1
ATGATTCAGGGTCCCAGGGTAAGGA,1
TGATTCAGGGTCCCAGGGTAAGGAC,1
GATTCAGGGTCCCAGGGTAAGGACC,1
ATTCAGGGTCCCAGGGTAAGGACCA,1
TTCAGGGTCCCAGGGTAAGGACCAT,1
TCAGGGTCCCAGGGTAAGGACCATC,1
CAGGGTCCCAGGGTAAGGACCATCA,1
AGGGTCCCAGGGTAAGGACCATCAT,1
GGGTCCCAGGGTAAGGACCATCATA,1
GGTCCCAGGGTAAGGACCATCATAT,1
GTCCCAGGGTAAGGACCATCATATG,1
TCCCAGGGTAAGGACCATCATATGC,1
CCCAGGGTAAGGACCATCATATGCT,1
CCAGGGTAAGGACCATCATATGCTG,1
CAGGGTAAGGACCATCATATGCTGA,1
AGGGTAAGGACCATCATATGCTGAG,1
GGGTAAGGACCATCATATGCTGAGG,1
GGTAAGGACCATCATATGCTGAGGT,1
GTAAGGACCATCATATGCTGAGGTC,1
TAAGGACCATCATATGCTGAGGTCC,1
AAGGACCATCATATGCTGAGGTCCC,1
AGGACCATCATATGCTGAGGTCCCC,1
GGACCATCATATGCTGAGGTCCCCC,1
GACCATCATATGCTGAGGTCCCCCT,1
ACCATCATATGCTGAGGTCCCCCTT,1
CCATCATATGCTGAGGTCCCCCTTT,1
CATCATATGCTGAGGTCCCCCTTTT,1
ATCATATGCTGAGGTCCCCCTTTTC,1
TCATATGCTGAGGTCCCCCTTTTCT,1
CATATGCTGAGGTCCCCCTTTTCTA,1
ATATGCTGAGGTCCCCCTTTTCTAT,1
TATGCTGAGGTCCCCCTTTTCTATC,1
ATGCTGAGGTCCCCCTTTTCTATCC,1
TGCTGAGGTCCCCCTTTTCTATCCG,1
GCTGAGGTCCCCCTTTTCTATCCGG,1
CTGAGGTCCCCCTTTTCTATCCGGG,1
TGAGGTCCCCCTTTTCTATCCGGGG,1
GAGGTCCCCCTTTTCTATCCGGGGA,1
AGGTCCCCCTTTTCTATCCGGGGAG,1
GGTCCCCCTTTTCTATCCGGGGAGA,1
GTCCCCCTTTTCTATCCGGGGAGAA,1
TCCCCCTTTTCTATCCGGGGAGAAA,1
CCCCCTTTTCTATCCGGGGAGAAAG,1
CCCCTTTTCTATCCGGGGAGAAAGA,1
CCCTTTTCTATCCGGGGAGAAAGAC,1
CCTTTTCTATCCGGGGAGAAAGACA,1
CTTTTCTATCCGGGGAGAAAGACAA,1
TTTTCTATCCGGGGAGAAAGACAAA,1
TTTCTATCCGGGGAGAAAGACAAAG,1
TTCTATCCGGGGAGAAAGACAAAGA,1
TCTATCCGGGGAGAAAGACAAAGAA,1
CTATGTGCCCGCAGAACCAAAGCTG,1
TATGTGCCCGCAGAACCAAAGCTGG,1
ATGTGCCCGCAGAACCAAAGCTGGC,1
TGTGCCCGCAGAACCAAAGCTGGCC,1
GTGCCCGCAGAACCAAAGCTGGCCT,1
TGCCCGCAGAACCAAAGCTGGCCTT,1
GCCCGCAGAACCAAAGCTGGCCTTT,1
CCCGCAGAACCAAAGCTGGCCTTTG,1
CCGCAGAACCAAAGCTGGCCTTTGT,1
CGCAGAACCAAAGCTGGCCTTTGTC,1
GCAGAACCAAAGCTGGCCTTTGTCA,1
GGAAGGGCGTAGCCCTCATAGATGG,1
GAAGGGCGTAGCCCTCATAGATGGG,1
AAGGGCGTAGCCCTCATAGATGGGC,1
AGGGCGTAGCCCTCATAGATGGGCA,1
GGGCGTAGCCCTCATAGATGGGCAC,1
GGCGTAGCCCTCATAGATGGGCACT,1
GCGTAGCCCTCATAGATGGGCACTG,1
CGTAGCCCTCATAGATGGGCACTGT,1
GTAGCCCTCATAGATGGGCACTGTG,1
TAGCCCTCATAGATGGGCACTGTGT,1
AGCCCTCATAGATGGGCACTGTGTG,1
GCCCTCATAGATGGGCACTGTGTGT,1
CCCTCATAGATGGGCACTGTGTGTG,1
CCTCATAGATGGGCACTGTGTGTGT,1
CTCATAGATGGGCACTGTGTGTGTG,1
TCATAGATGGGCACTGTGTGTGTGA,1
CATAGATGGGCACTGTGTGTGTGAC,1
ATAGATGGGCACTGTGTGTGTGACC,1
TAGATGGGCACTGTGTGTGTGACCC,1
AGATGGGCACTGTGTGTGTGACCCC,1
GATGGGCACTGTGTGTGTGACCCCG,1
ATGGGCACTGTGTGTGTGACCCCGT,1
TGGGCACTGTGTGTGTGACCCCGTC,1
GGGCACTGTGTGTGTGACCCCGTCA,1
GGCACTGTGTGTGTGACCCCGTCAC,1
GCACTGTGTGTGTGACCCCGTCACC,1
CACTGTGTGTGTGACCCCGTCACCA,1
ACTGTGTGTGTGACCCCGTCACCAG,1
CTGTGTGTGTGACCCCGTCACCAGA,1
TGTGTGTGTGACCCCGTCACCAGAG,1
GTGTGTGTGACCCCGTCACCAGAGT,1
TGTGTGTGACCCCGTCACCAGAGTC,1
GTGTGTGACCCCGTCACCAGAGTCC,1
TGTGTGACCCCGTCACCAGAGTCCA,1
GTGTGACCCCGTCACCAGAGTCCAT,1
TGTGACCCCGTCACCAGAGTCCATG,1
GTGACCCCGTCACCAGAGTCCATGA,1
TGACCCCGTCACCAGAGTCCATGAC,1
GACCCCGTCACCAGAGTCCATGACA,1
ACCCCGTCACCAGAGTCCATGACAA,1
CCCCGTCACCAGAGTCCATGACAAT,1
CCCGTCACCAGAGTCCATGACAATG,1
CCGTCACCAGAGTCCATGACAATGC,1
CGTCACCAGAGTCCATGACAATGCC,1
GTCACCAGAGTCCATGACAATGCCA,1
TCACCAGAGTCCATGACAATGCCAG,1
CACCAGAGTCCATGACAATGCCAGT,1
ACCAGAGTCCATGACAATGCCAGTG,1
CCAGAGTCCATGACAATGCCAGTGG,1
CAGAGTCCATGACAATGCCAGTGGT,1
AGAGTCCATGACAATGCCAGTGGTG,1
GAGTCCATGACAATGCCAGTGGTGC,1
AGTCCATGACAATGCCAGTGGTGCG,1
GTCCATGACAATGCCAGTGGTGCGC,1
TCCATGACAATGCCAGTGGTGCGCC,1
CCATGACAATGCCAGTGGTGCGCCC,1
CATGACAATGCCAGTGGTGCGCCCA,1
ATGACAATGCCAGTGGTGCGCCCAG,1
TGACAATGCCAGTGGTGCGCCCAGA,1
GACAATGCCAGTGGTGCGCCCAGAT,1
ACAATGCCAGTGGTGCGCCCAGATG,1
CAATGCCAGTGGTGCGCCCAGATGC,1
AATGCCAGTGGTGCGCCCAGATGCA,1
ATGCCAGTGGTGCGCCCAGATGCAT,1
TGCCAGTGGTGCGCCCAGATGCATA,1
GCCAGTGGTGCGCCCAGATGCATAC,1
CCAGTGGTGCGCCCAGATGCATACA,1
CAGTGGTGCGCCCAGATGCATACAA,1
AGTGGTGCGCCCAGATGCATACAAG,1
GTGGTGCGCCCAGATGCATACAAGG,1
TGGTGCGCCCAGATGCATACAAGGA,1
GGTGCGCCCAGATGCATACAAGGAC,1
GTGCGCCCAGATGCATACAAGGACA,1
TGCGCCCAGATGCATACAAGGACAG,1
GCGCCCAGATGCATACAAGGACAGC,1
CGCCCAGATGCATACAAGGACAGCA,1
CCTACTCTCTACAAACACTTATTAC,1
CTACTCTCTACAAACACTTATTACA,1
TACTCTCTACAAACACTTATTACAA,1
ACTCTCTACAAACACTTATTACAAC,1
CTCTCTACAAACACTTATTACAACC,1
TCTCTACAAACACTTATTACAACCC,1
CTCTACAAACACTTATTACAACCCA,1
TCTACAAACACTTATTACAACCCAA,1
CTACAAACACTTATTACAACCCAAG,1
TACAAACACTTATTACAACCCAAGA,1
ACAAACACTTATTACAACCCAAGAA,1
CAAACACTTATTACAACCCAAGAAC,1
AAACACTTATTACAACCCAAGAACA,1
AACACTTATTACAACCCAAGAACAC,1
ACACTTATTACAACCCAAGAACACA,1
CACTTATTACAACCCAAGAACACAT,1
ACTTATTACAACCCAAGAACACATA,1
CTTATTACAACCCAAGAACACATAT,1
TTATTACAACCCAAGAACACATATG,1
TATTACAACCCAAGAACACATATGA,1
ATTACAACCCAAGAACACATATGAT,1
TTACAACCCAAGAACACATATGATT,1
TACAACCCAAGAACACATATGATTA,1
ACAACCCAAGAACACATATGATTAC,1
CAACCCAAGAACACATATGATTACT,1
AACCCAAGAACACATATGATTACTT,1
ACCCAAGAACACATATGATTACTTC,1
CCCAAGAACACATATGATTACTTCT,1
CCAAGAACACATATGATTACTTCTG,1
CAAGAACACATATGATTACTTCTGC,1
AAGAACACATATGATTACTTCTGCC,1
AGAACACATATGATTACTTCTGCCA,1
GAACACATATGATTACTTCTGCCAG,1
AACACATATGATTACTTCTGCCAGC,1
ACACATATGATTACTTCTGCCAGCC,1
CACATATGATTACTTCTGCCAGCCT,1
ACATATGATTACTTCTGCCAGCCTG,1
CATATGATTACTTCTGCCAGCCTGA,1
ATATGATTACTTCTGCCAGCCTGAC,1
TATGATTACTTCTGCCAGCCTGACC,1
ATGATTACTTCTGCCAGCCTGACCC,1
TGATTACTTCTGCCAGCCTGACCCA,1
GATTACTTCTGCCAGCCTGACCCAT,1
ATTACTTCTGCCAGCCTGACCCATA,1
TTACTTCTGCCAGCCTGACCCATAG,1
TACTTCTGCCAGCCTGACCCATAGC,1
ACTTCTGCCAGCCTGACCCATAGCC,1
CTTCTGCCAGCCTGACCCATAGCCA,1
TTCTGCCAGCCTGACCCATAGCCAT,1
TCTGCCAGCCTGACCCATAGCCATA,1
CTGCCAGCCTGACCCATAGCCATAA,1
TGCCAGCCTGACCCATAGCCATAAT,1
GCCAGCCTGACCCATAGCCATAATA,1
CCAGCCTGACCCATAGCCATAATAT,1
CAGCCTGACCCATAGCCATAATATG,1
AGCCTGACCCATAGCCATAATATGA,1
GCCTGACCCATAGCCATAATATGAT,1
CCTGACCCATAGCCATAATATGATT,1
CTGACCCATAGCCATAATATGATTT,1
TGACCCATAGCCATAATATGATTTA,1
GACCCATAGCCATAATATGATTTAT,1
ACCCATAGCCATAATATGATTTATC,1
CCCATAGCCATAATATGATTTATCT,1
CCATAGCCATAATATGATTTATCTC,1
CATAGCCATAATATGATTTATCTCA,1
ATAGCCATAATATGATTTATCTCAA,1
TAGCCATAATATGATTTATCTCAAC,1
AGCCATAATATGATTTATCTCAACC,1
GCCATAATATGATTTATCTCAACCC,1
CCATAATATGATTTATCTCAACCCT,1
CATAATATGATTTATCTCAACCCTA,1
ATAATATGATTTATCTCAACCCTAG,1
TAATATGATTTATCTCAACCCTAGC,1
AATATGATTTATCTCAACCCTAGCA,1
ATATGATTTATCTCAACCCTAGCAG,1
TATGATTTATCTCAACCCTAGCAGA,1
GTTTGAGGAGTCCCAGGTGGCTGGT,1
TTTGAGGAGTCCCAGGTGGCTGGTA,1
TTGAGGAGTCCCAGGTGGCTGGTAC,1
TGAGGAGTCCCAGGTGGCTGGTACC,1
GAGGAGTCCCAGGTGGCTGGTACCC,1
AGGAGTCCCAGGTGGCTGGTACCCC,1
GGAGTCCCAGGTGGCTGGTACCCCC,1
GAGTCCCAGGTGGCTGGTACCCCCA,1
AGTCCCAGGTGGCTGGTACCCCCAT,1
GTCCCAGGTGGCTGGTACCCCCATG,1
TCCCAGGTGGCTGGTACCCCCATGT,1
CCCAGGTGGCTGGTACCCCCATGTT,1
CCAGGTGGCTGGTACCCCCATGTTT,1
CAGGTGGCTGGTACCCCCATGTTTG,1
AGGTGGCTGGTACCCCCATGTTTGT,1
GGTGGCTGGTACCCCCATGTTTGTG,1
GTGGCTGGTACCCCCATGTTTGTGG,1
TGGCTGGTACCCCCATGTTTGTGGT,1
GGCTGGTACCCCCATGTTTGTGGTC,1
GCTGGTACCCCCATGTTTGTGGTCA,1
CTGGTACCCCCATGTTTGTGGTCAA,1
TGGTACCCCCATGTTTGTGGTCAAG,1
GGTACCCCCATGTTTGTGGTCAAGG,1
GTACCCCCATGTTTGTGGTCAAGGC,1
TACCCCCATGTTTGTGGTCAAGGCA,1
ACCCCCATGTTTGTGGTCAAGGCAT,1
CCCCCATGTTTGTGGTCAAGGCATA,1
CCCCATGTTTGTGGTCAAGGCATAC,1
CCCATGTTTGTGGTCAAGGCATACC,1
CCATGTTTGTGGTCAAGGCATACCT,1
CATGTTTGTGGTCAAGGCATACCTG,1
ATGTTTGTGGTCAAGGCATACCTGC,1
TGTTTGTGGTCAAGGCATACCTGCC,1
GTTTGTGGTCAAGGCATACCTGCCT,1
TTTGTGGTCAAGGCATACCTGCCTG,1
TTGTGGTCAAGGCATACCTGCCTGT,1
TGTGGTCAAGGCATACCTGCCTGTC,1
GTGGTCAAGGCATACCTGCCTGTCA,1
TGGTCAAGGCATACCTGCCTGTCAA,1
GGTCAAGGCATACCTGCCTGTCAAT,1
GTCAAGGCATACCTGCCTGTCAATG,1
TCAAGGCATACCTGCCTGTCAATGA,1
CAAGGCATACCTGCCTGTCAATGAG,1
AAGGCATACCTGCCTGTCAATGAGT,1
AGGCATACCTGCCTGTCAATGAGTC,1
GGCATACCTGCCTGTCAATGAGTCC,1
GCATACCTGCCTGTCAATGAGTCCT,1
CATACCTGCCTGTCAATGAGTCCTT,1
ATACCTGCCTGTCAATGAGTCCTTT,1
TACCTGCCTGTCAATGAGTCCTTTG,1
ACCTGCCTGTCAATGAGTCCTTTGG,1
CCTGCCTGTCAATGAGTCCTTTGGC,1
CTGCCTGTCAATGAGTCCTTTGGCT,1
TGCCTGTCAATGAGTCCTTTGGCTT,1
GCCTGTCAATGAGTCCTTTGGCTTC,1
CCTGTCAATGAGTCCTTTGGCTTCA,1
CTGTCAATGAGTCCTTTGGCTTCAC,1
TGTCAATGAGTCCTTTGGCTTCACC,1
GTCAATGAGTCCTTTGGCTTCACCG,1
TCAATGAGTCCTTTGGCTTCACCGC,1
CAATGAGTCCTTTGGCTTCACCGCT,1
AATGAGTCCTTTGGCTTCACCGCTG,1
ATGAGTCCTTTGGCTTCACCGCTGA,1
TGAGTCCTTTGGCTTCACCGCTGAT,1
GAGTCCTTTGGCTTCACCGCTGATC,1
AGTCCTTTGGCTTCACCGCTGATCT,1
GTCCTTTGGCTTCACCGCTGATCTG,1
TCCTTTGGCTTCACCGCTGATCTGC,1
CCTTTGGCTTCACCGCTGATCTGCG,1
CTTTGGCTTCACCGCTGATCTGCGA,1
TTTGGCTTCACCGCTGATCTGCGAT,1
TTGGCTTCACCGCTGATCTGCGATC,1
TGGCTTCACCGCTGATCTGCGATCC,1
GGCTTCACCGCTGATCTGCGATCCA,1
GCTTCACCGCTGATCTGCGATCCAA,1
CTTCACCGCTGATCTGCGATCCAAC,1
AAGACCCACTCCCCGGCGCCGCTCG,1
AGACCCACTCCCCGGCGCCGCTCGT,1
GACCCACTCCCCGGCGCCGCTCGTG,1
ACCCACTCCCCGGCGCCGCTCGTGG,1
CCCACTCCCCGGCGCCGCTCGTGGG,1
CCACTCCCCGGCGCCGCTCGTGGGG,1
CACTCCCCGGCGCCGCTCGTGGGGG,1
ACTCCCCGGCGCCGCTCGTGGGGGG,1
CTCCCCGGCGCCGCTCGTGGGGGGC,1
TCCCCGGCGCCGCTCGTGGGGGGCC,1
CCCCGGCGCCGCTCGTGGGGGGCCC,1
CCCGGCGCCGCTCGTGGGGGGCCCA,1
CCGGCGCCGCTCGTGGGGGGCCCAA,1
CGGCGCCGCTCGTGGGGGGCCCAAG,1
GGCGCCGCTCGTGGGGGGCCCAAGT,1
GCGCCGCTCGTGGGGGGCCCAAGTC,1
CGCCGCTCGTGGGGGGCCCAAGTCC,1
GCCGCTCGTGGGGGGCCCAAGTCCT,1
CCGCTCGTGGGGGGCCCAAGTCCTT,1
CGCTCGTGGGGGGCCCAAGTCCTTC,1
GCTCGTGGGGGGCCCAAGTCCTTCT,1
CTCGTGGGGGGCCCAAGTCCTTCTG,1
TCGTGGGGGGCCCAAGTCCTTCTGA,1
CGTGGGGGGCCCAAGTCCTTCTGAT,1
GTGGGGGGCCCAAGTCCTTCTGATC,1
TGGGGGGCCCAAGTCCTTCTGATCG,1
GGGGGGCCCAAGTCCTTCTGATCGA,1
GGGGGCCCAAGTCCTTCTGATCGAG,1
GGGGCCCAAGTCCTTCTGATCGAGG,1
GGGCCCAAGTCCTTCTGATCGAGGC,1
GGCCCAAGTCCTTCTGATCGAGGCC,1
GCCCAAGTCCTTCTGATCGAGGCCC,1
CCCAAGTCCTTCTGATCGAGGCCCA,1
CCAAGTCCTTCTGATCGAGGCCCAG,1
CAAGTCCTTCTGATCGAGGCCCAGC,1
AAGTCCTTCTGATCGAGGCCCAGCC,1
AGTCCTTCTGATCGAGGCCCAGCCC,1
GTCCTTCTGATCGAGGCCCAGCCCG,1
TCCTTCTGATCGAGGCCCAGCCCGT,1
CCTTCTGATCGAGGCCCAGCCCGTG,1
CTTCTGATCGAGGCCCAGCCCGTGG,1
TTCTGATCGAGGCCCAGCCCGTGGA,1
TCTGATCGAGGCCCAGCCCGTGGAC,1
CTGATCGAGGCCCAGCCCGTGGACG,1
TGATCGAGGCCCAGCCCGTGGACGG,1
GATCGAGGCCCAGCCCGTGGACGGT,1
ATCGAGGCCCAGCCCGTGGACGGTG,1
TCGAGGCCCAGCCCGTGGACGGTGT,1
CGAGGCCCAGCCCGTGGACGGTGTG,1
GAGGCCCAGCCCGTGGACGGTGTGA,1
AGGCCCAGCCCGTGGACGGTGTGAG,1
GGCCCAGCCCGTGGACGGTGTGAGG,1
GCCCAGCCCGTGGACGGTGTGAGGC,1
CCCAGCCCGTGGACGGTGTGAGGCC,1
CCAGCCCGTGGACGGTGTGAGGCCG,1
CAGCCCGTGGACGGTGTGAGGCCGG,1
AGCCCGTGGACGGTGTGAGGCCGGT,1
GCCCGTGGACGGTGTGAGGCCGGTA,1
CCCGTGGACGGTGTGAGGCCGGTAG,1
CCGTGGACGGTGTGAGGCCGGTAGC,1
CGTGGACGGTGTGAGGCCGGTAGCG,1
GTGGACGGTGTGAGGCCGGTAGCGG,1
TGGACGGTGTGAGGCCGGTAGCGGC,1
GGACGGTGTGAGGCCGGTAGCGGCC,1
GACGGTGTGAGGCCGGTAGCGGCCC,1
ACGGTGTGAGGCCGGTAGCGGCCCC,1
CGGTGTGAGGCCGGTAGCGGCCCCC,1
GGTGTGAGGCCGGTAGCGGCCCCCC,1
GTGTGAGGCCGGTAGCGGCCCCCCG,1
TGTGAGGCCGGTAGCGGCCCCCCGC,1
GTGAGGCCGGTAGCGGCCCCCCGCC,1
TGAGGCCGGTAGCGGCCCCCCGCCC,1
GAGGCCGGTAGCGGCCCCCCGCCCG,1
AGGCCGGTAGCGGCCCCCCGCCCGC,1
GGCCGGTAGCGGCCCCCCGCCCGCC,1
GCCGGTAGCGGCCCCCCGCCCGCCG,1
CTGAGACCTTCATCACGGAGGTTCC,1
TGAGACCTTCATCACGGAGGTTCCT,1
GAGACCTTCATCACGGAGGTTCCTG,1
AGACCTTCATCACGGAGGTTCCTGG,1
GACCTTCATCACGGAGGTTCCTGGA,1
ACCTTCATCACGGAGGTTCCTGGAA,1
CCTTCATCACGGAGGTTCCTGGAAC,1
CTTCATCACGGAGGTTCCTGGAACA,1
TTCATCACGGAGGTTCCTGGAACAG,1
TCATCACGGAGGTTCCTGGAACAGC,1
CATCACGGAGGTTCCTGGAACAGCG,1
ATCACGGAGGTTCCTGGAACAGCGC,1
TCACGGAGGTTCCTGGAACAGCGCC,1
CACGGAGGTTCCTGGAACAGCGCCT,1
ACGGAGGTTCCTGGAACAGCGCCTT,1
CGGAGGTTCCTGGAACAGCGCCTTC,1
GGAGGTTCCTGGAACAGCGCCTTCT,1
GAGGTTCCTGGAACAGCGCCTTCTG,1
AGGTTCCTGGAACAGCGCCTTCTGC,1
GGTTCCTGGAACAGCGCCTTCTGCA,1
GTTCCTGGAACAGCGCCTTCTGCAA,1
TTCCTGGAACAGCGCCTTCTGCAAC,1
TCCTGGAACAGCGCCTTCTGCAACG,1
CCTGGAACAGCGCCTTCTGCAACGG,1
CTGGAACAGCGCCTTCTGCAACGGA,1
TGGAACAGCGCCTTCTGCAACGGAT,1
GGAACAGCGCCTTCTGCAACGGATC,1
GAACAGCGCCTTCTGCAACGGATCC,1
AACAGCGCCTTCTGCAACGGATCCC,1
ACAGCGCCTTCTGCAACGGATCCCT,1
CAGCGCCTTCTGCAACGGATCCCTC,1
AGCGCCTTCTGCAACGGATCCCTCA,1
GCGCCTTCTGCAACGGATCCCTCAA,1
CGCCTTCTGCAACGGATCCCTCAAA,1
GCCTTCTGCAACGGATCCCTCAAAC,1
CCTTCTGCAACGGATCCCTCAAACA,1
CTTCTGCAACGGATCCCTCAAACAC,1
TTCTGCAACGGATCCCTCAAACACC,1
TCTGCAACGGATCCCTCAAACACCT,1
CTGCAACGGATCCCTCAAACACCTC,1
TGCAACGGATCCCTCAAACACCTCC,1
GCAACGGATCCCTCAAACACCTCCT,1
CAACGGATCCCTCAAACACCTCCTG,1
AACGGATCCCTCAAACACCTCCTGG,1
ACGGATCCCTCAAACACCTCCTGGG,1
CGGATCCCTCAAACACCTCCTGGGT,1
GGATCCCTCAAACACCTCCTGGGTA,1
GATCCCTCAAACACCTCCTGGGTAA,1
ATCCCTCAAACACCTCCTGGGTAAA,1
TCCCTCAAACACCTCCTGGGTAAAC,1
CCCTCAAACACCTCCTGGGTAAACT,1
CCTCAAACACCTCCTGGGTAAACTC,1
CTCAAACACCTCCTGGGTAAACTCT,1
TCAAACACCTCCTGGGTAAACTCTG,1
CAAACACCTCCTGGGTAAACTCTGG,1
AAACACCTCCTGGGTAAACTCTGGC,1
AACACCTCCTGGGTAAACTCTGGCC,1
ACACCTCCTGGGTAAACTCTGGCCT,1
CACCTCCTGGGTAAACTCTGGCCTG,1
ACCTCCTGGGTAAACTCTGGCCTGT,1
CCTCCTGGGTAAACTCTGGCCTGTT,1
CTCCTGGGTAAACTCTGGCCTGTTG,1
TCCTGGGTAAACTCTGGCCTGTTGT,1
CCTGGGTAAACTCTGGCCTGTTGTC,1
CTGGGTAAACTCTGGCCTGTTGTCA,1
TGGGTAAACTCTGGCCTGTTGTCAT,1
GGGTAAACTCTGGCCTGTTGTCATT,1
GGTAAACTCTGGCCTGTTGTCATTC,1
GTAAACTCTGGCCTGTTGTCATTCT,1
TAAACTCTGGCCTGTTGTCATTCTG,1
AAACTCTGGCCTGTTGTCATTCTGA,1
AACTCTGGCCTGTTGTCATTCTGAT,1
ACTCTGGCCTGTTGTCATTCTGATC,1
CTCTGGCCTGTTGTCATTCTGATCT,1
TCTGGCCTGTTGTCATTCTGATCTG,1
CTGGCCTGTTGTCATTCTGATCTGT,1
AGTCGTTCCTCCCTGCGCGGGCCCC,1
GTCGTTCCTCCCTGCGCGGGCCCCT,1
TCGTTCCTCCCTGCGCGGGCCCCTT,1
CGTTCCTCCCTGCGCGGGCCCCTTA,1
GTTCCTCCCTGCGCGGGCCCCTTAT,1
TTCCTCCCTGCGCGGGCCCCTTATT,1
TCCTCCCTGCGCGGGCCCCTTATTA,1
CCTCCCTGCGCGGGCCCCTTATTAC,1
CTCCCTGCGCGGGCCCCTTATTACA,1
TCCCTGCGCGGGCCCCTTATTACAG,1
CCCTGCGCGGGCCCCTTATTACAGC,1
CCTGCGCGGGCCCCTTATTACAGCA,1
CTGCGCGGGCCCCTTATTACAGCAA,1
TGCGCGGGCCCCTTATTACAGCAAG,1
GCGCGGGCCCCTTATTACAGCAAGC,1
CGCGGGCCCCTTATTACAGCAAGCC,1
GCGGGCCCCTTATTACAGCAAGCCC,1
CGGGCCCCTTATTACAGCAAGCCCA,1
GGGCCCCTTATTACAGCAAGCCCAG,1
GGCCCCTTATTACAGCAAGCCCAGC,1
GCCCCTTATTACAGCAAGCCCAGCT,1
CCCCTTATTACAGCAAGCCCAGCTT,1
CCCTTATTACAGCAAGCCCAGCTTA,1
CCTTATTACAGCAAGCCCAGCTTAT,1
CTTATTACAGCAAGCCCAGCTTATG,1
TTATTACAGCAAGCCCAGCTTATGT,1
TATTACAGCAAGCCCAGCTTATGTT,1
ATTACAGCAAGCCCAGCTTATGTTC,1
TTACAGCAAGCCCAGCTTATGTTCC,1
TACAGCAAGCCCAGCTTATGTTCCA,1
ACAGCAAGCCCAGCTTATGTTCCAC,1
CAGCAAGCCCAGCTTATGTTCCACC,1
AGCAAGCCCAGCTTATGTTCCACCA,1
GCAAGCCCAGCTTATGTTCCACCAT,1
CAAGCCCAGCTTATGTTCCACCATC,1
AAGCCCAGCTTATGTTCCACCATCA,1
AGCCCAGCTTATGTTCCACCATCAC,1
GCCCAGCTTATGTTCCACCATCACG,1
CCCAGCTTATGTTCCACCATCACGT,1
CCAGCTTATGTTCCACCATCACGTG,1
CAGCTTATGTTCCACCATCACGTGG,1
AGCTTATGTTCCACCATCACGTGGG,1
GCTTATGTTCCACCATCACGTGGGG,1
CTTATGTTCCACCATCACGTGGGGC,1
TTATGTTCCACCATCACGTGGGGCT,1
TATGTTCCACCATCACGTGGGGCTC,1
ATGTTCCACCATCACGTGGGGCTCA,1
TGTTCCACCATCACGTGGGGCTCAC,1
GTTCCACCATCACGTGGGGCTCACC,1
TTCCACCATCACGTGGGGCTCACCC,1
TCCACCATCACGTGGGGCTCACCCA,1
CCACCATCACGTGGGGCTCACCCAT,1
CACCATCACGTGGGGCTCACCCATC,1
ACCATCACGTGGGGCTCACCCATCA,1
CCATCACGTGGGGCTCACCCATCAG,1
CATCACGTGGGGCTCACCCATCAGT,1
ATCACGTGGGGCTCACCCATCAGTT,1
TCACGTGGGGCTCACCCATCAGTTC,1
CACGTGGGGCTCACCCATCAGTTCA,1
ACGTGGGGCTCACCCATCAGTTCAC,1
CGTGGGGCTCACCCATCAGTTCACT,1
GTGGGGCTCACCCATCAGTTCACTT,1
TGGGGCTCACCCATCAGTTCACTTT,1
GGGGCTCACCCATCAGTTCACTTTG,1
GGGCTCACCCATCAGTTCACTTTGT,1
GGCTCACCCATCAGTTCACTTTGTG,1
GCTCACCCATCAGTTCACTTTGTGA,1
CTCACCCATCAGTTCACTTTGTGAT,1
TCACCCATCAGTTCACTTTGTGATG,1
CACCCATCAGTTCACTTTGTGATGG,1
ACCCATCAGTTCACTTTGTGATGGA,1
CCCATCAGTTCACTTTGTGATGGAT,1
CCATCAGTTCACTTTGTGATGGATC,1
CATCAGTTCACTTTGTGATGGATCA,1
ATCAGTTCACTTTGTGATGGATCAT,1
TCAGTTCACTTTGTGATGGATCATT,1
GGTCTAGAAGAGGAAGTCATTGAAA,1
GTCTAGAAGAGGAAGTCATTGAAAA,1
TCTAGAAGAGGAAGTCATTGAAAAT,1
CTAGAAGAGGAAGTCATTGAAAATG,1
TAGAAGAGGAAGTCATTGAAAATGC,1
AGAAGAGGAAGTCATTGAAAATGCT,1
GAAGAGGAAGTCATTGAAAATGCTA,1
AAGAGGAAGTCATTGAAAATGCTAC,1
AGAGGAAGTCATTGAAAATGCTACT,1
GAGGAAGTCATTGAAAATGCTACTA,1
AGGAAGTCATTGAAAATGCTACTAC,1
GGAAGTCATTGAAAATGCTACTACC,1
GAAGTCATTGAAAATGCTACTACCA,1
AAGTCATTGAAAATGCTACTACCAC,1
AGTCATTGAAAATGCTACTACCACA,1
GTCATTGAAAATGCTACTACCACAG,1
TCATTGAAAATGCTACTACCACAGG,1
CATTGAAAATGCTACTACCACAGGT,1
ATTGAAAATGCTACTACCACAGGTT,1
TTGAAAATGCTACTACCACAGGTTT,1
TGAAAATGCTACTACCACAGGTTTA,1
GAAAATGCTACTACCACAGGTTTAC,1
AAAATGCTACTACCACAGGTTTACG,1
AAATGCTACTACCACAGGTTTACGA,1
AATGCTACTACCACAGGTTTACGAG,1
ATGCTACTACCACAGGTTTACGAGT,1
TGCTACTACCACAGGTTTACGAGTG,1
GCTACTACCACAGGTTTACGAGTGC,1
CTACTACCACAGGTTTACGAGTGCA,1
TACTACCACAGGTTTACGAGTGCAA,1
ACTACCACAGGTTTACGAGTGCAAA,1
CTACCACAGGTTTACGAGTGCAAAT,1
TACCACAGGTTTACGAGTGCAAATT,1
ACCACAGGTTTACGAGTGCAAATTA,1
CCACAGGTTTACGAGTGCAAATTAG,1
CACAGGTTTACGAGTGCAAATTAGC,1
ACAGGTTTACGAGTGCAAATTAGCC,1
CAGGTTTACGAGTGCAAATTAGCCG,1
AGGTTTACGAGTGCAAATTAGCCGC,1
GGTTTACGAGTGCAAATTAGCCGCT,1
GTTTACGAGTGCAAATTAGCCGCTG,1
TTTACGAGTGCAAATTAGCCGCTGA,1
TTACGAGTGCAAATTAGCCGCTGAA,1
TACGAGTGCAAATTAGCCGCTGAAC,1
ACGAGTGCAAATTAGCCGCTGAACT,1
CGAGTGCAAATTAGCCGCTGAACTT,1
GAGTGCAAATTAGCCGCTGAACTTT,1
AGTGCAAATTAGCCGCTGAACTTTC,1
GTGCAAATTAGCCGCTGAACTTTCT,1
TGCAAATTAGCCGCTGAACTTTCTC,1
GCAAATTAGCCGCTGAACTTTCTCC,1
CAAATTAGCCGCTGAACTTTCTCCA,1
AAATTAGCCGCTGAACTTTCTCCAT,1
AATTAGCCGCTGAACTTTCTCCATC,1
ATTAGCCGCTGAACTTTCTCCATCT,1
TTAGCCGCTGAACTTTCTCCATCTG,1
TAGCCGCTGAACTTTCTCCATCTGA,1
AGCCGCTGAACTTTCTCCATCTGAG,1
GCCGCTGAACTTTCTCCATCTGAGA,1
CCGCTGAACTTTCTCCATCTGAGAT,1
CGCTGAACTTTCTCCATCTGAGATA,1
GCTGAACTTTCTCCATCTGAGATAC,1
CTGAACTTTCTCCATCTGAGATACA,1
TGAACTTTCTCCATCTGAGATACAG,1
GAACTTTCTCCATCTGAGATACAGT,1
AACTTTCTCCATCTGAGATACAGTC,1
ACTTTCTCCATCTGAGATACAGTCC,1
CTTTCTCCATCTGAGATACAGTCCG,1
TTTCTCCATCTGAGATACAGTCCGT,1
TTCTCCATCTGAGATACAGTCCGTA,1
TCTCCATCTGAGATACAGTCCGTAA,1
CTCCATCTGAGATACAGTCCGTAAA,1
TCCATCTGAGATACAGTCCGTAAAG,1
CCATCTGAGATACAGTCCGTAAAGA,1
CATCTGAGATACAGTCCGTAAAGAG,1
ATCTGAGATACAGTCCGTAAAGAGC,1
TGAAGATGGAGAAGTGTTTGATTTC,1
GAAGATGGAGAAGTGTTTGATTTCA,1
AAGATGGAGAAGTGTTTGATTTCAG,1
AGATGGAGAAGTGTTTGATTTCAGA,1
GATGGAGAAGTGTTTGATTTCAGAG,1
ATGGAGAAGTGTTTGATTTCAGAGG,1
TGGAGAAGTGTTTGATTTCAGAGGG,1
GGAGAAGTGTTTGATTTCAGAGGGA,1
GAGAAGTGTTTGATTTCAGAGGGAT,1
AGAAGTGTTTGATTTCAGAGGGATG,1
GAAGTGTTTGATTTCAGAGGGATGA,1
AAGTGTTTGATTTCAGAGGGATGAG,1
AGTGTTTGATTTCAGAGGGATGAGA,1
GTGTTTGATTTCAGAGGGATGAGAT,1
TGTTTGATTTCAGAGGGATGAGATT,1
GTTTGATTTCAGAGGGATGAGATTA,1
TTTGATTTCAGAGGGATGAGATTAG,1
TTGATTTCAGAGGGATGAGATTAGA,1
TGATTTCAGAGGGATGAGATTAGAT,1
GATTTCAGAGGGATGAGATTAGATT,1
ATTTCAGAGGGATGAGATTAGATTG,1
TTTCAGAGGGATGAGATTAGATTGG,1
TTCAGAGGGATGAGATTAGATTGGT,1
TCAGAGGGATGAGATTAGATTGGTT,1
CAGAGGGATGAGATTAGATTGGTTT,1
AGAGGGATGAGATTAGATTGGTTTA,1
GAGGGATGAGATTAGATTGGTTTAG,1
AGGGATGAGATTAGATTGGTTTAGG,1
GGGATGAGATTAGATTGGTTTAGGT,1
GGATGAGATTAGATTGGTTTAGGTT,1
GATGAGATTAGATTGGTTTAGGTTA,1
ATGAGATTAGATTGGTTTAGGTTAC,1
TGAGATTAGATTGGTTTAGGTTACA,1
GAGATTAGATTGGTTTAGGTTACAG,1
AGATTAGATTGGTTTAGGTTACAGG,1
GATTAGATTGGTTTAGGTTACAGGC,1
ATTAGATTGGTTTAGGTTACAGGCG,1
TTAGATTGGTTTAGGTTACAGGCGT,1
TAGATTGGTTTAGGTTACAGGCGTA,1
AGATTGGTTTAGGTTACAGGCGTAC,1
GATTGGTTTAGGTTACAGGCGTACA,1
ATTGGTTTAGGTTACAGGCGTACAC,1
TTGGTTTAGGTTACAGGCGTACACT,1
TGGTTTAGGTTACAGGCGTACACTA,1
GGTTTAGGTTACAGGCGTACACTAG,1
GTTTAGGTTACAGGCGTACACTAGC,1
TTTAGGTTACAGGCGTACACTAGCG,1
TTAGGTTACAGGCGTACACTAGCGT,1
TAGGTTACAGGCGTACACTAGCGTC,1
AGGTTACAGGCGTACACTAGCGTCT,1
GGTTACAGGCGTACACTAGCGTCTC,1
GTTACAGGCGTACACTAGCGTCTCC,1
TTACAGGCGTACACTAGCGTCTCCA,1
TACAGGCGTACACTAGCGTCTCCAA,1
ACAGGCGTACACTAGCGTCTCCAAA,1
CAGGCGTACACTAGCGTCTCCAAAG,1
AGGCGTACACTAGCGTCTCCAAAGC,1
GGCGTACACTAGCGTCTCCAAAGCT,1
GCGTACACTAGCGTCTCCAAAGCTT,1
CGTACACTAGCGTCTCCAAAGCTTC,1
GTACACTAGCGTCTCCAAAGCTTCA,1
TACACTAGCGTCTCCAAAGCTTCAC,1
ACACTAGCGTCTCCAAAGCTTCACT,1
CACTAGCGTCTCCAAAGCTTCACTT,1
ACTAGCGTCTCCAAAGCTTCACTTA,1
CTAGCGTCTCCAAAGCTTCACTTAG,1
TAGCGTCTCCAAAGCTTCACTTAGC,1
AGCGTCTCCAAAGCTTCACTTAGCC,1
GCGTCTCCAAAGCTTCACTTAGCCT,1
CGTCTCCAAAGCTTCACTTAGCCTT,1
GTCTCCAAAGCTTCACTTAGCCTTG,1
TCTCCAAAGCTTCACTTAGCCTTGC,1
CTCCAAAGCTTCACTTAGCCTTGCA,1
TCCAAAGCTTCACTTAGCCTTGCAG,1
CCAAAGCTTCACTTAGCCTTGCAGA,1
CAAAGCTTCACTTAGCCTTGCAGAT,1
GTGCAGATCTTGGTGGTAGTAGCAA,1
TGCAGATCTTGGTGGTAGTAGCAAA,1
GCAGATCTTGGTGGTAGTAGCAAAT,1
CAGATCTTGGTGGTAGTAGCAAATA,1
AGATCTTGGTGGTAGTAGCAAATAT,1
GATCTTGGTGGTAGTAGCAAATATT,1
ATCTTGGTGGTAGTAGCAAATATTC,1
TCTTGGTGGTAGTAGCAAATATTCA,1
CTTGGTGGTAGTAGCAAATATTCAA,1
TTGGTGGTAGTAGCAAATATTCAAA,1
TGGTGGTAGTAGCAAATATTCAAAC,1
GGTGGTAGTAGCAAATATTCAAACG,1
GTGGTAGTAGCAAATATTCAAACGA,1
TGGTAGTAGCAAATATTCAAACGAG,1
GGTAGTAGCAAATATTCAAACGAGA,1
GTAGTAGCAAATATTCAAACGAGAA,1
TAGTAGCAAATATTCAAACGAGAAC,1
AGTAGCAAATATTCAAACGAGAACT,1
GTAGCAAATATTCAAACGAGAACTT,1
TAGCAAATATTCAAACGAGAACTTT,1
AGCAAATATTCAAACGAGAACTTTG,1
GCAAATATTCAAACGAGAACTTTGA,1
CAAATATTCAAACGAGAACTTTGAA,1
AAATATTCAAACGAGAACTTTGAAG,1
AATATTCAAACGAGAACTTTGAAGG,1
ATATTCAAACGAGAACTTTGAAGGC,1
TATTCAAACGAGAACTTTGAAGGCC,1
ATTCAAACGAGAACTTTGAAGGCCG,1
TTCAAACGAGAACTTTGAAGGCCGA,1
TCAAACGAGAACTTTGAAGGCCGAA,1
CAAACGAGAACTTTGAAGGCCGAAG,1
AAACGAGAACTTTGAAGGCCGAAGT,1
AACGAGAACTTTGAAGGCCGAAGTG,1
ACGAGAACTTTGAAGGCCGAAGTGG,1
CGAGAACTTTGAAGGCCGAAGTGGA,1
GAGAACTTTGAAGGCCGAAGTGGAG,1
AGAACTTTGAAGGCCGAAGTGGAGA,1
GAACTTTGAAGGCCGAAGTGGAGAA,1
AACTTTGAAGGCCGAAGTGGAGAAG,1
ACTTTGAAGGCCGAAGTGGAGAAGG,1
CTTTGAAGGCCGAAGTGGAGAAGGG,1
TTTGAAGGCCGAAGTGGAGAAGGGT,1
TTGAAGGCCGAAGTGGAGAAGGGTT,1
TGAAGGCCGAAGTGGAGAAGGGTTC,1
GAAGGCCGAAGTGGAGAAGGGTTCC,1
AAGGCCGAAGTGGAGAAGGGTTCCA,1
AGGCCGAAGTGGAGAAGGGTTCCAT,1
GGCCGAAGTGGAGAAGGGTTCCATG,1
GCCGAAGTGGAGAAGGGTTCCATGT,1
CCGAAGTGGAGAAGGGTTCCATGTG,1
CGAAGTGGAGAAGGGTTCCATGTGA,1
GAAGTGGAGAAGGGTTCCATGTGAA,1
AAGTGGAGAAGGGTTCCATGTGAAC,1
AGTGGAGAAGGGTTCCATGTGAACA,1
GTGGAGAAGGGTTCCATGTGAACAG,1
TGGAGAAGGGTTCCATGTGAACAGC,1
GGAGAAGGGTTCCATGTGAACAGCA,1
GAGAAGGGTTCCATGTGAACAGCAG,1
AGAAGGGTTCCATGTGAACAGCAGT,1
GAAGGGTTCCATGTGAACAGCAGTT,1
AAGGGTTCCATGTGAACAGCAGTTG,1
AGGGTTCCATGTGAACAGCAGTTGA,1
GGGTTCCATGTGAACAGCAGTTGAA,1
GGTTCCATGTGAACAGCAGTTGAAC,1
GTTCCATGTGAACAGCAGTTGAACA,1
TTCCATGTGAACAGCAGTTGAACAT,1
TCCATGTGAACAGCAGTTGAACATG,1
CCATGTGAACAGCAGTTGAACATGG,1
CATGTGAACAGCAGTTGAACATGGG,1
ATGTGAACAGCAGTTGAACATGGGT,1
TGTGAACAGCAGTTGAACATGGGTC,1
GTGAACAGCAGTTGAACATGGGTCA,1
TGAACAGCAGTTGAACATGGGTCAG,1
GAACAGCAGTTGAACATGGGTCAGT,1
AACAGCAGTTGAACATGGGTCAGTC,1
ACAGCAGTTGAACATGGGTCAGTCG,1
CCCCTCTCTACGCATTCTATATATA,1
CCCTCTCTACGCATTCTATATATAA,1
CCTCTCTACGCATTCTATATATAAT,1
CTCTCTACGCATTCTATATATAATA,1
TCTCTACGCATTCTATATATAATAG,1
CTCTACGCATTCTATATATAATAGA,1
TCTACGCATTCTATATATAATAGAC,1
CTACGCATTCTATATATAATAGACG,1
TACGCATTCTATATATAATAGACGA,1
ACGCATTCTATATATAATAGACGAA,1
CGCATTCTATATATAATAGACGAAA,1
GCATTCTATATATAATAGACGAAAT,1
CATTCTATATATAATAGACGAAATC,1
ATTCTATATATAATAGACGAAATCA,1
TTCTATATATAATAGACGAAATCAA,1
TCTATATATAATAGACGAAATCAAC,1
CTATATATAATAGACGAAATCAACA,1
TATATATAATAGACGAAATCAACAA,1
ATATATAATAGACGAAATCAACAAC,1
TATATAATAGACGAAATCAACAACC,1
ATATAATAGACGAAATCAACAACCC,1
TATAATAGACGAAATCAACAACCCC,1
ATAATAGACGAAATCAACAACCCCG,1
TAATAGACGAAATCAACAACCCCGT,1
AATAGACGAAATCAACAACCCCGTA,1
ATAGACGAAATCAACAACCCCGTAT,1
TAGACGAAATCAACAACCCCGTATT,1
AGACGAAATCAACAACCCCGTATTA,1
GACGAAATCAACAACCCCGTATTAA,1
ACGAAATCAACAACCCCGTATTAAC,1
CGAAATCAACAACCCCGTATTAACC,1
GAAATCAACAACCCCGTATTAACCG,1
AAATCAACAACCCCGTATTAACCGT,1
AATCAACAACCCCGTATTAACCGTT,1
ATCAACAACCCCGTATTAACCGTTA,1
TCAACAACCCCGTATTAACCGTTAA,1
CAACAACCCCGTATTAACCGTTAAA,1
AACAACCCCGTATTAACCGTTAAAA,1
ACAACCCCGTATTAACCGTTAAAAC,1
CAACCCCGTATTAACCGTTAAAACC,1
AACCCCGTATTAACCGTTAAAACCA,1
ACCCCGTATTAACCGTTAAAACCAT,1
CCCCGTATTAACCGTTAAAACCATA,1
CCCGTATTAACCGTTAAAACCATAG,1
CCGTATTAACCGTTAAAACCATAGG,1
CGTATTAACCGTTAAAACCATAGGG,1
GTATTAACCGTTAAAACCATAGGGC,1
TATTAACCGTTAAAACCATAGGGCA,1
ATTAACCGTTAAAACCATAGGGCAC,1
TTAACCGTTAAAACCATAGGGCACC,1
TAACCGTTAAAACCATAGGGCACCA,1
AACCGTTAAAACCATAGGGCACCAA,1
ACCGTTAAAACCATAGGGCACCAAT,1
CCGTTAAAACCATAGGGCACCAATG,1
CGTTAAAACCATAGGGCACCAATGA,1
GTTAAAACCATAGGGCACCAATGAT,1
TTAAAACCATAGGGCACCAATGATA,1
TAAAACCATAGGGCACCAATGATAC,1
AAAACCATAGGGCACCAATGATACT,1
AAACCATAGGGCACCAATGATACTG,1
AACCATAGGGCACCAATGATACTGA,1
ACCATAGGGCACCAATGATACTGAA,1
CCATAGGGCACCAATGATACTGAAG,1
CATAGGGCACCAATGATACTGAAGC,1
ATAGGGCACCAATGATACTGAAGCT,1
TAGGGCACCAATGATACTGAAGCTA,1
AGGGCACCAATGATACTGAAGCTAC,1
GGGCACCAATGATACTGAAGCTACG,1
GGCACCAATGATACTGAAGCTACGA,1
GCACCAATGATACTGAAGCTACGAA,1
CACCAATGATACTGAAGCTACGAAT,1
ACCAATGATACTGAAGCTACGAATA,1
CCAATGATACTGAAGCTACGAATAT,1
CAATGATACTGAAGCTACGAATATA,1
AATGATACTGAAGCTACGAATATAC,1
ATGATACTGAAGCTACGAATATACT,1
CGGACTGGCTGTCATGGGCCAGAAC,1
GGACTGGCTGTCATGGGCCAGAACT,1
GACTGGCTGTCATGGGCCAGAACTT,1
ACTGGCTGTCATGGGCCAGAACTTA,1
CTGGCTGTCATGGGCCAGAACTTAA,1
TGGCTGTCATGGGCCAGAACTTAAT,1
GGCTGTCATGGGCCAGAACTTAATT,1
GCTGTCATGGGCCAGAACTTAATTT,1
CTGTCATGGGCCAGAACTTAATTTT,1
TGTCATGGGCCAGAACTTAATTTTG,1
GTCATGGGCCAGAACTTAATTTTGA,1
TCATGGGCCAGAACTTAATTTTGAA,1
CATGGGCCAGAACTTAATTTTGAAC,1
ATGGGCCAGAACTTAATTTTGAACA,1
TGGGCCAGAACTTAATTTTGAACAT,1
GGGCCAGAACTTAATTTTGAACATG,1
GGCCAGAACTTAATTTTGAACATGA,1
GCCAGAACTTAATTTTGAACATGAA,1
CCAGAACTTAATTTTGAACATGAAT,1
CAGAACTTAATTTTGAACATGAATG,1
AGAACTTAATTTTGAACATGAATGA,1
GAACTTAATTTTGAACATGAATGAT,1
AACTTAATTTTGAACATGAATGATC,1
ACTTAATTTTGAACATGAATGATCA,1
CTTAATTTTGAACATGAATGATCAT,1
TTAATTTTGAACATGAATGATCATG,1
TAATTTTGAACATGAATGATCATGG,1
AATTTTGAACATGAATGATCATGGA,1
ATTTTGAACATGAATGATCATGGAT,1
TTTTGAACATGAATGATCATGGATT,1
TTTGAACATGAATGATCATGGATTT,1
TTGAACATGAATGATCATGGATTTG,1
TGAACATGAATGATCATGGATTTGT,1
GAACATGAATGATCATGGATTTGTG,1
AACATGAATGATCATGGATTTGTGG,1
ACATGAATGATCATGGATTTGTGGT,1
CATGAATGATCATGGATTTGTGGTC,1
ATGAATGATCATGGATTTGTGGTCT,1
TGAATGATCATGGATTTGTGGTCTG,1
GAATGATCATGGATTTGTGGTCTGT,1
AATGATCATGGATTTGTGGTCTGTG,1
ATGATCATGGATTTGTGGTCTGTGC,1
TGATCATGGATTTGTGGTCTGTGCT,1
GATCATGGATTTGTGGTCTGTGCTT,1
ATCATGGATTTGTGGTCTGTGCTTT,1
TCATGGATTTGTGGTCTGTGCTTTC,1
CATGGATTTGTGGTCTGTGCTTTCA,1
ATGGATTTGTGGTCTGTGCTTTCAA,1
TGGATTTGTGGTCTGTGCTTTCAAT,1
GGATTTGTGGTCTGTGCTTTCAATA,1
GATTTGTGGTCTGTGCTTTCAATAG,1
ATTTGTGGTCTGTGCTTTCAATAGG,1
TTTGTGGTCTGTGCTTTCAATAGGA,1
TTGTGGTCTGTGCTTTCAATAGGAC,1
TGTGGTCTGTGCTTTCAATAGGACA,1
GTGGTCTGTGCTTTCAATAGGACAG,1
TGGTCTGTGCTTTCAATAGGACAGT,1
GGTCTGTGCTTTCAATAGGACAGTC,1
GTCTGTGCTTTCAATAGGACAGTCT,1
TCTGTGCTTTCAATAGGACAGTCTC,1
CTGTGCTTTCAATAGGACAGTCTCC,1
TGTGCTTTCAATAGGACAGTCTCCA,1
GTGCTTTCAATAGGACAGTCTCCAA,1
TGCTTTCAATAGGACAGTCTCCAAA,1
GCTTTCAATAGGACAGTCTCCAAAG,1
CTTTCAATAGGACAGTCTCCAAAGT,1
TTTCAATAGGACAGTCTCCAAAGTC,1
TTCAATAGGACAGTCTCCAAAGTCG,1
TCAATAGGACAGTCTCCAAAGTCGA,1
CAATAGGACAGTCTCCAAAGTCGAT,1
AATAGGACAGTCTCCAAAGTCGATG,1
ATAGGACAGTCTCCAAAGTCGATGA,1
TAGGACAGTCTCCAAAGTCGATGAC,1
AGGACAGTCTCCAAAGTCGATGACT,1
GGACAGTCTCCAAAGTCGATGACTT,1
GACAGTCTCCAAAGTCGATGACTTC,1
CTCCTACACTGACATCGCTGACCTG,1
TCCTACACTGACATCGCTGACCTGA,1
CCTACACTGACATCGCTGACCTGAT,1
CTACACTGACATCGCTGACCTGATG,1
TACACTGACATCGCTGACCTGATGG,1
ACACTGACATCGCTGACCTGATGGA,1
CACTGACATCGCTGACCTGATGGAT,1
ACTGACATCGCTGACCTGATGGATG,1
CTGACATCGCTGACCTGATGGATGC,1
TGACATCGCTGACCTGATGGATGCT,1
GACATCGCTGACCTGATGGATGCTG,1
ACATCGCTGACCTGATGGATGCTGG,1
CATCGCTGACCTGATGGATGCTGGG,1
ATCGCTGACCTGATGGATGCTGGGA,1
TCGCTGACCTGATGGATGCTGGGAA,1
CGCTGACCTGATGGATGCTGGGAAC,1
GCTGACCTGATGGATGCTGGGAACA,1
CTGACCTGATGGATGCTGGGAACAA,1
TGACCTGATGGATGCTGGGAACAAA,1
GACCTGATGGATGCTGGGAACAAAG,1
ACCTGATGGATGCTGGGAACAAAGC,1
CCTGATGGATGCTGGGAACAAAGCC,1
CTGATGGATGCTGGGAACAAAGCCA,1
TGATGGATGCTGGGAACAAAGCCAG,1
GATGGATGCTGGGAACAAAGCCAGG,1
ATGGATGCTGGGAACAAAGCCAGGA,1
TGGATGCTGGGAACAAAGCCAGGAC,1
GGATGCTGGGAACAAAGCCAGGACT,1
GATGCTGGGAACAAAGCCAGGACTG,1
ATGCTGGGAACAAAGCCAGGACTGT,1
TGCTGGGAACAAAGCCAGGACTGTG,1
GCTGGGAACAAAGCCAGGACTGTGG,1
CTGGGAACAAAGCCAGGACTGTGGC,1
TGGGAACAAAGCCAGGACTGTGGCA,1
GGGAACAAAGCCAGGACTGTGGCAG,1
GGAACAAAGCCAGGACTGTGGCAGC,1
GAACAAAGCCAGGACTGTGGCAGCT,1
AACAAAGCCAGGACTGTGGCAGCTA,1
ACAAAGCCAGGACTGTGGCAGCTAC,1
CAAAGCCAGGACTGTGGCAGCTACC,1
AAAGCCAGGACTGTGGCAGCTACCA,1
AAGCCAGGACTGTGGCAGCTACCAA,1
AGCCAGGACTGTGGCAGCTACCAAC,1
GCCAGGACTGTGGCAGCTACCAACA,1
CCAGGACTGTGGCAGCTACCAACAT,1
CAGGACTGTGGCAGCTACCAACATG,1
AGGACTGTGGCAGCTACCAACATGA,1
GGACTGTGGCAGCTACCAACATGAA,1
GACTGTGGCAGCTACCAACATGAAT,1
ACTGTGGCAGCTACCAACATGAATG,1
CTGTGGCAGCTACCAACATGAATGA,1
TGTGGCAGCTACCAACATGAATGAG,1
GTGGCAGCTACCAACATGAATGAGA,1
TGGCAGCTACCAACATGAATGAGAC,1
GGCAGCTACCAACATGAATGAGACA,1
GCAGCTACCAACATGAATGAGACAA,1
CAGCTACCAACATGAATGAGACAAG,1
AGCTACCAACATGAATGAGACAAGC,1
GCTACCAACATGAATGAGACAAGCA,1
CTACCAACATGAATGAGACAAGCAG,1
TACCAACATGAATGAGACAAGCAGC,1
ACCAACATGAATGAGACAAGCAGCC,1
CCAACATGAATGAGACAAGCAGCCG,1
CAACATGAATGAGACAAGCAGCCGT,1
AACATGAATGAGACAAGCAGCCGTT,1
ACATGAATGAGACAAGCAGCCGTTC,1
CATGAATGAGACAAGCAGCCGTTCT,1
ATGAATGAGACAAGCAGCCGTTCTC,1
TGAATGAGACAAGCAGCCGTTCTCA,1
GAATGAGACAAGCAGCCGTTCTCAC,1
AATGAGACAAGCAGCCGTTCTCACG,1
ATGAGACAAGCAGCCGTTCTCACGC,1
TGAGACAAGCAGCCGTTCTCACGCT,1
GAGACAAGCAGCCGTTCTCACGCTG,1
AGACAAGCAGCCGTTCTCACGCTGT,1
GACAAGCAGCCGTTCTCACGCTGTG,1
ATTTTTAAATTAGTATGTTGAGATT,1
TTTTTAAATTAGTATGTTGAGATTC,1
TTTTAAATTAGTATGTTGAGATTCT,1
TTTAAATTAGTATGTTGAGATTCTG,1
TTAAATTAGTATGTTGAGATTCTGA,1
TAAATTAGTATGTTGAGATTCTGAA,1
AAATTAGTATGTTGAGATTCTGAAT,1
AATTAGTATGTTGAGATTCTGAATA,1
ATTAGTATGTTGAGATTCTGAATAT,1
TTAGTATGTTGAGATTCTGAATATT,1
TAGTATGTTGAGATTCTGAATATTA,1
AGTATGTTGAGATTCTGAATATTAT,1
GTATGTTGAGATTCTGAATATTATG,1
TATGTTGAGATTCTGAATATTATGG,1
ATGTTGAGATTCTGAATATTATGGT,1
TGTTGAGATTCTGAATATTATGGTG,1
GTTGAGATTCTGAATATTATGGTGG,1
TTGAGATTCTGAATATTATGGTGGC,1
TGAGATTCTGAATATTATGGTGGCC,1
GAGATTCTGAATATTATGGTGGCCT,1
AGATTCTGAATATTATGGTGGCCTA,1
GATTCTGAATATTATGGTGGCCTAA,1
ATTCTGAATATTATGGTGGCCTAAA,1
TTCTGAATATTATGGTGGCCTAAAG,1
TCTGAATATTATGGTGGCCTAAAGT,1
CTGAATATTATGGTGGCCTAAAGTA,1
TGAATATTATGGTGGCCTAAAGTAC,1
GAATATTATGGTGGCCTAAAGTACG,1
AATATTATGGTGGCCTAAAGTACGC,1
ATATTATGGTGGCCTAAAGTACGCT,1
TATTATGGTGGCCTAAAGTACGCTT,1
ATTATGGTGGCCTAAAGTACGCTTC,1
TTATGGTGGCCTAAAGTACGCTTCT,1
TATGGTGGCCTAAAGTACGCTTCTT,1
ATGGTGGCCTAAAGTACGCTTCTTA,1
TGGTGGCCTAAAGTACGCTTCTTAG,1
GGTGGCCTAAAGTACGCTTCTTAGT,1
GTGGCCTAAAGTACGCTTCTTAGTG,1
TGGCCTAAAGTACGCTTCTTAGTGC,1
GGCCTAAAGTACGCTTCTTAGTGCA,1
GCCTAAAGTACGCTTCTTAGTGCAC,1
CCTAAAGTACGCTTCTTAGTGCACC,1
CTAAAGTACGCTTCTTAGTGCACCA,1
TAAAGTACGCTTCTTAGTGCACCAA,1
AAAGTACGCTTCTTAGTGCACCAAA,1
AAGTACGCTTCTTAGTGCACCAAAT,1
AGTACGCTTCTTAGTGCACCAAATT,1
GTACGCTTCTTAGTGCACCAAATTA,1
TACGCTTCTTAGTGCACCAAATTAT,1
ACGCTTCTTAGTGCACCAAATTATT,1
CGCTTCTTAGTGCACCAAATTATTT,1
GCTTCTTAGTGCACCAAATTATTTA,1
CTTCTTAGTGCACCAAATTATTTAT,1
TTCTTAGTGCACCAAATTATTTATA,1
TCTTAGTGCACCAAATTATTTATAC,1
CTTAGTGCACCAAATTATTTATACC,1
TTAGTGCACCAAATTATTTATACCA,1
TAGTGCACCAAATTATTTATACCAT,1
AGTGCACCAAATTATTTATACCATA,1
GTGCACCAAATTATTTATACCATAA,1
TGCACCAAATTATTTATACCATAAA,1
GCACCAAATTATTTATACCATAAAT,1
CACCAAATTATTTATACCATAAATT,1
ACCAAATTATTTATACCATAAATTT,1
CCAAATTATTTATACCATAAATTTA,1
CAAATTATTTATACCATAAATTTAT,1
AAATTATTTATACCATAAATTTATA,1
AATTATTTATACCATAAATTTATAG,1
ATTATTTATACCATAAATTTATAGA,1
TTATTTATACCATAAATTTATAGAT,1
TATTTATACCATAAATTTATAGATA,1
ATTTATACCATAAATTTATAGATAT,1
TTTATACCATAAATTTATAGATATT,1
TTATACCATAAATTTATAGATATTT,1
TATACCATAAATTTATAGATATTTT,1
ATACCATAAATTTATAGATATTTTA,1
ATCTGCCACAAGTGTTCCCTTCGCT,1
TCTGCCACAAGTGTTCCCTTCGCTG,1
CTGCCACAAGTGTTCCCTTCGCTGC,1
TGCCACAAGTGTTCCCTTCGCTGCA,1
GCCACAAGTGTTCCCTTCGCTGCAA,1
CCACAAGTGTTCCCTTCGCTGCAAC,1
CACAAGTGTTCCCTTCGCTGCAACA,1
ACAAGTGTTCCCTTCGCTGCAACAG,1
CAAGTGTTCCCTTCGCTGCAACAGC,1
AAGTGTTCCCTTCGCTGCAACAGCC,1
AGTGTTCCCTTCGCTGCAACAGCCA,1
GTGTTCCCTTCGCTGCAACAGCCAC,1
TGTTCCCTTCGCTGCAACAGCCACA,1
GTTCCCTTCGCTGCAACAGCCACAG,1
TTCCCTTCGCTGCAACAGCCACAGC,1
TCCCTTCGCTGCAACAGCCACAGCC,1
CCCTTCGCTGCAACAGCCACAGCCA,1
CCTTCGCTGCAACAGCCACAGCCAA,1
CTTCGCTGCAACAGCCACAGCCAAC,1
TTCGCTGCAACAGCCACAGCCAACC,1
TCGCTGCAACAGCCACAGCCAACCA,1
CGCTGCAACAGCCACAGCCAACCAG,1
GCTGCAACAGCCACAGCCAACCAGA,1
CTGCAACAGCCACAGCCAACCAGAT,1
TGCAACAGCCACAGCCAACCAGATA,1
GCAACAGCCACAGCCAACCAGATAC,1
CAACAGCCACAGCCAACCAGATACC,1
AACAGCCACAGCCAACCAGATACCC,1
ACAGCCACAGCCAACCAGATACCCA,1
CAGCCACAGCCAACCAGATACCCAT,1
AGCCACAGCCAACCAGATACCCATA,1
GCCACAGCCAACCAGATACCCATAA,1
CCACAGCCAACCAGATACCCATAAT,1
CACAGCCAACCAGATACCCATAATA,1
ACAGCCAACCAGATACCCATAATAT,1
CAGCCAACCAGATACCCATAATATC,1
AGCCAACCAGATACCCATAATATCT,1
GCCAACCAGATACCCATAATATCTG,1
CCAACCAGATACCCATAATATCTGC,1
CAACCAGATACCCATAATATCTGCC,1
AACCAGATACCCATAATATCTGCCG,1
ACCAGATACCCATAATATCTGCCGA,1
CCAGATACCCATAATATCTGCCGAA,1
CAGATACCCATAATATCTGCCGAAC,1
AGATACCCATAATATCTGCCGAACA,1
GATACCCATAATATCTGCCGAACAT,1
ATACCCATAATATCTGCCGAACATC,1
TACCCATAATATCTGCCGAACATCT,1
ACCCATAATATCTGCCGAACATCTG,1
CCCATAATATCTGCCGAACATCTGA,1
CCATAATATCTGCCGAACATCTGAC,1
CATAATATCTGCCGAACATCTGACT,1
ATAATATCTGCCGAACATCTGACTA,1
TAATATCTGCCGAACATCTGACTAG,1
AATATCTGCCGAACATCTGACTAGC,1
ATATCTGCCGAACATCTGACTAGCC,1
TATCTGCCGAACATCTGACTAGCCA,1
ATCTGCCGAACATCTGACTAGCCAC,1
TCTGCCGAACATCTGACTAGCCACA,1
CTGCCGAACATCTGACTAGCCACAA,1
TGCCGAACATCTGACTAGCCACAAG,1
GCCGAACATCTGACTAGCCACAAGT,1
CCGAACATCTGACTAGCCACAAGTA,1
CGAACATCTGACTAGCCACAAGTAT,1
GAACATCTGACTAGCCACAAGTATG,1
AACATCTGACTAGCCACAAGTATGT,1
ACATCTGACTAGCCACAAGTATGTT,1
CATCTGACTAGCCACAAGTATGTTA,1
ATCTGACTAGCCACAAGTATGTTAC,1
TCTGACTAGCCACAAGTATGTTACC,1
CTGACTAGCCACAAGTATGTTACCC,1
TGACTAGCCACAAGTATGTTACCCA,1
GACTAGCCACAAGTATGTTACCCAG,1
ACTAGCCACAAGTATGTTACCCAGA,1
CTAGCCACAAGTATGTTACCCAGAT,1
TAGCCACAAGTATGTTACCCAGATG,1
TACGTGTGTGTGTGTGTGTGTGTGT,1
ACGTGTGTGTGTGTGTGTGTGTGTG,1
CGTGTGTGTGTGTGTGTGTGTGTGT,1
GTGTGTGTGTGTGTGTGTGTGTGTT,1
TGTGTGTGTGTGTGTGTGTGTGTTT,1
GTGTGTGTGTGTGTGTGTGTGTTTC,1
TGTGTGTGTGTGTGTGTGTGTTTCC,1
GTGTGTGTGTGTGTGTGTGTTTCCT,1
TGTGTGTGTGTGTGTGTGTTTCCTG,1
GTGTGTGTGTGTGTGTGTTTCCTGT,1
TGTGTGTGTGTGTGTGTTTCCTGTA,1
GTGTGTGTGTGTGTGTTTCCTGTAC,1
TGTGTGTGTGTGTGTTTCCTGTACA,1
GTGTGTGTGTGTGTTTCCTGTACAT,1
TGTGTGTGTGTGTTTCCTGTACATC,1
GTGTGTGTGTGTTTCCTGTACATCT,1
TGTGTGTGTGTTTCCTGTACATCTT,1
GTGTGTGTGTTTCCTGTACATCTTT,1
TGTGTGTGTTTCCTGTACATCTTTA,1
GTGTGTGTTTCCTGTACATCTTTAG,1
TGTGTGTTTCCTGTACATCTTTAGT,1
GTGTGTTTCCTGTACATCTTTAGTA,1
TGTGTTTCCTGTACATCTTTAGTAT,1
GTGTTTCCTGTACATCTTTAGTATG,1
TGTTTCCTGTACATCTTTAGTATGC,1
GTTTCCTGTACATCTTTAGTATGCA,1
TTTCCTGTACATCTTTAGTATGCAG,1
TTCCTGTACATCTTTAGTATGCAGG,1
TCCTGTACATCTTTAGTATGCAGGT,1
CCTGTACATCTTTAGTATGCAGGTT,1
CTGTACATCTTTAGTATGCAGGTTA,1
TGTACATCTTTAGTATGCAGGTTAT,1
GTACATCTTTAGTATGCAGGTTATT,1
TACATCTTTAGTATGCAGGTTATTT,1
ACATCTTTAGTATGCAGGTTATTTT,1
CATCTTTAGTATGCAGGTTATTTTT,1
ATCTTTAGTATGCAGGTTATTTTTG,1
TCTTTAGTATGCAGGTTATTTTTGT,1
CTTTAGTATGCAGGTTATTTTTGTT,1
TTTAGTATGCAGGTTATTTTTGTTT,1
TTAGTATGCAGGTTATTTTTGTTTA,1
TAGTATGCAGGTTATTTTTGTTTAC,1
AGTATGCAGGTTATTTTTGTTTACT,1
GTATGCAGGTTATTTTTGTTTACTT,1
TATGCAGGTTATTTTTGTTTACTTG,1
ATGCAGGTTATTTTTGTTTACTTGA,1
TGCAGGTTATTTTTGTTTACTTGAC,1
GCAGGTTATTTTTGTTTACTTGACA,1
CAGGTTATTTTTGTTTACTTGACAC,1
AGGTTATTTTTGTTTACTTGACACA,1
GGTTATTTTTGTTTACTTGACACAA,1
GTTATTTTTGTTTACTTGACACAAA,1
TTATTTTTGTTTACTTGACACAAAA,1
TATTTTTGTTTACTTGACACAAAAC,1
ATTTTTGTTTACTTGACACAAAACT,1
TTTTTGTTTACTTGACACAAAACTA,1
TTTTGTTTACTTGACACAAAACTAG,1
TTTGTTTACTTGACACAAAACTAGA,1
TTGTTTACTTGACACAAAACTAGAC,1
TGTTTACTTGACACAAAACTAGACC,1
GTTTACTTGACACAAAACTAGACCT,1
TTTACTTGACACAAAACTAGACCTA,1
TTACTTGACACAAAACTAGACCTAT,1
TACTTGACACAAAACTAGACCTATC,1
ACTTGACACAAAACTAGACCTATCA,1
CTTGACACAAAACTAGACCTATCAG,1
TTGACACAAAACTAGACCTATCAGG,1
TGACACAAAACTAGACCTATCAGGG,1
GACACAAAACTAGACCTATCAGGGA,1
ACACAAAACTAGACCTATCAGGGAA,1
CTTTGGCCGTGGTCAGCAGCCACTG,1
TTTGGCCGTGGTCAGCAGCCACTGG,1
TTGGCCGTGGTCAGCAGCCACTGGT,1
TGGCCGTGGTCAGCAGCCACTGGTC,1
GGCCGTGGTCAGCAGCCACTGGTCA,1
GCCGTGGTCAGCAGCCACTGGTCAC,1
CCGTGGTCAGCAGCCACTGGTCACT,1
CGTGGTCAGCAGCCACTGGTCACTG,1
GTGGTCAGCAGCCACTGGTCACTGA,1
TGGTCAGCAGCCACTGGTCACTGAT,1
GGTCAGCAGCCACTGGTCACTGATC,1
GTCAGCAGCCACTGGTCACTGATCA,1
TCAGCAGCCACTGGTCACTGATCAA,1
CAGCAGCCACTGGTCACTGATCAAC,1
AGCAGCCACTGGTCACTGATCAACG,1
GCAGCCACTGGTCACTGATCAACGT,1
CAGCCACTGGTCACTGATCAACGTG,1
AGCCACTGGTCACTGATCAACGTGG,1
GCCACTGGTCACTGATCAACGTGGC,1
CCACTGGTCACTGATCAACGTGGCC,1
CACTGGTCACTGATCAACGTGGCCC,1
ACTGGTCACTGATCAACGTGGCCCC,1
CTGGTCACTGATCAACGTGGCCCCG,1
TGGTCACTGATCAACGTGGCCCCGG,1
GGTCACTGATCAACGTGGCCCCGGT,1
GTCACTGATCAACGTGGCCCCGGTG,1
TCACTGATCAACGTGGCCCCGGTGG,1
CACTGATCAACGTGGCCCCGGTGGA,1
ACTGATCAACGTGGCCCCGGTGGAG,1
CTGATCAACGTGGCCCCGGTGGAGT,1
TGATCAACGTGGCCCCGGTGGAGTC,1
GATCAACGTGGCCCCGGTGGAGTCC,1
ATCAACGTGGCCCCGGTGGAGTCCG,1
TCAACGTGGCCCCGGTGGAGTCCGT,1
CAACGTGGCCCCGGTGGAGTCCGTG,1
AACGTGGCCCCGGTGGAGTCCGTGG,1
ACGTGGCCCCGGTGGAGTCCGTGGC,1
CGTGGCCCCGGTGGAGTCCGTGGCG,1
GTGGCCCCGGTGGAGTCCGTGGCGG,1
TGGCCCCGGTGGAGTCCGTGGCGGG,1
GGCCCCGGTGGAGTCCGTGGCGGGA,1
GCCCCGGTGGAGTCCGTGGCGGGAG,1
CCCCGGTGGAGTCCGTGGCGGGAGA,1
CCCGGTGGAGTCCGTGGCGGGAGAT,1
CCGGTGGAGTCCGTGGCGGGAGATC,1
CGGTGGAGTCCGTGGCGGGAGATCA,1
GGTGGAGTCCGTGGCGGGAGATCAT,1
GTGGAGTCCGTGGCGGGAGATCATC,1
TGGAGTCCGTGGCGGGAGATCATCT,1
GGAGTCCGTGGCGGGAGATCATCTT,1
GAGTCCGTGGCGGGAGATCATCTTG,1
AGTCCGTGGCGGGAGATCATCTTGG,1
GTCCGTGGCGGGAGATCATCTTGGC,1
TCCGTGGCGGGAGATCATCTTGGCC,1
CCGTGGCGGGAGATCATCTTGGCCT,1
CGTGGCGGGAGATCATCTTGGCCTG,1
GTGGCGGGAGATCATCTTGGCCTGC,1
TGGCGGGAGATCATCTTGGCCTGCC,1
GGCGGGAGATCATCTTGGCCTGCCA,1
GCGGGAGATCATCTTGGCCTGCCAA,1
CGGGAGATCATCTTGGCCTGCCAAG,1
GGGAGATCATCTTGGCCTGCCAAGG,1
GGAGATCATCTTGGCCTGCCAAGGA,1
GAGATCATCTTGGCCTGCCAAGGAA,1
AGATCATCTTGGCCTGCCAAGGAAA,1
GATCATCTTGGCCTGCCAAGGAAAG,1
ATCATCTTGGCCTGCCAAGGAAAGC,1
TCATCTTGGCCTGCCAAGGAAAGCC,1
CATCTTGGCCTGCCAAGGAAAGCCG,1
ATCTTGGCCTGCCAAGGAAAGCCGC,1
TCTTGGCCTGCCAAGGAAAGCCGCC,1
CTTGGCCTGCCAAGGAAAGCCGCCT,1
TTGGCCTGCCAAGGAAAGCCGCCTT,1
TGGCCTGCCAAGGAAAGCCGCCTTT,1
GGCCTGCCAAGGAAAGCCGCCTTTG,1
GCCTGCCAAGGAAAGCCGCCTTTGG,1
CCAGCGTTGAAGTCAGGCAGGGCAA,1
CAGCGTTGAAGTCAGGCAGGGCAAT,1
AGCGTTGAAGTCAGGCAGGGCAATC,1
GCGTTGAAGTCAGGCAGGGCAATCT,1
CGTTGAAGTCAGGCAGGGCAATCTG,1
GTTGAAGTCAGGCAGGGCAATCTGG,1
TTGAAGTCAGGCAGGGCAATCTGGT,1
TGAAGTCAGGCAGGGCAATCTGGTC,1
GAAGTCAGGCAGGGCAATCTGGTCA,1
AAGTCAGGCAGGGCAATCTGGTCAG,1
AGTCAGGCAGGGCAATCTGGTCAGA,1
GTCAGGCAGGGCAATCTGGTCAGAC,1
TCAGGCAGGGCAATCTGGTCAGACT,1
CAGGCAGGGCAATCTGGTCAGACTT,1
AGGCAGGGCAATCTGGTCAGACTTT,1
GGCAGGGCAATCTGGTCAGACTTTG,1
GCAGGGCAATCTGGTCAGACTTTGG,1
CAGGGCAATCTGGTCAGACTTTGGT,1
AGGGCAATCTGGTCAGACTTTGGTA,1
GGGCAATCTGGTCAGACTTTGGTAG,1
GGCAATCTGGTCAGACTTTGGTAGA,1
GCAATCTGGTCAGACTTTGGTAGAG,1
CAATCTGGTCAGACTTTGGTAGAGG,1
AATCTGGTCAGACTTTGGTAGAGGG,1
ATCTGGTCAGACTTTGGTAGAGGGT,1
TCTGGTCAGACTTTGGTAGAGGGTA,1
CTGGTCAGACTTTGGTAGAGGGTAG,1
TGGTCAGACTTTGGTAGAGGGTAGG,1
GGTCAGACTTTGGTAGAGGGTAGGA,1
GTCAGACTTTGGTAGAGGGTAGGAT,1
TCAGACTTTGGTAGAGGGTAGGATG,1
CAGACTTTGGTAGAGGGTAGGATGT,1
AGACTTTGGTAGAGGGTAGGATGTA,1
GACTTTGGTAGAGGGTAGGATGTAT,1
ACTTTGGTAGAGGGTAGGATGTATT,1
CTTTGGTAGAGGGTAGGATGTATTA,1
TTTGGTAGAGGGTAGGATGTATTAT,1
TTGGTAGAGGGTAGGATGTATTATA,1
TGGTAGAGGGTAGGATGTATTATAA,1
GGTAGAGGGTAGGATGTATTATAAT,1
GTAGAGGGTAGGATGTATTATAATG,1
TAGAGGGTAGGATGTATTATAATGT,1
AGAGGGTAGGATGTATTATAATGTT,1
GAGGGTAGGATGTATTATAATGTTG,1
AGGGTAGGATGTATTATAATGTTGG,1
GGGTAGGATGTATTATAATGTTGGG,1
GGTAGGATGTATTATAATGTTGGGC,1
GTAGGATGTATTATAATGTTGGGCA,1
TAGGATGTATTATAATGTTGGGCAA,1
AGGATGTATTATAATGTTGGGCAAA,1
GGATGTATTATAATGTTGGGCAAAG,1
GATGTATTATAATGTTGGGCAAAGA,1
ATGTATTATAATGTTGGGCAAAGAA,1
TGTATTATAATGTTGGGCAAAGAAA,1
GTATTATAATGTTGGGCAAAGAAAT,1
TATTATAATGTTGGGCAAAGAAATT,1
ATTATAATGTTGGGCAAAGAAATTT,1
TTATAATGTTGGGCAAAGAAATTTA,1
TATAATGTTGGGCAAAGAAATTTAG,1
ATAATGTTGGGCAAAGAAATTTAGG,1
TAATGTTGGGCAAAGAAATTTAGGA,1
AATGTTGGGCAAAGAAATTTAGGAT,1
ATGTTGGGCAAAGAAATTTAGGATG,1
TGTTGGGCAAAGAAATTTAGGATGG,1
GTTGGGCAAAGAAATTTAGGATGGG,1
TTGGGCAAAGAAATTTAGGATGGGG,1
TGGGCAAAGAAATTTAGGATGGGGC,1
GGGCAAAGAAATTTAGGATGGGGCC,1
GGCAAAGAAATTTAGGATGGGGCCT,1
GCAAAGAAATTTAGGATGGGGCCTG,1
CAAAGAAATTTAGGATGGGGCCTGT,1
AAAGAAATTTAGGATGGGGCCTGTA,1
AAGAAATTTAGGATGGGGCCTGTAA,1
AGAAATTTAGGATGGGGCCTGTAAC,1
GAAATTTAGGATGGGGCCTGTAACG,1
AAATTTAGGATGGGGCCTGTAACGT,1
GTTTTAGCTTTCTGAGTGCTAGAAT,1
TTTTAGCTTTCTGAGTGCTAGAATT,1
TTTAGCTTTCTGAGTGCTAGAATTA,1
TTAGCTTTCTGAGTGCTAGAATTAC,1
TAGCTTTCTGAGTGCTAGAATTACT,1
AGCTTTCTGAGTGCTAGAATTACTG,1
GCTTTCTGAGTGCTAGAATTACTGC,1
CTTTCTGAGTGCTAGAATTACTGCC,1
TTTCTGAGTGCTAGAATTACTGCCA,1
TTCTGAGTGCTAGAATTACTGCCAA,1
TCTGAGTGCTAGAATTACTGCCAAT,1
CTGAGTGCTAGAATTACTGCCAATC,1
TGAGTGCTAGAATTACTGCCAATCA,1
GAGTGCTAGAATTACTGCCAATCAA,1
AGTGCTAGAATTACTGCCAATCAAG,1
GTGCTAGAATTACTGCCAATCAAGG,1
TGCTAGAATTACTGCCAATCAAGGA,1
GCTAGAATTACTGCCAATCAAGGAG,1
CTAGAATTACTGCCAATCAAGGAGT,1
TAGAATTACTGCCAATCAAGGAGTT,1
AGAATTACTGCCAATCAAGGAGTTT,1
GAATTACTGCCAATCAAGGAGTTTG,1
AATTACTGCCAATCAAGGAGTTTGA,1
ATTACTGCCAATCAAGGAGTTTGAA,1
TTACTGCCAATCAAGGAGTTTGAAA,1
TACTGCCAATCAAGGAGTTTGAAAT,1
ACTGCCAATCAAGGAGTTTGAAATG,1
CTGCCAATCAAGGAGTTTGAAATGA,1
TGCCAATCAAGGAGTTTGAAATGAG,1
GCCAATCAAGGAGTTTGAAATGAGC,1
CCAATCAAGGAGTTTGAAATGAGCT,1
CAATCAAGGAGTTTGAAATGAGCTG,1
AATCAAGGAGTTTGAAATGAGCTGG,1
ATCAAGGAGTTTGAAATGAGCTGGG,1
TCAAGGAGTTTGAAATGAGCTGGGA,1
CAAGGAGTTTGAAATGAGCTGGGAG,1
AAGGAGTTTGAAATGAGCTGGGAGT,1
AGGAGTTTGAAATGAGCTGGGAGTT,1
GGAGTTTGAAATGAGCTGGGAGTTG,1
GAGTTTGAAATGAGCTGGGAGTTGG,1
AGTTTGAAATGAGCTGGGAGTTGGT,1
GTTTGAAATGAGCTGGGAGTTGGTG,1
TTTGAAATGAGCTGGGAGTTGGTGC,1
TTGAAATGAGCTGGGAGTTGGTGCA,1
TGAAATGAGCTGGGAGTTGGTGCAC,1
GAAATGAGCTGGGAGTTGGTGCACG,1
AAATGAGCTGGGAGTTGGTGCACGC,1
AATGAGCTGGGAGTTGGTGCACGCC,1
ATGAGCTGGGAGTTGGTGCACGCCT,1
TGAGCTGGGAGTTGGTGCACGCCTT,1
GAGCTGGGAGTTGGTGCACGCCTTT,1
AGCTGGGAGTTGGTGCACGCCTTTA,1
GCTGGGAGTTGGTGCACGCCTTTAA,1
CTGGGAGTTGGTGCACGCCTTTAAT,1
TGGGAGTTGGTGCACGCCTTTAATC,1
GGGAGTTGGTGCACGCCTTTAATCC,1
GGAGTTGGTGCACGCCTTTAATCCT,1
GAGTTGGTGCACGCCTTTAATCCTA,1
AGTTGGTGCACGCCTTTAATCCTAG,1
GTTGGTGCACGCCTTTAATCCTAGC,1
TTGGTGCACGCCTTTAATCCTAGCA,1
TGGTGCACGCCTTTAATCCTAGCAC,1
GGTGCACGCCTTTAATCCTAGCACT,1
GTGCACGCCTTTAATCCTAGCACTT,1
TGCACGCCTTTAATCCTAGCACTTG,1
GCACGCCTTTAATCCTAGCACTTGG,1
CACGCCTTTAATCCTAGCACTTGGG,1
ACGCCTTTAATCCTAGCACTTGGGA,1
CGCCTTTAATCCTAGCACTTGGGAG,1
GCCTTTAATCCTAGCACTTGGGAGG,1
CCTTTAATCCTAGCACTTGGGAGGG,1
CTTTAATCCTAGCACTTGGGAGGGA,1
TTTAATCCTAGCACTTGGGAGGGAG,1
TTAATCCTAGCACTTGGGAGGGAGG,1
TAATCCTAGCACTTGGGAGGGAGGC,1
AATCCTAGCACTTGGGAGGGAGGCA,1
